	HT29_G1_1B_1	HT29_G1_1B_2	HT29_G1_1B_3	HT29_G1_2A_2	HT29_G1_2A_3	HT29_G1_3E_1	HT29_G1_3E_2	HT29_G1_3E_3	HT29_G1_3F_2	HT29_G1_3F_3	HT29_G1_4A_2	HT29_G1_4A_3	HT29_G1_4B_1	HT29_G1_4B_3	HT29_G1_4C_1	HT29_G1_4C_2	HT29_G1_4C_3	HT29_G1_4F_2	HT29_G1_4F_3	HT29_G1_5A_1	HT29_G1_5A_2	HT29_G1_5A_3	HT29_G1_5B_1	HT29_G1_5B_2	HT29_G1_5B_3	HT29_G1_5C_2	HT29_G1_5C_3	HT29_G1_5D_1	HT29_G1_5D_2	HT29_G1_5D_3	HT29_G1_5E_2	HT29_G1_5E_3	HT29_G1_5F_1	HT29_G1_5F_2	HT29_G1_5F_3	HT29_G2_4G_1	HT29_G2_4G_2	HT29_G2_4G_3	HT29_G2_4H_1	HT29_G2_4H_2	HT29_G2_4H_3	HT29_G2_5A_1	HT29_G2_5A_2	HT29_G2_5A_3	HT29_G2_5B_2	HT29_G2_5B_3	HT29_G2_5E_1	HT29_G2_5E_3	HT29_G2_5F_1	HT29_G2_5F_2	HT29_G2_5F_3	HT29_G2_5G_1	HT29_G2_5G_2	HT29_G2_5G_3	HT29_G2_5H_1	HT29_G2_5H_2	HT29_G2_5H_3	HT29_G2_6A_1	HT29_G2_6A_2	HT29_G2_6A_3	HT29_G2_6B_1	HT29_G2_6B_2	HT29_G2_6B_3	HT29_G2_6C_2	HT29_G2_6D_1	HT29_G2_6D_2	HT29_G2_6D_3	HT29_G2_6E_1	HT29_G2_6E_2	HT29_G2_6E_3	HT29_G2_6F_1	HT29_G2_6F_2	HT29_G2_6F_3	HT29_G2_6G_1	HT29_G2_6G_2	HT29_G2_6G_3	HT29Root1_1	HT29Root1_2	HT29Root1_3	HT29Root2_1	HT29Root2_2	HT29Root2_3
HT29_G1_1B_1	0	0.0150184626197419	0.010731534543565	0.0024506492815781	0.0184504236291462	0.00760250035067545	0.0166625125622691	0.00796923991155825	0.014915230424873	0.00441536289836547	0.018234155083442	0.0128643310949368	0.0197377403503955	0.00291033481424196	0.0495473717933103	0.0430326568690237	0.0317232672202938	0.0336987093306601	0.0112978653634805	0.00285837420597427	0.0121308318145174	0.0187190468064605	0.00739646906855821	0.00654161566639985	0.0196307497895688	0.00425155510250979	0.00947849288717469	0.0233982882392437	0.00684366785271568	0.00521338970119609	0.018243593414792	0.00663435209955866	0.0238938199343879	0.01808186791665	0.0302778469919458	0.0132980643055667	0.0191722030180316	0.0174469712050474	0.0190751593727445	0.00603972613256781	0.0069374267264022	0.0117092382427496	0.0147213624413054	0.0106887580503893	0.00385277121295198	0.00873950120064275	0.0123657732327031	0.0249174579390167	0.16847752713122	0.143295288684441	0.148389467746792	0.0153384525456898	0.00168808012956342	0.0162300689864845	0.0115814421740686	0.0176965191590812	0.0208055329332768	0.0302811678355102	0.0358481049995631	0.0293445593631114	0.0134406505086961	0.00952626490303819	0.0109401849836596	0.0097765570226402	0.0114401518529622	0.0154107580179041	0.01932795133582	0.00297360478021431	0.0149216054144269	0.0204686492959495	0.00214728246878636	0.0280862577045813	0.0199611276357226	0.013343656074589	0.0111408155186789	0.0125476078568063	0.0444706863656751	0.0079313211049149	0.0172785460369195	0.025625288654085	0.00658836011293873	0.0144957036066035
HT29_G1_1B_2	0.0150184626197419	0	0.0052179011275024	0.0174021327456506	0.00550219680637983	0.00760908466568355	0.00391851331191779	0.0178872753652559	0.00599314835707679	0.0125180718994036	0.00586828466856879	0.00309913254699665	0.00805492266799744	0.0171127773559349	0.0352144115846404	0.0280239768946252	0.0173060929124979	0.018759047422834	0.0233193960720486	0.0169021144072634	0.00668716970725928	0.00772737587014002	0.0077244698579016	0.0103100958177403	0.00462668105867515	0.0123164208277866	0.0207473228340213	0.00844382779677598	0.00885598990815946	0.00980556111185276	0.0299118841382506	0.00933530741932001	0.0186041523574438	0.00576186977352977	0.0164478718926437	0.0017755347858056	0.00481012999690173	0.00619661731386877	0.00546418342163494	0.0204925731140081	0.0107629716883432	0.0037904855219719	0.00233548107532297	0.0245017905879123	0.0177969956527104	0.00964737857324769	0.00658181924376023	0.0389676915099555	0.153715248874493	0.128417127883565	0.133518147424988	0.00235771188951242	0.0133907598384102	0.00176998902076456	0.00525227207041782	0.00400030139624701	0.0058341775817834	0.0163879723561921	0.0209644632595398	0.0245336455477778	0.00495584519573969	0.00880086687358695	0.00422980886975468	0.00561357218052782	0.00759596255686062	0.00242973745393906	0.00432455047087648	0.0166500939475313	0.0030841446739911	0.00547103478008987	0.0171646391459557	0.0130906650387477	0.00496369434201299	0.00169640334559386	0.0062930087442926	0.0159698993040464	0.0294631316216588	0.0174709924650071	0.00402011047277547	0.0106442796663795	0.00924771533475554	0.00721140749245438
HT29_G1_1B_3	0.010731534543565	0.0052179011275024	0	0.0129482068477134	0.0077270257751752	0.00320233049004142	0.00850757380884188	0.012676465706005	0.00897008821555512	0.00947127288970192	0.00755459442074397	0.00508332369644315	0.0126114313004932	0.0132387920706642	0.0403827973403827	0.0327357099992426	0.0210008478877565	0.0237044924784037	0.0205411484736277	0.0130693142111042	0.0028283745096921	0.00835331259375699	0.00457684628240805	0.00518340745017888	0.00942464025372578	0.00739019511933227	0.0155465896267802	0.0129844038622118	0.006206528765565	0.00577684873409235	0.0274525020978062	0.00436716611350707	0.0215875131725261	0.0103768328742583	0.0216591827450094	0.00353475493905544	0.0100140287017533	0.00691095451559115	0.0105190540306895	0.0166201588326363	0.00556637419476274	0.00428430525440393	0.00411131571139052	0.019476622394753	0.0140541416685991	0.00853414001785522	0.00786061662514732	0.0354647743082716	0.157970330487825	0.133090281821667	0.138177741039819	0.00472223951020559	0.00904383662306631	0.0069026709792476	0.00113477319340805	0.00900651245992764	0.0104795935223467	0.0216018769852866	0.0252580413479746	0.0276003400441973	0.00295068784327164	0.00370565793940836	0.00348335416571383	0.00118762459695565	0.00319479348950124	0.00478320920601303	0.0093480245193781	0.012915209731663	0.00420586102688145	0.0102130453895286	0.0128412972765495	0.0179763782354995	0.00972174240800863	0.00399995736704144	0.00169660982056491	0.0155762794160866	0.0341751503070104	0.0151405442512575	0.00885663233523311	0.0155936136604504	0.00658996307174144	0.00494341793763898
HT29_G1_2A_2	0.0024506492815781	0.0174021327456506	0.0129482068477134	0	0.0206224452200054	0.00989721242204473	0.0191119580997872	0.00741420801537528	0.0173414861514363	0.0065944089147151	0.0203637080839173	0.0153060958614385	0.0221694976375513	0.00279464175095104	0.0519945088563507	0.0454141873141774	0.0339365670261551	0.0361117971880003	0.0107211090121787	0.00295726100312134	0.0140901437394036	0.0207101370950289	0.00983071360219429	0.0083597119811023	0.022000191265798	0.00591637982359983	0.00818919686406413	0.025744461775345	0.00928762984500504	0.0076086910850929	0.0174143843547185	0.00869390731520922	0.0258993388171521	0.0205297749631282	0.0327255858085799	0.0156659330455056	0.0216094086625909	0.0195109106187796	0.0215238852613391	0.00459969857026595	0.00857558323529354	0.0141468467207311	0.0169984720506697	0.00845242283224188	0.00351051640948574	0.0110388319311087	0.0147778409672899	0.0231085812312635	0.170748721556879	0.145669232447616	0.150759808906018	0.0176161656125476	0.00401219531626186	0.0186498559668454	0.0137257893107004	0.02014148979222	0.0231616840250028	0.0327295078261333	0.0381559633044814	0.03120237928066	0.0155435811922095	0.0113175412591221	0.013363586773848	0.0120572995768541	0.0133107884247621	0.0176852075152376	0.0217201254498872	0.00335679457157619	0.0171534248576445	0.0228341363314246	0.000712837298780014	0.030483195438494	0.0223273349995446	0.0157380061573677	0.0131908453327301	0.0140741993993601	0.0468528103924349	0.00871356046817806	0.0197265283489809	0.0280269458429213	0.00902325038277885	0.0163822832763909
HT29_G1_2A_3	0.0184504236291462	0.00550219680637983	0.0077270257751752	0.0206224452200054	0	0.0109124593557152	0.00859814323415377	0.0191289687633481	0.0113495224331666	0.0169152796842227	0.000741186881362204	0.00850729100790859	0.0120830993218292	0.020954341751136	0.0346576040096548	0.0257375819806912	0.0133355112632607	0.0173503038919174	0.0279769280929036	0.0207795986831469	0.00693789066577929	0.00276694586986768	0.0118936958779866	0.0124823961900052	0.00467553713373894	0.0148805229096133	0.0220216203302644	0.00651454467879513	0.0133546111802991	0.0134672806157945	0.0347659639353109	0.011940329685146	0.0235018188376078	0.0100365759548496	0.0174146583186192	0.00626545120903733	0.00754581108270572	0.00197679884811346	0.00886272197284058	0.0243412255711035	0.0125816953125137	0.00890575632923219	0.00409809102389274	0.0265530379404003	0.021754837526454	0.0147924277213326	0.0120718741144041	0.043158274097863	0.150483718878628	0.125930547379321	0.131007187950937	0.00357830666346358	0.0167625851709091	0.00628967684315158	0.00689851441710831	0.00795011348580761	0.00486269496343992	0.0172822290961629	0.0178727003228501	0.0292816639047671	0.00514080084638143	0.00989689503442113	0.00896722397481542	0.00876423837887949	0.00794388525313982	0.00348656219179573	0.00533946301306902	0.0206102124165846	0.00363620872193148	0.00493652197409004	0.0205471418578158	0.0117270092766006	0.00471241563508196	0.00670796187809375	0.0075314101947137	0.0213882283940905	0.0271637406105684	0.0223162818077226	0.00832470514560911	0.00973023967895192	0.0137604157916839	0.00549009091754675
HT29_G1_3E_1	0.00760250035067545	0.00760908466568355	0.00320233049004142	0.00989721242204473	0.0109124593557152	0	0.010030762747497	0.0108480922983455	0.00940362779327681	0.00640970904478693	0.0107559787732823	0.00613290639878333	0.0137883663105422	0.010043177457967	0.0426938741631277	0.0355693622651478	0.0241344268554898	0.02636440974848	0.0174146375371236	0.00987066707133258	0.00531733763395236	0.0115019920856389	0.00209009041369827	0.00326626486801495	0.0121474987216197	0.00477504727956129	0.0135733626255557	0.0158584423779466	0.00362776529668411	0.00257706554927049	0.0243619420511748	0.00204767230791024	0.0211793623573208	0.0117474243721938	0.0236577333416766	0.00584012522117581	0.0121287672607393	0.0100960612742602	0.0123252416856207	0.0134305650938341	0.00401305607531747	0.00497605288141523	0.00711928337036414	0.0169476746492139	0.0108528926274669	0.00652441662823666	0.00748849564983354	0.0322649973577845	0.16097816162575	0.1359191907266	0.14101173260561	0.00773653939258803	0.00592386263055645	0.00903547043244423	0.00419838853237261	0.0108388270558701	0.0132868640197517	0.0236270728436784	0.0282655589825916	0.0271260571773763	0.00609333082120251	0.00406328607002353	0.00402317887238876	0.00217483313745575	0.00507195774130081	0.00780865218974047	0.0119273517966052	0.00971317074413063	0.00733642736617075	0.0129729129871534	0.00973573212808193	0.0206820976191704	0.012468187077606	0.00601539647184659	0.00410272194287358	0.0134082637758103	0.0370092902667657	0.0121732183051004	0.0105382499071815	0.0182465010490358	0.0039350766296093	0.00772191044954711
HT29_G1_3E_2	0.0166625125622691	0.00391851331191779	0.00850757380884188	0.0191119580997872	0.00859814323415377	0.010030762747497	0	0.0208175375679367	0.00329962275446076	0.0133072426428446	0.00914922751814361	0.00391550186072295	0.00417823991885459	0.0182673217878867	0.0329083723886219	0.0269910515731867	0.0180049474060064	0.0174124573568536	0.0232770383577714	0.0180293363123037	0.0104612010696684	0.0111793299575138	0.00934170425518707	0.0131427759460026	0.00534076336427011	0.014773706434594	0.0235884289837877	0.00870500917296895	0.0098921719748773	0.0116496874578247	0.0294449707629323	0.0120108561810181	0.0149337830516198	0.00188989756158932	0.0136928242468332	0.00507967702452707	0.00290922956028897	0.00977185381702076	0.00241799661990402	0.0215118996610448	0.01374028113715	0.00509679913363615	0.00624473918274892	0.0268338992853309	0.0188009864981287	0.00942023906717716	0.00533210359252648	0.0392915442872756	0.152971279341077	0.127087051550551	0.132203479838948	0.00617240510691781	0.0151836554571115	0.00238361131508155	0.00884885669842282	0.00126877695923966	0.00645786455690038	0.0136784481569146	0.0207634404593122	0.020786026015032	0.00884339246835501	0.01221264218675	0.00601746068986561	0.00848751842184965	0.0112939499754207	0.00622855778628138	0.00453168595575502	0.0177023304970812	0.00697371353083725	0.00600346824515066	0.0187476219836082	0.0121396962577811	0.0056366037162874	0.0045220634755657	0.00988104811211786	0.014451282888588	0.0284094931360261	0.0173144688995896	0.000692093233398644	0.00971160833829864	0.0102115692093453	0.0111297576726752
HT29_G1_3E_3	0.00796923991155825	0.0178872753652559	0.012676465706005	0.00741420801537528	0.0191289687633481	0.0108480922983455	0.0208175375679367	0	0.0201653745406767	0.0118785571175625	0.0186366303379422	0.0169588911615006	0.0246338206444056	0.0100978919077708	0.0530226154142966	0.0448472577455168	0.0321035569839749	0.036159507648039	0.0180493489257354	0.0102018748995889	0.0122325196862897	0.0182225790983303	0.0121321787084077	0.00767727658439704	0.0219722588211424	0.00642266447565969	0.00290602102954912	0.0252736067537009	0.0126272206723631	0.0100468315570938	0.024510987789327	0.008822051084748	0.0309698384682188	0.0225760609965404	0.034291079833823	0.0161608594662025	0.0226554423391864	0.0174924829644624	0.0230317050683606	0.0116670335341626	0.00713252890266643	0.0158175860138548	0.0165532705990561	0.00782613574073306	0.0109031658530395	0.0154226984344017	0.0179892091687811	0.0284799088165782	0.16886996648894	0.144837921268718	0.149893599070551	0.0171102675193054	0.00794070082948919	0.0195285241363017	0.0128803890175467	0.0215222933822203	0.0229231912512358	0.0342420094006387	0.0369456510061741	0.0366721520819263	0.0141786658307095	0.00936597462305034	0.0148568273028686	0.0123863126031787	0.0112028698931684	0.0171476595487571	0.0219805652909496	0.0105192023701494	0.0163679562203469	0.0227133625110103	0.00804505168090037	0.030425870589188	0.0222440512839502	0.0165230982900401	0.0119439672906299	0.0204014417568028	0.0462751186677749	0.0158206449506358	0.0212807920438911	0.028119149347895	0.0125912182420536	0.0138424829892206
HT29_G1_3F_2	0.014915230424873	0.00599314835707679	0.00897008821555512	0.0173414861514363	0.0113495224331666	0.00940362779327681	0.00329962275446076	0.0201653745406767	0	0.0110780813842396	0.0117986860464811	0.00393044494462802	0.00483771637069967	0.0161084729367616	0.0348892805056735	0.0298034093286124	0.0212912739938773	0.0201712545963921	0.0203684540870634	0.0158579638690674	0.0114811340864859	0.013712897583583	0.00808667204069692	0.0126691799082188	0.00860610992368793	0.0138231870406033	0.0227776002330938	0.0119951244929755	0.00809925511867714	0.0103420056780479	0.0263457833697604	0.0114487875366937	0.0128176747963322	0.00361271554794782	0.0155583620965334	0.00627792787500126	0.00611240825988802	0.0121895935518669	0.00521253294974494	0.0191945564284164	0.0133938836101183	0.00472740916134426	0.00817874698386915	0.0254500950504804	0.0165276720233054	0.00678952862907978	0.00261452224040883	0.0364595767373636	0.155740193018887	0.129571030652898	0.134692558274994	0.00832926710586693	0.0136163684577504	0.00513547441445684	0.00967245999000519	0.00453085978620899	0.00974881367978279	0.0155895253519193	0.0238982210596651	0.0188150566226771	0.0102839898531539	0.0125059821220396	0.00565019953712712	0.00850632093179652	0.0121076302567298	0.00840695520315407	0.00781712544725443	0.0154887572729713	0.00895096244555683	0.00929435519948063	0.0168879088161495	0.0151497938660084	0.00891257410718902	0.00561018208016243	0.0105994757332181	0.0111765762526224	0.0312042321598521	0.0144266274936352	0.00393586806138254	0.012783600292844	0.0083294368010209	0.0127389128807868
HT29_G1_3F_3	0.00441536289836547	0.0125180718994036	0.00947127288970192	0.0065944089147151	0.0169152796842227	0.00640970904478693	0.0133072426428446	0.0118785571175625	0.0110780813842396	0	0.0168718393382466	0.00983596532771232	0.0159041408860388	0.00503093092561044	0.0459492565530872	0.0401888479077378	0.0297692861328984	0.030676757025064	0.0110870687843873	0.00478092915242026	0.0117136601219639	0.0178223156216576	0.00502219234720144	0.00741028106291541	0.0170909776866076	0.00624478169750407	0.0137465326937917	0.0209283841961806	0.00366307562476946	0.00402562304438566	0.0179832127717119	0.00673529235472702	0.0194867881912238	0.0144873028610681	0.0266244039782166	0.0109935977824161	0.0160453644413815	0.0163540422807337	0.015709116834264	0.00820588610461423	0.00815699101553114	0.0088129342129989	0.0128732872549698	0.0150293487115214	0.00549751594033044	0.00448358105264444	0.00846552199659586	0.0264576437997439	0.165957921154806	0.140285890304546	0.145393376624127	0.0134573906676683	0.00393807729350155	0.0133768204164305	0.0105492770198857	0.014461842151167	0.0183241891408077	0.0266492536959492	0.0334446172923853	0.0249869905597052	0.0124203793932967	0.00990005456039027	0.00829310416559284	0.00830559934076116	0.011362065561959	0.0135426407104751	0.0166360381060205	0.00442064856405791	0.0132800240778033	0.0179361882672629	0.00602545893456726	0.0252329694600069	0.0174349338427207	0.0108349869203282	0.0105107293632172	0.00861127612954637	0.041617084457442	0.00579525093684671	0.0139719125411124	0.0227621422121226	0.00327083342472109	0.0141282838726878
HT29_G1_4A_2	0.018234155083442	0.00586828466856879	0.00755459442074397	0.0203637080839173	0.000741186881362204	0.0107559787732823	0.00914922751814361	0.0186366303379422	0.0117986860464811	0.0168718393382466	0	0.008787830156674	0.0127265623737153	0.0207906732875292	0.0353156139548699	0.0262631097954902	0.0136672805789722	0.0179797554157268	0.027951614250687	0.0206227098838113	0.00651308095769842	0.0020823322645712	0.0118546215753184	0.0121498153751266	0.00540624077680504	0.0145701585906882	0.021520903364231	0.0071922677524597	0.0133578487198042	0.0133264521403922	0.0347797820397359	0.0116707520790496	0.0240754315545199	0.0106449095585789	0.0181502450336485	0.00644314822282778	0.00822741950036857	0.00127600235376689	0.00952479791746753	0.0241666124127457	0.0122049806599968	0.00909634344627789	0.00421049982528315	0.0261224694010787	0.0216077591613794	0.014935525827712	0.0123861370449286	0.0430150527085958	0.150831002077194	0.126381916143441	0.131454673186989	0.00376156222973014	0.0165481613498468	0.00680599530561613	0.00665358342336628	0.00856062729023149	0.00560189952415872	0.0180167199278377	0.0183234794493441	0.029882633799516	0.00482421983049988	0.00948110908446336	0.00907987874614826	0.00863915296666966	0.00749308389731664	0.0036697730082039	0.00605306847729963	0.020468158078992	0.00363982810712841	0.00567763899356292	0.0203126512688885	0.0123869390738163	0.00544987089442344	0.00693712273498193	0.00720339199928949	0.0216249635146353	0.0276849983777845	0.0223489749121079	0.00891073415649237	0.0104295539750313	0.0137625823680713	0.00489563928627416
HT29_G1_4A_3	0.0128643310949368	0.00309913254699665	0.00508332369644315	0.0153060958614385	0.00850729100790859	0.00613290639878333	0.00391550186072295	0.0169588911615006	0.00393044494462802	0.00983596532771232	0.008787830156674	0	0.00772036169997782	0.0146578456196449	0.0367678401804354	0.0303787315327746	0.0202548787844718	0.0209160522853776	0.0203933459867585	0.0144306079029943	0.00755165907916509	0.0104816804707422	0.00548319231598291	0.00929872923092442	0.00735305101820839	0.0108608202764771	0.0197041653164274	0.0111752806411058	0.00624526219935041	0.00777118361158381	0.0268990025466538	0.0081382115292388	0.0167078216860761	0.00561901816148199	0.0175992694188703	0.00253796594001434	0.00631462406324467	0.00889455944262961	0.00627373319203174	0.0179801342636117	0.00993835747281841	0.00118355741375318	0.00471708366025868	0.0229280491875086	0.0152637261998782	0.00659554632722504	0.00361978517544484	0.0361899451684673	0.156233335338779	0.13064087075031	0.135749400920409	0.00504779538581651	0.0113386266248043	0.00354873348086393	0.00574299303815629	0.00484421783523414	0.00859984731957268	0.0175803365354426	0.0236577704782779	0.0227157928208467	0.00643847718846119	0.00870865507036026	0.00211002375527538	0.00477612131804276	0.00818593443908569	0.0051374882836546	0.00682882050695592	0.0141358935119291	0.0054555527508597	0.0081876649237547	0.0149780471572063	0.0154085078853895	0.00769884805722481	0.00191290434018773	0.00668173457264972	0.0128928149185757	0.0318105505837602	0.0144935769681079	0.0044683443707319	0.0129358359370459	0.00660507101978281	0.00890871274703661
HT29_G1_4B_1	0.0197377403503955	0.00805492266799744	0.0126114313004932	0.0221694976375513	0.0120830993218292	0.0137883663105422	0.00417823991885459	0.0246338206444056	0.00483771637069967	0.0159041408860388	0.0127265623737153	0.00772036169997782	0	0.0209324963575178	0.0300995358836985	0.0256512377807526	0.0188229349100143	0.016041181589173	0.0247464975564703	0.0206807318580278	0.0146388054868969	0.0148066718719634	0.0127413084392226	0.0170019696854512	0.00786423793783399	0.0184083906378576	0.0273321958199413	0.00999458415028183	0.0129052566965985	0.0150405864133339	0.030349890669845	0.0158214408484997	0.0117379334587482	0.00229610417443779	0.0107856294648057	0.00924658708714474	0.00466107199417905	0.0135370945154193	0.00326116832355854	0.0239792045523265	0.0176557026394254	0.00882819692207912	0.0103476585631809	0.0302192731038729	0.0213305110385472	0.0115508750318281	0.00744113039512744	0.0408581212973304	0.15146989359631	0.125011386029601	0.130139512060013	0.0102033972975892	0.018405210187112	0.00637871866951934	0.0130110593634319	0.00423573120827797	0.00857309270970274	0.0108323639709879	0.0205143802654327	0.0172990886261229	0.0130043647249977	0.0163114663675929	0.00979482851439051	0.0124745586169773	0.0154641502975143	0.0102487456546215	0.00701805480794752	0.0203058226970953	0.0110466837903809	0.00817920772120376	0.0217222291971416	0.0116363394531234	0.00803282594498535	0.00866675092202335	0.014037273382421	0.0147492218354663	0.0270180036441922	0.0188869691284355	0.00405326457683618	0.00957132388164909	0.0131504968332148	0.015244543377839
HT29_G1_4B_3	0.00291033481424196	0.0171127773559349	0.0132387920706642	0.00279464175095104	0.020954341751136	0.010043177457967	0.0182673217878867	0.0100978919077708	0.0161084729367616	0.00503093092561044	0.0207906732875292	0.0146578456196449	0.0209324963575178	0	0.0509718139399577	0.0450177724286071	0.0341241383415719	0.0355655904619538	0.00842680752612431	0.000259480911722268	0.0148709080678569	0.0214035417366927	0.00938990050837343	0.00939798884122437	0.0217361310117968	0.00715815084291587	0.010982768367221	0.0255531277193822	0.00841692373905029	0.00749674161922346	0.0153438434664376	0.00936850353721193	0.0236224290243862	0.0195023801762353	0.0316514348624464	0.0154643062237714	0.0209428474011095	0.0200748165759931	0.0206794979196368	0.00339971614558416	0.00983262793928547	0.0135641558131172	0.0170877540937388	0.0107517193853736	0.000944321815733778	0.00944952113661579	0.0134957949458618	0.0222391462405968	0.170630091496976	0.145164254322887	0.150265140625721	0.0176984377617387	0.00442027448543829	0.0181512273205261	0.0141685672871239	0.0193899261644108	0.0229449141918325	0.0316750484152741	0.038061507024052	0.0287625822518377	0.0160547883108775	0.0123672915280054	0.0129124082196365	0.0121970988816895	0.0142352107507555	0.0177762384951342	0.0213540344724981	0.000701536324801148	0.0173633491523187	0.0225815272505237	0.00209638410287288	0.030048861037097	0.0220747889498702	0.0154170945091863	0.0138223808252401	0.0114797111764707	0.0464508433751865	0.00592658708897841	0.0189204187260916	0.0275770516009214	0.00807218243304013	0.0172663536355171
HT29_G1_4C_1	0.0495473717933103	0.0352144115846404	0.0403827973403827	0.0519945088563507	0.0346576040096548	0.0426938741631277	0.0329083723886219	0.0530226154142966	0.0348892805056735	0.0459492565530872	0.0353156139548699	0.0367678401804354	0.0300995358836985	0.0509718139399577	0	0.0128481741907687	0.025360792376814	0.0174399422367665	0.054410965735354	0.0507236959730707	0.0410497835296271	0.0365997535085446	0.0422356913462597	0.0455144603532344	0.0311075337200011	0.0474576662092773	0.0559021348628775	0.0281542221094657	0.0427409497239045	0.0445314982076971	0.0592127666154292	0.0445242459619565	0.0335909396583362	0.03151031597729	0.0193373034145516	0.0369757526158549	0.0305746458345087	0.0365886450774361	0.0305068912065225	0.0540568744197016	0.0459429796186392	0.0379462284258064	0.0365134456088593	0.0596135796036979	0.0514012676863397	0.0416424834176943	0.0375018321637788	0.070355359287331	0.123589912784048	0.0956875518629001	0.100839793127364	0.0359793063370484	0.0480780921178977	0.0336736575202595	0.0401713680532536	0.0319317613780234	0.0302483463057621	0.0193134455583698	0.0201526024809045	0.0340951775993503	0.0390519385483563	0.0437309163724999	0.038806644256352	0.0408127014526226	0.0420874085778251	0.0359500014855042	0.0310641857979077	0.0503608202961419	0.03677140835604	0.0304068060427568	0.0516106463797208	0.0229365657896836	0.0308544115708179	0.0367048677542483	0.0411381177485511	0.0437368918635592	0.0122813558149103	0.0487489425818613	0.0323106263215374	0.0250493691858421	0.0430336738186824	0.0401105549323821
HT29_G1_4C_2	0.0430326568690237	0.0280239768946252	0.0327357099992426	0.0454141873141774	0.0257375819806912	0.0355693622651478	0.0269910515731867	0.0448472577455168	0.0298034093286124	0.0401888479077378	0.0262631097954902	0.0303787315327746	0.0256512377807526	0.0450177724286071	0.0128481741907687	0	0.0138901045803425	0.00964038172731448	0.0501591611363162	0.0447942548345445	0.032630757689885	0.0270321210409782	0.0356929051426292	0.0378702919083486	0.0234296330317189	0.0401185110668654	0.0477413378262691	0.0197554303159928	0.0366201320680093	0.0378240304457174	0.0559751999394672	0.0370951792566819	0.0333784773663327	0.0261932696005634	0.0161920166096618	0.0297596514810474	0.0241663537967815	0.0274620946578984	0.0246746573735144	0.0483473226155613	0.0381095686073645	0.0314621314719294	0.0286300420440657	0.0521316415618291	0.0456331573711329	0.036399534037697	0.0322440930915873	0.0662203176282283	0.126217225114162	0.100573534983209	0.105685313378117	0.0280258143862101	0.0414066713058034	0.0268771822567659	0.0322213770755925	0.0257798383747839	0.0222925014334398	0.0160126474847317	0.00842640043871067	0.0360492066645729	0.0307197799952882	0.0355478923149587	0.0321418393301127	0.033459870987416	0.0336549107665055	0.0279705765444441	0.0237152552501132	0.0445055203881798	0.0286527481951579	0.0226014434572886	0.0451762752132121	0.0149779624878325	0.0231065331805491	0.0296973749137703	0.0330456719815961	0.0403882518671736	0.00144090836242487	0.0442155300881738	0.0263058214374093	0.0174502730603638	0.0369802123500078	0.0311404923664945
HT29_G1_4C_3	0.0317232672202938	0.0173060929124979	0.0210008478877565	0.0339365670261551	0.0133355112632607	0.0241344268554898	0.0180049474060064	0.0321035569839749	0.0212912739938773	0.0297692861328984	0.0136672805789722	0.0202548787844718	0.0188229349100143	0.0341241383415719	0.025360792376814	0.0138901045803425	0	0.00937333019437926	0.0406158698173853	0.0339347779935299	0.020166865782184	0.0138904685764217	0.0248313632185222	0.0258071589006768	0.0129551160013462	0.0282128526786523	0.034941228873229	0.00930096161204552	0.0261128967147778	0.0266371759717754	0.0471351022160222	0.0252696050326798	0.0298115745848337	0.0181362036811542	0.0152662866741653	0.0187785986492465	0.0152102407879499	0.0146914719997884	0.0163413635511404	0.0375218649908972	0.0258692618662616	0.0210908940264246	0.0170408709001697	0.0397186177669056	0.0348812233463483	0.0268346409249799	0.0231532283215051	0.0561974103560937	0.137291554991182	0.113036980976298	0.118099956073317	0.0164296068547611	0.0300376788471437	0.0168236497919967	0.0202272336222238	0.0167610547191386	0.0117173586727688	0.0150238292170235	0.00546952889466644	0.0344172826718957	0.0184671647905803	0.023131311252064	0.0214927132734995	0.0219614037020818	0.0211206327154375	0.016351998545663	0.0136156809900733	0.0337302832930853	0.0168048634290099	0.0121564310887819	0.033838217514601	0.00808499455788146	0.0126142879054002	0.0189592857724756	0.0208562869713197	0.0324524068274533	0.0151888657512005	0.0347426721316287	0.0173560447878504	0.00939548475626677	0.026511769279096	0.0182781265980013
HT29_G1_4F_2	0.0336987093306601	0.018759047422834	0.0237044924784037	0.0361117971880003	0.0173503038919174	0.02636440974848	0.0174124573568536	0.036159507648039	0.0201712545963921	0.030676757025064	0.0179797554157268	0.0209160522853776	0.016041181589173	0.0355655904619538	0.0174399422367665	0.00964038172731448	0.00937333019437926	0	0.0405328207885291	0.035336150559748	0.0239861441452258	0.0191821526829751	0.026314895835038	0.0288849352654901	0.014282556937011	0.0310279661161831	0.0390622956586703	0.0109212976606095	0.0271524755606353	0.0285074013622404	0.046354804024269	0.0280153761354204	0.0246134369851893	0.0165593827457355	0.00764038428598265	0.0205259649750413	0.0146359543784782	0.0192455843504963	0.0150668174292618	0.038864488448992	0.029209916113443	0.0220319185014849	0.0196583833232845	0.0431683582349097	0.0361489902662537	0.0268020115611533	0.0226303872561515	0.0566092209184215	0.135761594722767	0.109862057122636	0.114981753302082	0.0190803389836692	0.0321052982820212	0.0174743797605628	0.0233233530175931	0.0162237637117911	0.0132557434508512	0.00740947693681044	0.00643298018192171	0.0280952796140689	0.0220067340847123	0.0267989471751221	0.022764026313822	0.0243172366395263	0.0250272666593207	0.0190372476378878	0.0144397097702853	0.0350319220476536	0.0197995693123518	0.0134968215507737	0.035833804648864	0.00573975127381049	0.0139849032432781	0.0203929943553179	0.0242270271350314	0.0307875872277722	0.0110360431304029	0.0345914327566574	0.0167329532030729	0.00812432212916631	0.0275016707543343	0.022836971507287
HT29_G1_4F_3	0.0112978653634805	0.0233193960720486	0.0205411484736277	0.0107211090121787	0.0279769280929036	0.0174146375371236	0.0232770383577714	0.0180493489257354	0.0203684540870634	0.0110870687843873	0.027951614250687	0.0203933459867585	0.0247464975564703	0.00842680752612431	0.054410965735354	0.0501591611363162	0.0406158698173853	0.0405328207885291	0	0.00844506618442508	0.0226303907798249	0.0288918681484665	0.0160990150091936	0.0175515557058369	0.0277432618851092	0.0154829569570535	0.0181894997441658	0.0315518325542106	0.0146317414060536	0.014884957712321	0.00700792661308593	0.0172814073231785	0.0232618795643624	0.0239799504598578	0.03537983996818	0.0219289295739997	0.0261718093101423	0.0274361837776356	0.0255201343331368	0.00646732678910969	0.0180864927056894	0.0195318001993337	0.0239092667519663	0.0157603273363308	0.00748987202555036	0.0139041339105803	0.017959191060605	0.0161201800142316	0.175863074865884	0.149503487669905	0.154618991389414	0.0244795453984672	0.0126145162509429	0.0239014798031031	0.0215993221400658	0.0245281292789862	0.0289901312745488	0.0354576031512377	0.0439582567619629	0.0271204395225686	0.0234832313698813	0.020429361846855	0.0191777376349778	0.0193849480887598	0.022145131970118	0.0245668741003289	0.0271833228201189	0.0083430916073529	0.0243468337886368	0.0285739997225001	0.0101880985837461	0.0354115763359527	0.0280887975378058	0.0216858514634224	0.0214727537047718	0.0108871860725628	0.0515593573980676	0.00596350265900455	0.0239689249316005	0.0329834897783056	0.0142259781280078	0.0250588774826092
HT29_G1_5A_1	0.00285837420597427	0.0169021144072634	0.0130693142111042	0.00295726100312134	0.0207795986831469	0.00987066707133258	0.0180293363123037	0.0102018748995889	0.0158579638690674	0.00478092915242026	0.0206227098838113	0.0144306079029943	0.0206807318580278	0.000259480911722268	0.0507236959730707	0.0447942548345445	0.0339347779935299	0.035336150559748	0.00844506618442508	0	0.0147359672393573	0.021255004340421	0.00918135802120621	0.00929859289403027	0.0215241263803685	0.0070897276300603	0.011144581790515	0.0253436018834084	0.00818755769938152	0.00731609373206473	0.0153857442732591	0.00923837988104127	0.0233730951547633	0.0192572097065761	0.0314028088942208	0.0152600650614735	0.0207112995733428	0.0199173729356711	0.0204406390998434	0.00359626047466738	0.00975140948853999	0.013341127331093	0.0168998313842252	0.0109908577907821	0.001021449693675	0.00919320422048546	0.013244893177248	0.0224015507290917	0.170419663224173	0.144934867228141	0.150036294876157	0.0175095249321201	0.00431223006971278	0.0179288624596003	0.0140085661639257	0.0191553082612284	0.0227349711878666	0.0314270017110548	0.037854513843094	0.0285236501873897	0.0158972781056016	0.0122597787616038	0.0126969788422578	0.0120190361121792	0.0141131922643191	0.0175878215830847	0.0211367736794588	0.000451535075903255	0.0171831088683365	0.022369770857006	0.00224956635775631	0.0298255261462236	0.0218632582299363	0.0152061012858757	0.0136772520290025	0.011253429133302	0.0462269427165334	0.0057565744973838	0.0186837227643743	0.0273535188565294	0.00783973260063142	0.0171367920324523
HT29_G1_5A_2	0.0121308318145174	0.00668716970725928	0.0028283745096921	0.0140901437394036	0.00693789066577929	0.00531733763395236	0.0104612010696684	0.0122325196862897	0.0114811340864859	0.0117136601219639	0.00651308095769842	0.00755165907916509	0.0146388054868969	0.0148709080678569	0.0410497835296271	0.032630757689885	0.020166865782184	0.0239861441452258	0.0226303907798249	0.0147359672393573	0	0.00662095598094307	0.00712300642681116	0.00574740701784543	0.00997945295853621	0.00819793032925855	0.0151351364409362	0.0130721092614338	0.00876977490730192	0.00775642133897746	0.0296084400299791	0.00550638050985233	0.0242321518878152	0.0123486005946261	0.0228267228868955	0.00541804307332395	0.0113655857917677	0.00549912791841463	0.0121452242332677	0.018161880147446	0.00571488253286696	0.0069444657966468	0.00470214601378699	0.0196194529300688	0.0157511629130678	0.0112967503413298	0.0106169215612922	0.0370440925126017	0.157260237278162	0.132814103295891	0.137886600740783	0.00515164312661014	0.0104810818054675	0.00845518676566566	0.00184112365530241	0.0106867259500532	0.0108133214919296	0.0227420486491638	0.0248083657499824	0.0302443511934933	0.00200040507901447	0.00296811959052171	0.00623954549052673	0.00388542304062561	0.00104202911833533	0.00516535052007823	0.0101465704122571	0.0146530608268499	0.00430642741020834	0.0106532036954384	0.0141181454030035	0.0182641774663263	0.0102151299580887	0.00604351168247194	0.00124624574081493	0.0183377554233132	0.0340612142447075	0.0174887603705586	0.010671016375842	0.0160234176314819	0.00912671975646314	0.00242901934103783
HT29_G1_5A_3	0.0187190468064605	0.00772737587014002	0.00835331259375699	0.0207101370950289	0.00276694586986768	0.0115019920856389	0.0111793299575138	0.0182225790983303	0.013712897583583	0.0178223156216576	0.0020823322645712	0.0104816804707422	0.0148066718719634	0.0214035417366927	0.0365997535085446	0.0270321210409782	0.0138904685764217	0.0191821526829751	0.0288918681484665	0.021255004340421	0.00662095598094307	0	0.0128714801508665	0.01236452051157	0.00742098465581525	0.0148157191373403	0.0210558153506065	0.00870557278842762	0.0144528580737424	0.0140691586445995	0.0357991512373843	0.0120854989203943	0.0261114009974356	0.0127121523786224	0.0199290299414062	0.00801488476305223	0.0103054751291575	0.00159632237883973	0.0116069713493959	0.0247316133087838	0.0122770037813079	0.0106336543410637	0.0057718991004048	0.0258891966396072	0.0222607284254011	0.0163183107281644	0.0141012501337519	0.0436171026213889	0.150924473064362	0.126821087404687	0.131880257571791	0.00545516503218364	0.0170533264353304	0.00881503567373111	0.00730391655947596	0.0106305834027964	0.00747729678461218	0.0197838454762184	0.0188744176748362	0.0319390438217745	0.00541193731877066	0.00948747767907021	0.0104716178007656	0.00951848188110382	0.00745361017970442	0.005369083579463	0.00810438211698503	0.021141292167472	0.00506770861809379	0.00761005509629979	0.0207301273260531	0.0137555026717677	0.00743309148339134	0.00858056770306211	0.00758539806316565	0.0231612809611351	0.0284340813632386	0.0234485173698914	0.0109667786821198	0.0119966712199689	0.014850532609169	0.00444985762452856
HT29_G1_5B_1	0.00739646906855821	0.0077244698579016	0.00457684628240805	0.00983071360219429	0.0118936958779866	0.00209009041369827	0.00934170425518707	0.0121321787084077	0.00808667204069692	0.00502219234720144	0.0118546215753184	0.00548319231598291	0.0127413084392226	0.00938990050837343	0.0422356913462597	0.0356929051426292	0.0248313632185222	0.026314895835038	0.0160990150091936	0.00918135802120621	0.00712300642681116	0.0128714801508665	0	0.00497408259246143	0.0123500271386729	0.00574444893161031	0.0146979890921347	0.016164849854293	0.00164800105578074	0.00231614951004036	0.0229519899857973	0.00376763432735167	0.019308223930784	0.0108829823492036	0.0230241960177196	0.00608575824970517	0.0117801149178993	0.0113728657583148	0.0117372008319614	0.0127751832005967	0.00579572232517722	0.00431723952722704	0.00786311005754896	0.0175308570726528	0.010089898332056	0.0044344316003132	0.00586359902275502	0.0313866678579895	0.161355436827669	0.135988297325639	0.141089588125009	0.00845440046939831	0.00585570764469878	0.00884300838350114	0.00569930316281785	0.0103264895042947	0.0135563839682864	0.0230144846644251	0.0286772921913648	0.0252160723523667	0.00751109287888035	0.00615262792293549	0.00355506097729037	0.00338929250755066	0.00702953476238435	0.00853818224578917	0.0119897261807572	0.00893977739725129	0.00825808639592407	0.0131949728873798	0.00952522691934824	0.0207266649545177	0.0126878304645629	0.00602952401863557	0.0058773139144811	0.0113527032341521	0.0371295246566011	0.0105804226535595	0.00993257039010825	0.0182593201571388	0.00201786412507797	0.00944621920201071
HT29_G1_5B_2	0.00654161566639985	0.0103100958177403	0.00518340745017888	0.0083597119811023	0.0124823961900052	0.00326626486801495	0.0131427759460026	0.00767727658439704	0.0126691799082188	0.00741028106291541	0.0121498153751266	0.00929872923092442	0.0170019696854512	0.00939798884122437	0.0455144603532344	0.0378702919083486	0.0258071589006768	0.0288849352654901	0.0175515557058369	0.00929859289403027	0.00574740701784543	0.01236452051157	0.00497408259246143	0	0.0146074589728447	0.0024513966231362	0.01048066865922	0.0181306627918746	0.0060592764712798	0.00367348981424887	0.0245556469321518	0.00123282335835696	0.0242809662940857	0.0149123429096013	0.0266478004218522	0.00855344905815817	0.0150276861042481	0.0112189794235738	0.0153619241045858	0.0125693571734864	0.000841529212563856	0.00817467210123376	0.0092562729675446	0.0142998584546	0.0103190516810058	0.00912742370226868	0.0107121656362193	0.031401605223754	0.162830079104902	0.138156614583325	0.143236458808467	0.00985424085767146	0.00498838886483809	0.0118995455538406	0.00566695867717862	0.0138546659503813	0.0156520881677525	0.0266043040609668	0.0302742854240845	0.0301836910772404	0.00734284891891554	0.0029880662626405	0.00720812937221895	0.00473148796913869	0.00495243959827127	0.00990723373236481	0.0145200783737093	0.00929123984191428	0.00923277837845145	0.0153929630564793	0.00842857283870509	0.0231556080700806	0.0149032962874586	0.00887513947876619	0.00495233746155738	0.0155431811872896	0.0393083384838854	0.0130483702448656	0.0136058410476494	0.0207760836042634	0.00621150332455505	0.00802432258085407
