	HT29_G1_1B_1	HT29_G1_1B_2	HT29_G1_1B_3	HT29_G1_2A_1	HT29_G1_2A_2	HT29_G1_2A_3	HT29_G1_3E_1	HT29_G1_3E_2	HT29_G1_3E_3	HT29_G1_3F_1	HT29_G1_3F_2	HT29_G1_3F_3	HT29_G1_4A_1	HT29_G1_4A_2	HT29_G1_4A_3	HT29_G1_4B_1	HT29_G1_4B_2	HT29_G1_4B_3	HT29_G1_4C_1	HT29_G1_4C_2	HT29_G1_4C_3	HT29_G1_4F_1	HT29_G1_4F_2	HT29_G1_4F_3	HT29_G1_5A_1	HT29_G1_5A_2	HT29_G1_5A_3	HT29_G1_5B_1	HT29_G1_5B_2	HT29_G1_5B_3	HT29_G1_5C_1	HT29_G1_5C_2	HT29_G1_5C_3	HT29_G1_5D_1	HT29_G1_5D_2	HT29_G1_5D_3	HT29_G1_5E_1	HT29_G1_5E_2	HT29_G1_5E_3	HT29_G1_5F_1	HT29_G1_5F_2	HT29_G1_5F_3	HT29_G2_4G_1	HT29_G2_4G_2	HT29_G2_4G_3	HT29_G2_4H_1	HT29_G2_4H_2	HT29_G2_4H_3	HT29_G2_5A_1	HT29_G2_5A_2	HT29_G2_5A_3	HT29_G2_5B_2	HT29_G2_5B_3	HT29_G2_5E_1	HT29_G2_5E_2	HT29_G2_5E_3	HT29_G2_5F_1	HT29_G2_5F_2	HT29_G2_5F_3	HT29_G2_5G_1	HT29_G2_5G_2	HT29_G2_5G_3	HT29_G2_5H_1	HT29_G2_5H_2	HT29_G2_5H_3	HT29_G2_6A_1	HT29_G2_6A_2	HT29_G2_6A_3	HT29_G2_6B_1	HT29_G2_6B_2	HT29_G2_6B_3	HT29_G2_6C_2	HT29_G2_6C_3	HT29_G2_6D_1	HT29_G2_6D_2	HT29_G2_6D_3	HT29_G2_6E_1	HT29_G2_6E_2	HT29_G2_6E_3	HT29_G2_6F_1	HT29_G2_6F_2	HT29_G2_6F_3	HT29_G2_6G_1	HT29_G2_6G_2	HT29_G2_6G_3	HT29Root1_1	HT29Root1_2	HT29Root1_3	HT29Root2_1	HT29Root2_2	HT29Root2_3
HT29_G1_1B_1	0	0.0107098652303518	0.00946901561111643	0.00167298471593725	0.00403990505876113	0.0129785461164775	0.00478748250064674	0.00875910803606449	0.0177696048284829	0.00143996036168105	0.00865398731982644	0.00954811365247805	0.00073369306412152	0.00940652649551593	0.00972845711330973	0.00302436997424154	0.0139371177492137	0.0163858288659826	0.00316601369704244	0.00671756242041086	0.00349804341815396	0.00117993273436908	0.00716825078680805	0.00594374675994312	0.00468907564422232	0.00199677902426419	0.00113141491073114	0.00195604595179451	0.0031754600944706	0.0118098978268261	0.00420221090447276	0.00179170045714722	0.0111127932953574	0.001423137195924	0.00315351362232922	0.000740703755655552	0.00809466926289102	2.39889653318675e-05	0.00800706463413161	0.0139299953131474	0.00312096509759481	0.00456977726144183	0.00983963444863	0.00971093607428032	0.0153366511730025	0.00637911853786107	0.00407812498869722	0.00920261519414576	0.00663796089107987	0.0040042790303193	0.00134957484362083	0.00268148521656773	0.0100266315082871	0.00434895779300211	0.0122468978569847	0.011414932352988	0.00200892534759874	0.00772436705618222	0.01224078282615	0.00420672226636549	0.00952974450007354	0.0225087909090435	0.0112636217752245	0.00673053235243011	0.0130306743243691	0.00767461632126033	0.0013167883827104	0.00112443910915932	0.00726462021746201	0.00657510211049159	0.0114555344700395	0.00449148355432861	0.000173675229616978	5.06631863100194e-05	0.00309671361718521	0.00441145328137011	0.00170972711803439	0.007229586958371	0.00261286420427369	0.00291106875491731	0.00770677541933401	0.0104760557891427	0.00028818459859525	0.00745984583867238	0.00406004162273133	0.0136441189182896	0.012611365163393	0.0128513714264227	0.00560952787658141	0.0105677532565272	0.0103254761461487
HT29_G1_1B_2	0.0107098652303518	0	0.00124089948854956	0.00903694429165873	0.0147495200217975	0.0022688062067114	0.00592250262781024	0.00195082967597197	0.00706027559850461	0.00926996116798747	0.0020559533750064	0.0011617986612411	0.0114435229416809	0.00130339076734454	0.000981448648430428	0.0137340606127757	0.00322744410424033	0.00567636057158855	0.00754395240404369	0.00399241638979151	0.00721192838384003	0.00952997991325649	0.0178775790455826	0.00476623837263329	0.0153986377570773	0.00871315961802229	0.00957849601693675	0.00875389152679978	0.00753450618161865	0.00110008783848889	0.0149118129808458	0.0089182321850406	0.000402947094336666	0.00928678377623814	0.0138631951119316	0.0114505332737325	0.00261528571871617	0.010685877345833	0.00270289234381293	0.0032203211465821	0.00758900015848366	0.00614020660160163	0.000870267135498345	0.000998970336234357	0.00462708853291171	0.00433086366234717	0.00663185454421513	0.00150730889538961	0.00407201880386637	0.00670569967604584	0.00936034366290636	0.00802847090014727	0.000683262810776381	0.006361024377617	0.00153711269819464	0.000705101335144708	0.0127186830969022	0.0029855959181637	0.00153099730857574	0.00650325859618658	0.00118016846544539	0.0118000648058059	0.000553783055950306	0.00397944630851804	0.00232093781442951	0.00303534763799018	0.0093931290102497	0.0118342483255736	0.00344535105685542	0.00413487824508195	0.000745705552128823	0.00621849975575324	0.0105361977109231	0.0106592043200718	0.00761325117690875	0.00629852941000855	0.00900020302709718	0.0179389087896467	0.0133225830715996	0.0136207673060181	0.0184160461893387	0.000233819845478553	0.0109980364788251	0.00325012213073893	0.00664993771205176	0.00293442417743788	0.0019016019691566	0.00214162332053896	0.00510045841734615	0.000142118353257081	0.000384405941364178
HT29_G1_1B_3	0.00946901561111643	0.00124089948854956	0	0.00779607949408711	0.0135087182033557	0.00350970173854414	0.00468161682586712	0.000709930873303963	0.00830114584985961	0.00802909832176936	0.000815054716297895	7.91008722060221e-05	0.0102026808340845	6.24913189471377e-05	0.000259450966377395	0.0124932453001821	0.00446833642128244	0.00691724049499732	0.00630307635693514	0.00275152233215397	0.00597105013017077	0.00828911930678279	0.0166368250007154	0.00352534718589249	0.0141578450828747	0.0074722921965418	0.00833763583564277	0.00751302442982065	0.00629363007025564	0.00234098604853962	0.0136710134107898	0.0076773664135983	0.00164384625441907	0.00804592107293511	0.0126223814603891	0.0102096912404207	0.00137438800916639	0.00944502748977739	0.00146199481088213	0.00446121349088656	0.00634812441904726	0.00489932196001303	0.000370632512805379	0.000241929271927273	0.00586797450380199	0.00308997078797986	0.00539097269372903	0.000266409605677256	0.00283112501438788	0.00546481826517419	0.00811948158777488	0.00678759826595926	0.00055763686654724	0.00512014096037937	0.00277801006616418	0.00194600014273239	0.0114778552823883	0.00174469900694608	0.00277189468965691	0.00526237599280035	6.07310583159168e-05	0.0130408872253581	0.00179468205119177	0.00273855220777604	0.00356183319502826	0.00179445084432898	0.0081522672167916	0.0105934104307852	0.0022044553249262	0.00289398467184275	0.00198660430558181	0.0049776155428167	0.00929534638980555	0.00941835420136142	0.00637237560393442	0.00505764564141458	0.00775933792665289	0.0166981557747955	0.0120817625730745	0.0123799505493151	0.0171753013102128	0.001007079759683	0.00975718974797327	0.00200922587256228	0.0054090559687087	0.00417531757459223	0.00314249848922021	0.00338251920985503	0.00385956865239383	0.00109878121244028	0.000856493710350606
HT29_G1_2A_1	0.00167298471593725	0.00903694429165873	0.00779607949408711	0	0.00571287473460654	0.0113056582605004	0.00311450756584694	0.00708616415957067	0.0160968096371454	0.00023302457366233	0.00698104235142977	0.0078751784416142	0.00240667662653268	0.00773358966847308	0.00805552399975873	0.00469734542537132	0.0122642459503795	0.0147130037181217	0.0014930320780888	0.00504459996671592	0.00182506288602581	0.00049305236229879	0.00884119429766808	0.00427077871041123	0.00636204092891214	0.000323794731487262	0.000541570206227681	0.00028306159824238	0.00150247850442423	0.0101369920667518	0.0058751795335357	0.00011871588046708	0.00943987772825278	0.000249847752621315	0.00482648841314386	0.00241368730364824	0.00642171873213708	0.00164899577729222	0.00633411326985687	0.0122571233904339	0.00144798334237125	0.00289680122782171	0.0081667026496438	0.00803800275505902	0.0136638050439053	0.00470615353914348	0.00240514670352969	0.00752967608653339	0.00496499782515536	0.00233130043446984	0.000323410157902156	0.00100850227173018	0.00835370195761556	0.00267598070871666	0.0105739985771383	0.00974202095645492	0.00368190523615184	0.00605141307178332	0.0105678834538621	0.00253374453930255	0.00785680907801901	0.0208361181153883	0.00959070827478666	0.00505756999929281	0.011357787309782	0.00600166188675309	0.000356196640087719	0.00279742177083401	0.00559166219873419	0.00490213856703414	0.00978262364329125	0.00281850714082277	0.00149930965641582	0.00162232158421243	0.0014237317896901	0.00273847648789089	3.6742442799559e-05	0.00890252983021583	0.00428584161492837	0.00458404476745844	0.00937971315472504	0.00880313183308517	0.00196116894518094	0.00578688949877961	0.00238706326076397	0.0119712420800378	0.0109384714843454	0.0111784815330755	0.00393655765526977	0.00889483047513882	0.0086525502855388
HT29_G1_2A_2	0.00403990505876113	0.0147495200217975	0.0135087182033557	0.00571287473460654	0	0.0170181006420627	0.00882732090263809	0.0127988357445701	0.0218088925778736	0.00547985300532689	0.0126937186096447	0.0135878133457929	0.00330621580514495	0.0134462313637141	0.0137681501217292	0.0010155399011206	0.0179766248919908	0.0204252013727306	0.00720588281524873	0.0107573533354623	0.00753790692724546	0.00521982810454158	0.00312838079030562	0.00998355814259678	0.000649175353351108	0.00603666511001624	0.0051713107659449	0.00599593255058225	0.00721532905795147	0.0158495060834387	0.000162306914058625	0.00583158907239203	0.0151524314958931	0.00546303002244674	0.000886395819621929	0.00329920514185653	0.0121344190106688	0.0040638938700451	0.0120468171819169	0.0179695028190066	0.00716083494986964	0.00860962027377057	0.0138793232837352	0.0137506297367546	0.0193760837630487	0.0104189186404401	0.00811797785747786	0.0132423274016717	0.0106777539999902	0.00804413331306665	0.00538946845924555	0.00672136189213397	0.0140663132341284	0.00838880532742119	0.0162864865400089	0.0154545577683019	0.00203098611442209	0.011764128471515	0.0162803717873482	0.00824657263136245	0.0135694448684092	0.0265477405906288	0.0153032536302547	0.0107703229081033	0.017070226350007	0.0117143792706216	0.00535668234455724	0.00291547109779557	0.0113043955065239	0.0106148969375068	0.0154951581447429	0.00853132818778215	0.00421357913820798	0.00409056791855013	0.00713658386198008	0.00845129955171309	0.00574961670711116	0.00318971795362203	0.00142704670365574	0.00112884145767079	0.00366691452902494	0.0145157199674109	0.00375172215915824	0.0114996153192137	0.00809989483934773	0.0176836408612435	0.0166509370481586	0.0168909320139722	0.0096493475075931	0.0146074137744299	0.0143651462763426
HT29_G1_2A_3	0.0129785461164775	0.0022688062067114	0.00350970173854414	0.0113056582605004	0.0170181006420627	0	0.00819126492751412	0.00421962840842475	0.00479150033717567	0.0115386708263873	0.00432475150914977	0.00343060124670059	0.0137121877561536	0.00357219274428046	0.00325025195651133	0.016002669139398	0.000958640718797188	0.00340757203816548	0.00981269169961995	0.00626119993707845	0.00948067277217215	0.011798684647933	0.0201460623593656	0.00703501420379291	0.0176671995912377	0.0109818794161876	0.011847199819633	0.0110226106019034	0.00980324562481153	0.00116871953849992	0.0171803889734018	0.0111869483127658	0.00186585979619004	0.0115554931197169	0.0161318001901993	0.0137191979300464	0.00488408033385944	0.0129545587413624	0.00497168635660764	0.000951517733925024	0.0098577387479606	0.008408966085706	0.00313907085963578	0.0032677735766492	0.00235829228780169	0.00659964396718586	0.0089006073579523	0.00377610993223023	0.00634080160704407	0.0089744514505678	0.011629051623422	0.0102972024113431	0.00295206718423098	0.00862978091926042	0.000731694532668858	0.00156370587486593	0.0149873177159394	0.00525438789297622	0.000737809926746466	0.00877201319633375	0.00344897097396727	0.00953136189183622	0.00171502401498608	0.00624822997595683	5.21317184416491e-05	0.0053041392392272	0.0116618363513015	0.0141029041926011	0.00571413940972546	0.00640366045264581	0.00152310168805479	0.00848725820655217	0.012804882262093	0.0129278862808499	0.00988198938476829	0.00856728679325474	0.0112689176667927	0.0202073900249641	0.015591202390614	0.0158893788338237	0.0206845110310111	0.00250262552024705	0.0132667111657036	0.00551891206812352	0.0089186902721918	0.000665619751311945	0.000367204873704048	0.000127183133899388	0.00736923058344403	0.00241092424866691	0.00265321122085104
HT29_G1_3E_1	0.00478748250064674	0.00592250262781024	0.00468161682586712	0.00311450756584694	0.00882732090263809	0.00819126492751412	0	0.00397169119547456	0.0129825608281113	0.0033475311860749	0.00386656796905786	0.00476071699804952	0.00552116797434629	0.00461912604373652	0.0049410654065461	0.00781180828126913	0.00914987690954323	0.0115987072213024	0.00162147845134469	0.00193010435262589	0.00128944756137021	0.00360755775391249	0.011955573471579	0.00115627720261059	0.0094764751276088	0.00279071393951317	0.00365607535187486	0.00283144694779887	0.00161203202640855	0.00702257223148473	0.00898962280409601	0.00299579212034197	0.0063254437095742	0.00336435429094034	0.0079409492849289	0.00552817858365914	0.00330723726408398	0.00476349375036313	0.00321963076220908	0.00914275416059663	0.00166652717744803	0.000217707111152763	0.00505224585388173	0.00492354388136818	0.0105494756153601	0.00159165516563199	0.000709362952312397	0.0044152094080365	0.00185050153661252	0.000783209368051579	0.0034379163645884	0.00210600789311497	0.00523924825444687	0.000438528295167397	0.00745958825211731	0.00662759293621419	0.00679638228918426	0.00293692733890729	0.00745347299248117	0.000580764829321727	0.0047423473486619	0.0177220695084152	0.00647627722206129	0.00194307449656847	0.0082433952385857	0.00288717560673605	0.00347070269471792	0.00591190915731609	0.00247717164290305	0.00178764175696527	0.00666819644648391	0.000296001447464599	0.00461380877337759	0.00473681976508726	0.00169077872278565	0.000376032339857095	0.00307776526091215	0.012016907456091	0.00740031052447274	0.00769850933092075	0.0124940784297916	0.00568868591843911	0.00507566435744661	0.00267240092712338	0.000727446432233184	0.00885686536941073	0.00782406945633872	0.00806408515031174	0.000822054058264721	0.00578038621137815	0.00553810170533292
HT29_G1_3E_2	0.00875910803606449	0.00195082967597197	0.000709930873303963	0.00708616415957067	0.0127988357445701	0.00421962840842475	0.00397169119547456	0	0.00901105540885301	0.00731918397491053	0.000105123867288931	0.000789031728443941	0.00949277715124641	0.000647439565523759	0.000969381768309694	0.0117833556819679	0.00517826072214312	0.00762715635211029	0.00559315541139648	0.0020415930452902	0.00526112810569473	0.00757920609766574	0.0159269681469356	0.00281541911381934	0.013447967497212	0.0067623755397753	0.00762772284296035	0.00680310793618274	0.00558370909316731	0.00305091489661248	0.0129611321487226	0.00696745058752566	0.00235377603112833	0.00733600679855631	0.0119124927211785	0.00949978759620891	0.000664457394079775	0.00873511979249709	0.000752064248418861	0.00517113781127334	0.00563820362464569	0.00418939687320119	0.00108056327268375	0.000951860080091114	0.00657789440054169	0.00238004199102882	0.00468104893199836	0.000443521301077874	0.00212119583693152	0.00475489471417258	0.00740956763213612	0.00607767900525341	0.001267567539711	0.00441021645198689	0.00348793819090432	0.00265592955089462	0.0107679590724387	0.00103476864398686	0.00348182282528669	0.00455245187143852	0.000770661918667569	0.0137507668013506	0.00250461165044856	0.00202862290340022	0.00427175974957589	0.00108452052112207	0.00744235340418258	0.00988350894232569	0.00149452538241063	0.00218405558328548	0.00269653366023708	0.00426769065795271	0.00858543793703134	0.00870844636854657	0.00566245489133257	0.0043477209665553	0.00704942243916118	0.0159882994764587	0.0113718702151749	0.0116700601674802	0.0164654494030991	0.00171701014319141	0.00904728366621965	0.00129929573704303	0.00469913225830828	0.00488524265536345	0.00385242592741639	0.0040924461545752	0.00314964120904255	0.00180871152275152	0.00156642420366029
HT29_G1_3E_3	0.0177696048284829	0.00706027559850461	0.00830114584985961	0.0160968096371454	0.0218088925778736	0.00479150033717567	0.0129825608281113	0.00901105540885301	0	0.0163298099241529	0.00911617581234587	0.00822204714532944	0.0185032025304603	0.00836363542666837	0.00804170184071924	0.0207935338387415	0.00383286673594822	0.00138393745300854	0.014603916913428	0.011052567026983	0.0142719132673541	0.016589809803714	0.0249366062143002	0.0118263544465255	0.0224579430146601	0.0157730475167172	0.0166383223459781	0.0158137766201947	0.0145944712791141	0.00596020640635927	0.0219711689261707	0.0159781058667061	0.0066573361283147	0.016346631323132	0.0209226558483556	0.0185102122748331	0.00967548957739043	0.0177456188560556	0.00976309313341349	0.00383998968100708	0.014648961856471	0.0132002530719897	0.00793052313891334	0.00805922307911212	0.0024332191780178	0.0113909995943279	0.0136918735544153	0.00856754784809768	0.0111321660400116	0.0137657144456441	0.0164201859036851	0.0150884045808629	0.00774352338528619	0.0134210586808952	0.00552318705259414	0.00635518700256031	0.0197782513493738	0.0100457865104121	0.00552930237261224	0.0135632849187059	0.00824041645965643	0.00473994970949293	0.00650650278490519	0.0110395974964999	0.0047393690974649	0.0100955363892637	0.016452968876486	0.018893894747702	0.0105055241083795	0.0111950227705091	0.00631458343343534	0.0132785419432088	0.0175959510806594	0.0177189479527	0.0146732113567516	0.0133585671842943	0.0160600709609482	0.0249979286558643	0.0203820954864944	0.02068025141434	0.0254750085479317	0.00729409059929864	0.0180577528590998	0.010310302775416	0.0137099556866099	0.00412588590436184	0.005158701545416	0.00491868226081592	0.0121605585288581	0.00720239104411636	0.00744467341151914
HT29_G1_3F_1	0.00143996036168105	0.00926996116798747	0.00802909832176936	0.00023302457366233	0.00547985300532689	0.0115386708263873	0.0033475311860749	0.00731918397491053	0.0163298099241529	0	0.00721406230506673	0.00810819715346767	0.0021736525291964	0.007966608586866	0.00828854244313099	0.00446432275840238	0.0124972564054173	0.0149460079963245	0.00172605641656396	0.0052776221017666	0.00205808711664261	0.000260027799947479	0.00860817662328235	0.00450380152334447	0.00612901989645713	0.000556819289054519	0.000308545647603243	0.000516086158742772	0.00173550284007313	0.0103700069731905	0.00564215797135175	0.000351740450560159	0.00967289390922961	1.68231792280886e-05	0.00459346585512144	0.00218066320923767	0.00665473938715878	0.00141597141628286	0.00656713402949743	0.0124901338617983	0.00168100769387803	0.00312982497250765	0.00839972092450832	0.00827102122478393	0.0138968121069798	0.00493917598424847	0.00263817069728356	0.00776269529581829	0.00519802003502782	0.00256432446184226	9.0385587384464e-05	0.00124152673127205	0.00858671994383816	0.00290900457075431	0.0108070126382775	0.00997503659616863	0.00344888181786102	0.00628443415925997	0.0108008975270709	0.00276676847224653	0.00808982781688401	0.0210691019747453	0.0098237241876989	0.00529059212204423	0.0115907997653141	0.00623468303038173	0.000123172070118931	0.00256439785022234	0.00582468378781204	0.00513516083515928	0.0100156392089525	0.00305153092814069	0.00126628525560177	0.00138929721573384	0.00165675614807361	0.00297150031764636	0.000269767015996728	0.00866951225288472	0.00405281862105658	0.00435102200744125	0.00914669635544023	0.00903614909901982	0.00172814468011931	0.00601991087962713	0.00262008726289628	0.012204253198592	0.0111714848131636	0.0114114943660685	0.00416958072683798	0.00912784758947522	0.00888556779699544
HT29_G1_3F_2	0.00865398731982644	0.0020559533750064	0.000815054716297895	0.00698104235142977	0.0126937186096447	0.00432475150914977	0.00386656796905786	0.000105123867288931	0.00911617581234587	0.00721406230506673	0	0.000894155566059372	0.00938765698632164	0.000752563412298282	0.0010745055919022	0.0116782375215423	0.00528338343936075	0.00773227773542699	0.00548803282334828	0.00193646934331455	0.00515600536922158	0.00747408458742201	0.0158218546968468	0.00271029556531532	0.0133428510617449	0.00665725354689985	0.00752260136310693	0.00669798596606879	0.0054785865007812	0.0031560383597527	0.0128560151854689	0.006862328710659	0.00245889965561949	0.00723088513886696	0.0118073746865053	0.00939466743677162	0.000559333542391404	0.00862999905898842	0.000646940401617128	0.00527626053162987	0.00553308105744282	0.00408427371983527	0.00118568708621366	0.00105698390515204	0.00668301641783276	0.00227491835004805	0.00457592595807757	0.000548645157976167	0.00201607214847767	0.0046497717689223	0.00730444601714896	0.00597255665015537	0.00137269133399114	0.00430509337673717	0.00359306153203904	0.00276105311048035	0.0106628399705741	0.000929644816979056	0.00358694616823847	0.00444732884865265	0.000875785757572787	0.013855882603393	0.00260973524349406	0.00192349919928374	0.00437688283144932	0.000979396698390437	0.00733723180924379	0.00977838908900798	0.00138940160205212	0.0020789319058401	0.00280165721052736	0.00416256753183128	0.00848031709675233	0.00860332561587287	0.00555733233542545	0.00424259786878317	0.00694430060962642	0.0158831861065237	0.0112667516631006	0.0115649418978417	0.0163603366671369	0.00182213387922819	0.00894216316127375	0.00119417193469257	0.00459400929135953	0.0049903654980444	0.00395754915443933	0.00419756930034911	0.00304451774222462	0.00191383524486302	0.00167154796112202
HT29_G1_3F_3	0.00954811365247805	0.0011617986612411	7.91008722060221e-05	0.0078751784416142	0.0135878133457929	0.00343060124670059	0.00476071699804952	0.000789031728443941	0.00822204714532944	0.00810819715346767	0.000894155566059372	0	0.010281778423523	0.000141592191833938	0.000180350094950736	0.0125723412655781	0.00438923616954881	0.00683814112315943	0.00638217596680172	0.00283062295979458	0.00605014986852157	0.0083682180052434	0.0167159172124859	0.0036044476589114	0.0142369396662143	0.00755139129946306	0.00841673450876795	0.00759212351354689	0.00637272968388086	0.0022618853431218	0.0137501084158541	0.00775646541887107	0.00156474546283028	0.00812501989614507	0.0127014773246357	0.0102887888253874	0.00145348881908269	0.00952412554535832	0.00154109561271214	0.00438211323716037	0.00642722401094277	0.00497842206622217	0.000291531643633432	0.000162828400691624	0.00578887470795066	0.00316907135260654	0.00547007264005573	0.000345510475641509	0.00291022562785271	0.00554391818617746	0.00819858037363668	0.00686669767605139	0.000478536002140766	0.00519924099662505	0.00269890943042427	0.00186689938471259	0.011556952007477	0.00182379977950697	0.00269279405286454	0.00534147598241903	1.83698126142986e-05	0.0129617917436868	0.00171558127567822	0.00281765283767579	0.00348273271477302	0.00187355161124395	0.00823136598590744	0.0106725077660153	0.00228355603917755	0.00297308527379749	0.00190750355249277	0.00505671562457059	0.00937444453328494	0.00949745227269697	0.00645147518610401	0.00513674569777062	0.00783843689214181	0.0167772479231462	0.0121608588539589	0.0124590466026113	0.0172543929574415	0.000927978916428609	0.00983628761577754	0.00208832661321688	0.00548815590888359	0.00409621724326622	0.003063397920932	0.00330341869059313	0.00393866904704998	0.0010196803749726	0.000777392858666246
HT29_G1_4A_1	0.00073369306412152	0.0114435229416809	0.0102026808340845	0.00240667662653268	0.00330621580514495	0.0137121877561536	0.00552116797434629	0.00949277715124641	0.0185032025304603	0.0021736525291964	0.00938765698632164	0.010281778423523	0	0.0101401920729187	0.0104621208402899	0.00229067888803047	0.0146707516866642	0.0171194406581394	0.00389970322002078	0.00745124108990659	0.0042317322355814	0.00191362515181387	0.0064345708513634	0.00667742841695893	0.00395538786882226	0.00273047052598862	0.00186510737045923	0.00268973750826538	0.00390914959823573	0.0125435481235506	0.00346852199802904	0.002525392224843	0.0118464483733149	0.00215682938077454	0.00241982273665146	7.01068947323464e-06	0.00882834175428401	0.000757682023452122	0.00874073755145119	0.0146636293098337	0.00385465471138582	0.00530346336712404	0.0105732975224827	0.0104445999035279	0.016070272889008	0.00711279855679361	0.00481181242077332	0.00993628191224417	0.00737163988395131	0.00473796664955254	0.00208326710243276	0.00341517565507321	0.0107602934672678	0.00508264451171113	0.0129805450106952	0.012148585393737	0.0012752330154398	0.00845804131742543	0.0129744300246169	0.00494040936500391	0.0102634093763989	0.0232423316725347	0.0119972758429129	0.0074642109688824	0.0137643155591374	0.00840829081419631	0.002050480673469	0.000390746170767443	0.00799829656487948	0.00730878135610917	0.0121891872329327	0.00522516988059604	0.000907368248753153	0.000784356238268882	0.00383040327939555	0.00514513982944245	0.00244341898525342	0.00649590726088934	0.00187917254238669	0.00217737750059146	0.00697309764554557	0.0112097149848716	0.000445508502308747	0.00819352131525593	0.00479372910092726	0.0143777552676206	0.0133450096097516	0.0135850140472047	0.00634321071643754	0.0113014118739069	0.0110591362808934
HT29_G1_4A_2	0.00940652649551593	0.00130339076734454	6.24913189471377e-05	0.00773358966847308	0.0134462313637141	0.00357219274428046	0.00461912604373652	0.000647439565523759	0.00836363542666837	0.007966608586866	0.000752563412298282	0.000141592191833938	0.0101401920729187	0	0.000321942283115856	0.0124307578139675	0.00453082723392803	0.00697973060388506	0.00624058601336303	0.00268903119707884	0.00590855968626929	0.00822662967622251	0.0165743404653305	0.00346285617022154	0.014095358682651	0.00740980224934293	0.00827514622491581	0.00745053449762064	0.00623113972375508	0.00240347722717464	0.0136085266791046	0.00761487654282466	0.0017063375034727	0.00798343134468723	0.0125598940536398	0.010147202482773	0.00131189673497261	0.00938253836303934	0.00139950354274579	0.00452370430514298	0.00628563408950264	0.00483683122926824	0.000433123827993278	0.000304420589329592	0.00593046495135823	0.00302747970147411	0.00532848208753017	0.000203918287957326	0.00276863389022831	0.00540232767873272	0.00805699188878131	0.00672510807850721	0.000620128177065061	0.00505765028410376	0.00284050118816108	0.00200849136429353	0.0114153671995674	0.00168220776090096	0.00283438581251505	0.00519988535290303	0.000123222377681784	0.013103374239323	0.00185717328712877	0.00267606107095046	0.00362432419145424	0.00173195960259145	0.00808977753090576	0.0105309218690867	0.00214196412324342	0.002831493556467	0.00204909552303008	0.00491512483110724	0.00923285719414592	0.00935586506225248	0.00630988528195896	0.00499515494948135	0.007696848086988	0.0166356712892964	0.0120192748390758	0.0123174629940641	0.017112817218935	0.00106957105198257	0.00969470076846805	0.0019467346508329	0.00534656536733822	0.00423780845117921	0.00320498955665383	0.00344501023775173	0.00379707769745148	0.00116127249971464	0.000918985009841193
HT29_G1_4A_3	0.00972845711330973	0.000981448648430428	0.000259450966377395	0.00805552399975873	0.0137681501217292	0.00325025195651133	0.0049410654065461	0.000969381768309694	0.00804170184071924	0.00828854244313099	0.0010745055919022	0.000180350094950736	0.0104621208402899	0.000321942283115856	0	0.0127526799367829	0.00420888740888046	0.00665779432289585	0.0065625230629138	0.00301097244270028	0.00623049726373669	0.00854856298630507	0.0168962472481508	0.0037847967748768	0.0144172751552876	0.00773173721791847	0.00859707943118621	0.00777246938748662	0.00655307678869828	0.00208153558770439	0.0139304448755534	0.00793681111082602	0.00138439552406067	0.00830536516613149	0.0128818157628196	0.0104691312318082	0.00163383874321082	0.00970446903905714	0.00172144551693625	0.00420176447205058	0.00660757106527807	0.00515877032022585	0.000111181550417245	1.75216908974602e-05	0.00560852696060505	0.00334942068556167	0.00565042052035268	0.000525860557552748	0.00309057507698683	0.00572426600739717	0.00837892555711747	0.00704704430761162	0.000298185917705791	0.00537958908705015	0.00251855982582573	0.00168654951674623	0.0117372924297493	0.00200414961176435	0.00251244444595819	0.00552182396378857	0.000198719908621267	0.012781453698766	0.00153523137061525	0.00299800232603056	0.00330238344990502	0.00205390142961496	0.00841171113056759	0.0108528495958864	0.00246390572989559	0.00315343469559543	0.00172715369505075	0.00523706382137064	0.00955478823018291	0.00967779580284667	0.00663182221781846	0.00531709383520215	0.00801878249192195	0.0169575778131038	0.0123411982521505	0.0126393854763386	0.0174347216959244	0.000747628871432304	0.0100166306755545	0.00226867636773165	0.00566850377476196	0.00391586830656725	0.00288304846320247	0.00312306934015007	0.00411901797810124	0.000839330341815775	0.000597042797006869
HT29_G1_4B_1	0.00302436997424154	0.0137340606127757	0.0124932453001821	0.00469734542537132	0.0010155399011206	0.016002669139398	0.00781180828126913	0.0117833556819679	0.0207935338387415	0.00446432275840238	0.0116782375215423	0.0125723412655781	0.00229067888803047	0.0124307578139675	0.0127526799367829	0	0.0169612064415507	0.019409819681199	0.00619036053976161	0.00974185495152878	0.00652238645755155	0.00420429686227647	0.00414391560717042	0.00896805369137684	0.00166471482993859	0.00502113717543673	0.00415577934387965	0.00498040443847725	0.00619980683259914	0.0148340596823861	0.00117784674038116	0.00481606025746552	0.014136976737376	0.00444749970950118	0.000129144126523681	0.00228366820926742	0.0111189326162219	0.00304835885269079	0.0110313299792403	0.0169540842688144	0.00614531243615112	0.007594106233984	0.0128638542803079	0.0127351593665165	0.0183606857193791	0.0094034175436391	0.00710246075397256	0.01222685176406	0.00966225496970641	0.00702861576610032	0.00437393786026195	0.00570583713930247	0.01305084624057	0.00737328988767949	0.0152710455797207	0.0144391065835498	0.00101544702517163	0.0107486387028879	0.0152649307498533	0.00723105631053576	0.012553972596626	0.025532472468297	0.0142878006464998	0.0097548246299648	0.0160547955378373	0.0106988890570921	0.00434115161945054	0.00189993337859304	0.0102889017025199	0.00959939740041737	0.0144797074458973	0.00751581364715898	0.00319804454993169	0.00307503297635265	0.00612106122068321	0.00743578450422514	0.00473408754967972	0.00420525259430439	0.000411507033532791	0.000113301606460601	0.00468244769880613	0.0135002579202592	0.00273618630402194	0.0104841232079754	0.00708437762683837	0.0166682183415567	0.0156355007445769	0.0158754988360422	0.0086338405845988	0.013591952756644	0.0133496825536517
HT29_G1_4B_2	0.0139371177492137	0.00322744410424033	0.00446833642128244	0.0122642459503795	0.0179766248919908	0.000958640718797188	0.00914987690954323	0.00517826072214312	0.00383286673594822	0.0124972564054173	0.00528338343936075	0.00438923616954881	0.0146707516866642	0.00453082723392803	0.00420888740888046	0.0169612064415507	0	0.00244893454975495	0.0107712919462879	0.00721982329628413	0.0104392755833582	0.0127572678234438	0.0211045416115536	0.00799363334068545	0.0186257150975504	0.0119404699715136	0.0128057825410564	0.0119812008010797	0.010761845945588	0.00212735929854603	0.0181389110664832	0.0121455370623707	0.00282449848379703	0.0125140785447767	0.0170903358749636	0.014677761785024	0.00584271008173341	0.0139131306191544	0.00593031574107142	7.12297824687312e-06	0.0108163386402941	0.00936757660744473	0.00409770662605908	0.00422640897867835	0.00139965284571299	0.0075582655355909	0.0098592144501214	0.00473474377111721	0.00729942455288215	0.00993305801186142	0.0125876363727421	0.0112557987666876	0.00391070345756255	0.00958838992323407	0.0016903347742719	0.00252234507309891	0.0159458673039876	0.00621301606481081	0.00169645016263073	0.00973062120318384	0.00440760584147379	0.00857275296762749	0.0026736629662892	0.0072068534020758	0.000906509018960681	0.00626276719137736	0.0126204207981285	0.0150614638571732	0.00667276547956466	0.00736228306864333	0.00248174094954498	0.00944586819437238	0.0137634556591894	0.0138864584306079	0.0108405890857042	0.00952589623052497	0.0122275056857798	0.0211658683228404	0.0165497447638961	0.0168479175447695	0.0216429818100346	0.00346126290221748	0.0142252798210534	0.00647753905020186	0.00987729723473786	0.000293021042868453	0.00132584540444268	0.0010858237997764	0.00832784775623451	0.00336956183788328	0.00361184824863464
HT29_G1_4B_3	0.0163858288659826	0.00567636057158855	0.00691724049499732	0.0147130037181217	0.0204252013727306	0.00340757203816548	0.0115987072213024	0.00762715635211029	0.00138393745300854	0.0149460079963245	0.00773227773542699	0.00683814112315943	0.0171194406581394	0.00697973060388506	0.00665779432289585	0.019409819681199	0.00244893454975495	0	0.0132200868184707	0.00966868917321667	0.0128880781248884	0.0152060123989429	0.0235529926237338	0.0104424858246793	0.0210742670587682	0.014389236149407	0.0152545257932472	0.0144299659320324	0.0132106410388975	0.00457628423038952	0.0205874814914857	0.014594297936944	0.00527341832709005	0.0149628296857227	0.0195389445484176	0.0171264505399427	0.00829159691842227	0.016361842442652	0.00837920135423265	0.00245605751991552	0.0132651324555744	0.0118164024555442	0.00654661471696672	0.00667531570502931	0.00104928315932393	0.010007125697648	0.0123080298812946	0.00718364479152813	0.00974828910566172	0.0123818718381603	0.0150363855397772	0.0137045820666125	0.00635961347340757	0.0120372111503734	0.00413926240925127	0.00497126723904452	0.0183945153452531	0.00866189762780906	0.00414537776233922	0.0121794394040458	0.00685651059184017	0.00612387075508391	0.00512258399144978	0.00965571949359035	0.00335544056071564	0.00871164802551168	0.0150691690820616	0.0175101406159558	0.00912164012395928	0.00981114656709522	0.00493066341393347	0.0118946924148257	0.0162121718677353	0.0163351710386539	0.0132893823304059	0.0119747187750147	0.0146762644179717	0.0236143166909948	0.0189983723425302	0.0192965347644474	0.0240914093669364	0.0059101772646715	0.0166739823618735	0.00892641668268509	0.0123261122738929	0.00274195479760707	0.00377477500657724	0.00353475455445998	0.0107766940970144	0.00581847703858502	0.00606076119879554
HT29_G1_4C_1	0.00316601369704244	0.00754395240404369	0.00630307635693514	0.0014930320780888	0.00720588281524873	0.00981269169961995	0.00162147845134469	0.00559315541139648	0.014603916913428	0.00172605641656396	0.00548803282334828	0.00638217596680172	0.00389970322002078	0.00624058601336303	0.0065625230629138	0.00619036053976161	0.0107712919462879	0.0132200868184707	0	0.00355157841816986	0.000332031163225249	0.00198608386716143	0.0103341732382139	0.00277775360023361	0.00785504388923664	0.00116923756823752	0.00203460163935111	0.00120997068040114	9.44644049816414e-06	0.00864401168968427	0.00736818637958356	0.00137431629322797	0.00794688988884911	0.00174287957596844	0.00631950269925188	0.00390671387131018	0.0049287052752045	0.00314202482584492	0.00484109923119645	0.0107641692889762	4.50487737323977e-05	0.00140377153564189	0.00667370268023987	0.00654500166710072	0.0121708713599483	0.00321313034571771	0.000912115912055027	0.00603667077348457	0.00347197587753933	0.000838269502506935	0.00181644189216747	0.000484530092694266	0.00686070364860765	0.00118295048762063	0.00908102317474896	0.00824903627999844	0.00517492619028907	0.00455839721802433	0.00907490798027964	0.00104071400793892	0.00636380644872675	0.0193433258670164	0.00809772200067847	0.00356454851646525	0.00986482140336848	0.00450864572335901	0.00184922833270214	0.00429044683709077	0.00409864359551824	0.00340911630961243	0.00828963940018338	0.00132547725453406	0.00299233911092762	0.00311535070696082	6.93003456290212e-05	0.00124544641068176	0.00145628966619548	0.0103955080869883	0.00577885923984236	0.00607706059264724	0.0108726859445657	0.00731013768530296	0.00345419706314078	0.00429387203246568	0.000894032434456918	0.0104782841205684	0.00944550040603983	0.00968551338924467	0.00244353122557262	0.00740183720596824	0.00715955471669078
HT29_G1_4C_2	0.00671756242041086	0.00399241638979151	0.00275152233215397	0.00504459996671592	0.0107573533354623	0.00626119993707845	0.00193010435262589	0.0020415930452902	0.011052567026983	0.0052776221017666	0.00193646934331455	0.00283062295979458	0.00745124108990659	0.00268903119707884	0.00301097244270028	0.00974185495152878	0.00721982329628413	0.00966868917321667	0.00355157841816986	0	0.00321954875155313	0.00553764691543338	0.0138855523889556	0.000773827832874829	0.0114064976527737	0.00472080826780463	0.00558616417478423	0.00476154104234384	0.00354213203034295	0.0050924953004977	0.0109196528187215	0.00492588524628877	0.00439536066341708	0.00529444509623873	0.00987099423017842	0.00745825163029781	0.00137713639353048	0.00669357387891415	0.0012895295835327	0.00721270045753747	0.00359662696535687	0.00214781110702051	0.00312215357739215	0.00299345081097516	0.00861944118252661	0.000338449598157632	0.00263946587802478	0.00248511345127806	7.96029284948744e-05	0.00271331210114045	0.00536800668210969	0.00403610577469097	0.00330915717693774	0.00236863185584609	0.00552951553826734	0.00469751244819798	0.00872644165330888	0.00100682524622416	0.00552340021755805	0.00251086807050279	0.0028122532037778	0.0157921816125419	0.0045461954352907	1.29701639905072e-05	0.00631333083015289	0.000957073365917303	0.00540079279223373	0.00784197831874913	0.000547068325621044	0.000142462790091472	0.00473811631299907	0.00222610529762812	0.0065438901851909	0.00666690012476237	0.00362087841319182	0.00230613603129585	0.00500785788847781	0.0139468851789143	0.00933036252494491	0.00962855749405193	0.0144240466688677	0.00375859794322233	0.00700574170119141	0.000742298090260907	0.00265754931153123	0.00692680812695223	0.00589400048605719	0.00613401875774768	0.00110805098931685	0.00385029890738248	0.0036080126559981
HT29_G1_4C_3	0.00349804341815396	0.00721192838384003	0.00597105013017077	0.00182506288602581	0.00753790692724546	0.00948067277217215	0.00128944756137021	0.00526112810569473	0.0142719132673541	0.00205808711664261	0.00515600536922158	0.00605014986852157	0.0042317322355814	0.00590855968626929	0.00623049726373669	0.00652238645755155	0.0104392755833582	0.0128880781248884	0.000332031163225249	0.00321954875155313	0	0.00231811443036381	0.0106661901257332	0.00244572332571014	0.0081870667081263	0.001501268502608	0.00236663217502519	0.00154200160021437	0.000322584728797745	0.00831198996764786	0.00770021017842042	0.00170634715064093	0.0076148666730784	0.00207491026770865	0.00665152840213269	0.00423874287944995	0.00459667708039536	0.00347405456771933	0.00450907092787928	0.0104321529060772	0.000377079934853395	0.00107174056904247	0.00634167706975804	0.00621297583848254	0.0118388591831831	0.0028811003938513	0.000580084818012976	0.00570464412620201	0.00313994614113996	0.000506238394720303	0.00214847254670795	0.000816561204193833	0.00652867836291609	0.000850919455930832	0.00874900245507962	0.00791701369575176	0.00550695364835155	0.00422636857830084	0.00874288724622361	0.000708682941208808	0.006031780320459	0.0190113434395298	0.00776569909714865	0.00323251886139765	0.00953280260906445	0.0041766170266304	0.00218125897011286	0.00462247542009026	0.00376661445375725	0.00307708651923806	0.00795761690266122	0.000993446263441535	0.00332436897864557	0.00344738047166548	0.000401331505684439	0.000913415396179788	0.00178832048982984	0.0107275248078696	0.00611088581382465	0.00640908669545607	0.0112047013361872	0.00697811321808432	0.00378622652375903	0.00396184309708018	0.000562001336834298	0.0101462669476918	0.00911348056129093	0.00935349414001608	0.00211150073713892	0.00706981291234279	0.00682752996927275
