	HT29_G1_1B_1	HT29_G1_1B_2	HT29_G1_1B_3	HT29_G1_2A_1	HT29_G1_2A_2	HT29_G1_2A_3	HT29_G1_3E_1	HT29_G1_3E_2	HT29_G1_3E_3	HT29_G1_3F_2	HT29_G1_3F_3	HT29_G1_4A_1	HT29_G1_4A_2	HT29_G1_4B_3	HT29_G1_4C_1	HT29_G1_4F_1	HT29_G1_4F_2	HT29_G1_4F_3	HT29_G1_5A_1	HT29_G1_5A_2	HT29_G1_5A_3	HT29_G1_5B_1	HT29_G1_5B_2	HT29_G1_5B_3	HT29_G1_5C_2	HT29_G1_5C_3	HT29_G1_5D_1	HT29_G1_5D_2	HT29_G1_5D_3	HT29_G1_5E_1	HT29_G1_5E_2	HT29_G1_5E_3	HT29_G1_5F_3	HT29_G2_4G_1	HT29_G2_4G_2	HT29_G2_4G_3	HT29_G2_4H_1	HT29_G2_4H_2	HT29_G2_4H_3	HT29_G2_5A_1	HT29_G2_5A_2	HT29_G2_5A_3	HT29_G2_5B_2	HT29_G2_5B_3	HT29_G2_5E_1	HT29_G2_5E_2	HT29_G2_5E_3	HT29_G2_5F_1	HT29_G2_5F_2	HT29_G2_5F_3	HT29_G2_5G_1	HT29_G2_5G_2	HT29_G2_5G_3	HT29_G2_5H_1	HT29_G2_6A_1	HT29_G2_6B_1	HT29_G2_6B_2	HT29_G2_6B_3	HT29_G2_6C_2	HT29_G2_6C_3	HT29_G2_6D_1	HT29_G2_6D_2	HT29_G2_6D_3	HT29_G2_6E_1	HT29_G2_6E_2	HT29_G2_6E_3	HT29_G2_6F_1	HT29_G2_6F_2	HT29_G2_6F_3	HT29_G2_6G_1	HT29_G2_6G_2	HT29_G2_6G_3	HT29Root1_3	HT29Root2_1	HT29Root2_2	HT29Root2_3
HT29_G1_1B_1	0	0.00671971362307299	0.00575155328064565	0.00100708959580255	0.00558772919579711	0.00813313806979982	0.029450256302583	0.00410458660218422	0.00933943472506367	0.00337862163420671	0.00704025374395491	0.00234049289827169	0.00623037044461392	0.0108742402027659	0.00697308943522393	0.0111322266245749	0.0108374906179188	0.0147282438447607	0.0145473229201678	0.0134601003921035	0.0041245806377658	0.0110176744560616	0.00493258217818159	0.0158981788463346	0.0168963160317116	0.00465363093921568	0.0134525437936575	0.00631475197768892	0.00431654601574007	0.00970708744966036	0.00449855823749275	0.00833478930539252	0.00840877621466285	0.0314446016388811	0.00696997326795375	0.010314107341419	0.0144413080466546	0.000671012540434981	0.010800483682596	0.0124521538574029	0.00502116032192741	0.00942361700829018	0.00983424804875078	0.00867055888323684	0.00720377504503135	0.0109919541672854	0.00759177094750448	0.00637051860504751	0.011434226236727	0.0107180968486977	0.0108828696110995	0.00846610324451467	0.00788576163301038	0.00943196389821649	0.0469475475911721	0.00760356412429414	0.00228177731161105	0.00783755134317654	0.00799839040359039	0.00540321308273715	0.00505116977980229	0.0146561203362697	0.0103427851639947	0.00179782007647204	0.0125107639173576	0.0011747538298364	0.00512179043684874	0.000423374254944392	0.0111288841873976	0.00473914669240321	0.00853588767617452	0.0127573479515025	0.0113073848273262	0.00779866395501849	0.0179749048156982	0.00211402751004001
HT29_G1_1B_2	0.00671971362307299	0	0.0117870262631266	0.00575524661877452	0.00841067121667766	0.00680273906803198	0.0241142618074417	0.0063014578629831	0.00565288094323314	0.00430040256356546	0.00554938564994444	0.0067608675961364	0.00286210481643818	0.00481393607904748	0.000410894362901857	0.00823083771831402	0.00836920035025938	0.0171735618966473	0.00797573580475856	0.0126994246727686	0.00887852550422385	0.00605830885160502	0.00245560945976851	0.0214971420824585	0.0103264446003696	0.00272132868989646	0.00769215895290286	0.000965341619465866	0.00693332892633421	0.00556526771299057	0.00224545319542429	0.00642242108896473	0.00848173976817209	0.0248548548580278	0.000953346847742302	0.00458086073361951	0.00777410469079446	0.00615189831831811	0.00416009205469789	0.00832620434848792	0.00169899850571598	0.00477987933131424	0.00605814452898396	0.00501037706192785	0.00193519159433247	0.0101160268927164	0.00642421151861752	0.0103071463505136	0.00471627457926173	0.0086205782058339	0.0042171269998643	0.00459598708215288	0.00563173579456417	0.00330073156612451	0.0407523826229128	0.000888052697481299	0.00729857943962642	0.00585288874654956	0.00607729380031295	0.00325790108905081	0.0023238855332405	0.00993993131264106	0.0145964950533649	0.00636535691526929	0.0106186066118771	0.00559115831200922	0.00320567696985365	0.00633086067801474	0.00501254316320918	0.00232653882903811	0.00329466564769013	0.00654352667740835	0.00567303411929742	0.00385005862912414	0.0113001267225923	0.00637691709920091
HT29_G1_1B_3	0.00575155328064565	0.0117870262631266	0	0.00669128273654324	0.005330220070347	0.00981722984860857	0.0351806620527141	0.0061786494712394	0.012161629126184	0.00912120336339045	0.0127503518997562	0.0050403491648525	0.0101960996231787	0.0149590647416763	0.0121230126673369	0.0129148180915458	0.0123756266190044	0.0111571497514297	0.0189356982854539	0.0129821190702207	0.00329814756427566	0.0142835753524884	0.0104988352462375	0.010150148869387	0.0211994083826414	0.0102483522202008	0.0190527388805448	0.0116411827444788	0.00571714951983799	0.0127168503213372	0.00978766542118586	0.0103450092736206	0.00883935187381736	0.0366066308222694	0.0122763218976293	0.0142309087961054	0.0195165790870776	0.00641725910846582	0.0159415149483343	0.0148609530658747	0.0101693569727405	0.0128203167430885	0.0125721550524396	0.0116910049718811	0.0127033518744126	0.0112266646365363	0.00943044577266921	0.003979399401921	0.0163777834984852	0.0120095082845952	0.015602265249927	0.0116823569066043	0.013617411281968	0.0137514410275088	0.0524624527589874	0.0126063322050466	0.00448950339560467	0.0101263505273543	0.0101675074133806	0.00930996137193155	0.0105997157709672	0.0204006412987794	0.00573522484362453	0.00543109373713984	0.0131813414647436	0.00684431271455603	0.00914342524417861	0.00596942083817547	0.0165913020632769	0.00949161387444408	0.0125008138847581	0.0168007239901014	0.0150110680053822	0.013512059156884	0.0224990179333802	0.00760641332264863
HT29_G1_2A_1	0.00100708959580255	0.00575524661877452	0.00669128273654324	0	0.00586607864999182	0.00782782273321448	0.0284933768198609	0.00408103439979933	0.00875995815434385	0.00243754543365084	0.00620978660116644	0.00264966087887378	0.00550507295339705	0.010032368332616	0.0059949013993871	0.0107095523275799	0.0104681283943999	0.0151812828054678	0.0136358970753296	0.0133987675651282	0.00474796647342523	0.0103192762621102	0.00392586745840093	0.0168209475428244	0.0159882796781975	0.00364806275276854	0.0124539180843604	0.00531855044571026	0.00442774307464035	0.00908169204805155	0.00351976569308108	0.00795365782080755	0.00833858650221612	0.0304427720578494	0.00597360283365647	0.00950764198846741	0.0134514388143339	0.000400261131876209	0.00981032326148296	0.0118880043290272	0.00406148372962376	0.00872887128261425	0.00925900361335856	0.00806945583549327	0.00619670607184482	0.0108610987088906	0.00728082611819915	0.00691927964690923	0.0104629754131087	0.0103985058721964	0.00994215846645396	0.0078306460972759	0.00702227085742749	0.00856520591471399	0.0459463760869126	0.00664204861906149	0.00280340962059199	0.0074195169416355	0.00759851299924724	0.00473184725386223	0.00404414067998663	0.0137119753474286	0.0110351895715534	0.00200530420353207	0.0122630771349292	0.000168313681029569	0.00443655860473179	0.000722230846863492	0.0101218738133145	0.00387745933871292	0.0077478597090967	0.011906432044238	0.0105264574849824	0.00682652889260812	0.017036401783948	0.00176444158247576
HT29_G1_2A_2	0.00558772919579711	0.00841067121667766	0.005330220070347	0.00586607864999182	0	0.00452317914020554	0.0325216345803129	0.0021998881521124	0.00705300601207691	0.00779570991259782	0.0116033070702167	0.00326076952635981	0.00598142778003157	0.0103245395601471	0.0088132640514937	0.00758667374819274	0.00704626471038026	0.00939947662083937	0.0143457746477941	0.00826900037422147	0.00233166959788664	0.00924588113612876	0.00821569553562032	0.0134509535343647	0.0164894476303073	0.00808628166020499	0.0161020968055956	0.00867718288189775	0.00160308442099623	0.00764905658692366	0.00711990847336626	0.00509225734681416	0.00358454635282269	0.032470883866587	0.00918829806076943	0.00953005575141835	0.0155684877835805	0.0059160333505279	0.0122576777225319	0.00957284004879975	0.00720127853555241	0.00791804173277751	0.00741571619173365	0.00669111046946704	0.00993546755127361	0.00612629587283338	0.00418618672460736	0.00203929392264091	0.0124159937517963	0.00669020598801965	0.0114471439032548	0.00677510366722497	0.0122576534003244	0.00937185434757754	0.0488471373878749	0.00903533484491559	0.00336118253614356	0.00496372958824952	0.00496508415942968	0.00525211515352005	0.00825463448762253	0.0181618712440795	0.00619743544907792	0.00387574104218715	0.00799163789249058	0.00591299118359077	0.00523190397805362	0.00540954143710671	0.0134146285293345	0.00620022180102962	0.00796507341375475	0.0120539182266856	0.0101459961453837	0.0113687383179839	0.0179188852581243	0.00758213826575791
HT29_G1_2A_3	0.00813313806979982	0.00680273906803198	0.00981722984860857	0.00782782273321448	0.00452317914020554	0	0.0301014675726713	0.00422550406923398	0.00279501729485139	0.00861472030988706	0.0117280577765967	0.00615280449956165	0.00396889471290342	0.00658738133913999	0.00718868050563063	0.00316706707540722	0.00274737482936134	0.0108092652209207	0.0104580410009419	0.00602246480267129	0.0066123556921543	0.00498005210948916	0.00796560505462428	0.0174419148198201	0.0124169815776405	0.00800363738661861	0.0139419720389823	0.00752009728124934	0.00437460738615596	0.0034227981009643	0.0068155917991586	0.000666025181419375	0.00198255531062946	0.028741800244343	0.00775322155967796	0.00576216121624188	0.0123593035029645	0.00809213277394511	0.00959839236607741	0.00505077424259635	0.00650735088973161	0.00397751472296216	0.00304282370540782	0.00272470244937408	0.0087174457517237	0.00338380188505948	0.00054712439179843	0.00637354827714744	0.00939945522600805	0.00258505127818932	0.00827224705401278	0.00300826046858312	0.0120877040873955	0.00611988952582458	0.0454589524979545	0.00701369871532457	0.00661433502943746	0.000999968579790369	0.00081150885101406	0.00394939966801227	0.00792623706861697	0.0165853758441329	0.0097700627811289	0.00644126844393248	0.00445134630073243	0.0077729629555356	0.00419044501835658	0.00777300135531411	0.011230726415866	0.00552236257188286	0.0046920278040493	0.00806302060759873	0.00608713786511482	0.0105671998899113	0.0139522400917075	0.00950769682415967
HT29_G1_3E_1	0.029450256302583	0.0241142618074417	0.0351806620527141	0.0284933768198609	0.0325216345803129	0.0301014675726713	0	0.0303910309538016	0.0276996594585849	0.026072868330866	0.0226954757345024	0.0304851934520698	0.0267195119130811	0.0238831870121461	0.0237115429623569	0.0297338158114114	0.0302573617012043	0.0409027882310657	0.0210532793188752	0.0348602646787899	0.0327460981758833	0.0261481223783656	0.02475957964785	0.0452719983087322	0.0205162970673101	0.02498605999713	0.0164235462770435	0.0239087643598656	0.0310230591651779	0.0271746771989093	0.0256456719853906	0.0295140402259189	0.0320473799685116	0.0124543291594297	0.0233565502231958	0.0246389793989653	0.0180258563609848	0.0287802121202418	0.0205262665610498	0.0281607175572232	0.0254221363714414	0.0263595101827286	0.0277632089428182	0.0274723637847511	0.0226983938507874	0.0327860214708248	0.0299152459212817	0.0343884278280635	0.0207292331540919	0.0307565353235726	0.0218838428053009	0.0271288348030981	0.0217723144789744	0.0240015330406742	0.0192111034428969	0.0235286866882818	0.0309269456987169	0.0291125207553398	0.0292902868684231	0.0273220208324005	0.0246742259920003	0.0148125086920619	0.0386961422446175	0.0299426935549031	0.0322569892300617	0.0283395762704321	0.0273067927913448	0.0292145186155917	0.0191240490731786	0.0263574191207961	0.0254116384096813	0.0231533568993857	0.0248216694656709	0.0216754922202728	0.0190081509434893	0.0278247248909088
HT29_G1_3E_2	0.00410458660218422	0.0063014578629831	0.0061786494712394	0.00408103439979933	0.0021998881521124	0.00422550406923398	0.0303910309538016	0	0.006100284379489	0.00571704782601535	0.0094660559974546	0.00193708540461868	0.00413022361292688	0.00880276348530137	0.00669600967274971	0.00736637430587097	0.00697276376770783	0.0115252180724992	0.0128043833642559	0.00936260109867645	0.0029042012430402	0.00814962714763055	0.00601922467687101	0.0152906536145467	0.0150422643033622	0.00589632235886659	0.0139769411970984	0.00650592887170602	0.000632538608161323	0.00661566461415089	0.00492022114243848	0.00457328715127348	0.00430539695789826	0.0307174407898838	0.00703789269447328	0.00806042854959373	0.0136958025139438	0.00423677462284065	0.010271723566879	0.00901834761809239	0.00501560357747276	0.00665328254846917	0.00654777503501633	0.00556744329003627	0.0077551971825215	0.00689032519095984	0.0037173110338814	0.00400603684928484	0.010529104711129	0.00677392726616337	0.00963724375949398	0.00552430559315575	0.010091947508925	0.00766646590606906	0.0469257111105309	0.00698211318598356	0.00239075636383132	0.00419952826578692	0.00430146493340029	0.00329640062288141	0.00605623624988644	0.0159729303145144	0.00831043692401972	0.00231810785644333	0.00846692950430148	0.00408537443805188	0.00320854807014724	0.00380915443517031	0.0113136008645886	0.0040372982506938	0.00635437081828478	0.0106297347642065	0.0088338764218522	0.00916898256488754	0.0163795553551057	0.00584544714350053
HT29_G1_3E_3	0.00933943472506367	0.00565288094323314	0.012161629126184	0.00875995815434385	0.00705300601207691	0.00279501729485139	0.0276996594585849	0.006100284379489	0	0.00877062874366873	0.0111293781411065	0.00783113788360381	0.00347562148609108	0.00390227880971211	0.00595358977151868	0.00258824247328256	0.00282623359112642	0.0133398446211678	0.00767598192419942	0.00743845359482963	0.0088705557864219	0.00221021641459293	0.00754892942845901	0.0202157339532148	0.00962401806038557	0.00768952618887192	0.0118474759143466	0.00656348593949923	0.00646709369295879	0.000627822172547298	0.00658561300556083	0.00212931927716599	0.00471992455006773	0.0259597169144721	0.00656169520891527	0.00309635001451095	0.00977798129757082	0.0091037910357233	0.0073927405856424	0.00312896033080643	0.00608548406843832	0.00134139964570987	0.000499711737091939	0.000718448930687221	0.00754344654932111	0.00511149597067526	0.00293030414373338	0.00901662538842529	0.0069926912250654	0.00320398280631034	0.00582668349052379	0.00108266093983759	0.0112790797708849	0.00379037955519062	0.0427252414479818	0.00551250601795627	0.00837936388307386	0.00209300991314094	0.00212527068838699	0.00406611684313299	0.00746470921376332	0.014738683978608	0.0125616643378829	0.0079158657566075	0.00508821620753445	0.00865754979270959	0.0043692308997303	0.00892978579602434	0.00922638635504373	0.00539421568539005	0.00260453641222099	0.00527401509276766	0.00329723485599815	0.00947714207319536	0.0111579898017699	0.0102083673998688
HT29_G1_3F_2	0.00337862163420671	0.00430040256356546	0.00912120336339045	0.00243754543365084	0.00779570991259782	0.00861472030988706	0.026072868330866	0.00571704782601535	0.00877062874366873	0	0.00386270729398113	0.00482983849743881	0.00529508184956563	0.00904504372803933	0.00439984204385431	0.0110799830175139	0.0109837746066465	0.0171945240354784	0.0122414007549191	0.0145394423584887	0.0070664038569438	0.00987715124862677	0.00193309207685346	0.0192570521698266	0.0145821452708167	0.00163317559866867	0.0101487029462933	0.00356555963875257	0.00622237436660516	0.00893383373637556	0.00228387494025643	0.00855164502721623	0.00959821460575531	0.0283687430394431	0.00417336636048406	0.00868993937259365	0.0115600516485709	0.00270832963438779	0.00796094766406748	0.0118259114792731	0.00288032298024902	0.00836784251050996	0.00925823856291066	0.00805224672474607	0.00411021963531282	0.0119130583572249	0.00808754724714317	0.0091329802689646	0.00876265349701491	0.011039116152753	0.00845706009811901	0.00771964644610159	0.00462360639744134	0.00752137333549079	0.0436514012382383	0.00514638394427801	0.00511957068106895	0.00795764752277037	0.00817102788457421	0.00482384783638063	0.00207316965003636	0.0112806598203669	0.0133528389757031	0.00419369982615809	0.0130204349186699	0.00229359616904644	0.00453427798970229	0.0031586914379983	0.00796355981532022	0.00337650741265072	0.00709304204658866	0.0108276035177349	0.0097743176817918	0.00443077845052082	0.0154630766801986	0.00217290152242279
HT29_G1_3F_3	0.00704025374395491	0.00554938564994444	0.0127503518997562	0.00620978660116644	0.0116033070702167	0.0117280577765967	0.0226954757345024	0.0094660559974546	0.0111293781411065	0.00386270729398113	0	0.00869223390200726	0.00789002958586931	0.0100169052967061	0.00533939602246592	0.0136665831442604	0.013724204974925	0.0209877277003679	0.0121544938732748	0.0177498231691126	0.0109181507329274	0.0115769206196312	0.00376335528955047	0.0228927549067689	0.0143247361039165	0.00375034281416576	0.00766693523493127	0.00459508225150636	0.0100103050331387	0.0110954396300035	0.00492844087896475	0.0115094778224527	0.0130233058150443	0.0262202784211574	0.00476824996237303	0.00997609312065078	0.0103751521308058	0.00640105642832373	0.00730165954182293	0.013875152704054	0.00522986989553606	0.0103278440589437	0.0115614632137686	0.0104502821550449	0.00393194070968581	0.0151097356445249	0.0112483125508046	0.0129947151251647	0.00835947224649725	0.0138989702180586	0.00858259883975898	0.0100509759933646	0.000932489286753147	0.00861845044620772	0.0407718031762665	0.00600026165113942	0.00896715499259593	0.0109061797383762	0.0111333462130371	0.00777972587527547	0.00380303949534177	0.00792607791027262	0.0172091438368794	0.00805436025733189	0.0159172520359155	0.00608662191472964	0.00755054495261448	0.00690741573189101	0.00632677100299254	0.00621092722078986	0.00884311862262781	0.0114542890307967	0.0110382049709846	0.00242949864481731	0.0148103854538818	0.00518334806552027
HT29_G1_4A_1	0.00234049289827169	0.0067608675961364	0.0050403491648525	0.00264966087887378	0.00326076952635981	0.00615280449956165	0.0304851934520698	0.00193708540461868	0.00783113788360381	0.00482983849743881	0.00869223390200726	0	0.00528320677942424	0.0100958828514074	0.0071078688238159	0.00927455822194545	0.00889937391307756	0.0125318835465095	0.0140073834436877	0.0111822340593884	0.00228280381787547	0.0097623597522488	0.00574003871386787	0.0148385057781231	0.016308473287486	0.00553389378162548	0.0141847335889152	0.0066848982688006	0.00201081515370295	0.00829645744614677	0.00486517587032472	0.00646771014998532	0.00616212111645708	0.0315689881269675	0.00730203526090434	0.00941886415534916	0.0144768910238936	0.00266199086309847	0.0109078169128576	0.0108409568731381	0.00518270030110406	0.00820474727321544	0.00830178847320434	0.00723622982260271	0.00782132681144523	0.00877337002299219	0.00563546308040673	0.00431083991231189	0.0113394990601932	0.00870974779792924	0.0105838100504755	0.00712520007919737	0.00943833440911782	0.00880294046001023	0.0474897170293331	0.00756957357500449	0.000584107299931351	0.00605142341222394	0.00617409118352281	0.00438490394578666	0.00581850380187013	0.0158255787359633	0.0085321067469397	0.000649928353014811	0.0103952600263211	0.00272034145916619	0.00418107941734574	0.00214928909467332	0.0116419330172413	0.00445365149426204	0.0076427689590391	0.0119712341409096	0.0102963739742243	0.0088952327540056	0.0175472471544992	0.00432825200908184
HT29_G1_4A_2	0.00623037044461392	0.00286210481643818	0.0101960996231787	0.00550507295339705	0.00598142778003157	0.00396889471290342	0.0267195119130811	0.00413022361292688	0.00347562148609108	0.00529508184956563	0.00789002958586931	0.00528320677942424	0	0.00481337224282016	0.00326151001181412	0.00585709259894878	0.00585229753759543	0.0143644836368816	0.00874465620926301	0.00994180878090654	0.00699723062500555	0.00481499491302878	0.0041792931251934	0.0193776391210422	0.0110308135190279	0.00428237862545841	0.0103462842976589	0.0035519814882218	0.00471589150215073	0.00366827883317051	0.00313703463956863	0.00365195349554256	0.00562187810043344	0.0265913277756491	0.00380261389930335	0.00415651064586055	0.00960060437038256	0.00587958228429291	0.00629587916209498	0.00655133829212799	0.00268931792601781	0.00322753256741632	0.00396399801930376	0.0027572448875507	0.00475467833051028	0.00732544237979122	0.00356792162760224	0.00798879784467972	0.00644014493886477	0.00600947490171718	0.00551154281431123	0.00243245885708742	0.00817476206041694	0.00355706647600741	0.042875533314432	0.0032256364705931	0.00586730051277291	0.00305863557630202	0.00328674137236634	0.00089831914943196	0.00411393373142081	0.0127691293499842	0.0121512307189884	0.00514173782133441	0.00802790712580417	0.00538120341934302	0.0011301571403738	0.00580747049117435	0.00761849130334703	0.00191861007253724	0.00236847008600181	0.00669262176206678	0.00509745084610932	0.00659946832875678	0.0123043090627535	0.00681191728735974
HT29_G1_4B_3	0.0108742402027659	0.00481393607904748	0.0149590647416763	0.010032368332616	0.0103245395601471	0.00658738133913999	0.0238831870121461	0.00880276348530137	0.00390227880971211	0.00904504372803933	0.0100169052967061	0.0100958828514074	0.00481337224282016	0	0.00485133512027774	0.00588827950930569	0.00638199663580684	0.0172408743289936	0.0040238740078354	0.0110225628709628	0.0117065192039849	0.00236426918025663	0.00726563251453693	0.0237429567256824	0.0062416594564262	0.0075216246351089	0.00846002836825342	0.00572093392760453	0.00932917625351073	0.00332745526169279	0.00681370280296315	0.00593432957596977	0.00856213121648888	0.0222248627652387	0.00533062075190874	0.000826140865199162	0.00589508251203231	0.0104281226757143	0.00409719674679798	0.00474871608525422	0.00620327033884029	0.00261290665809126	0.00389687109978636	0.00386743554216255	0.00608561930909826	0.00891639449604817	0.0065779995031914	0.0123606630249086	0.0033734664760214	0.00687576370857717	0.00224635848374113	0.00364361002060403	0.00984063783426779	0.00152400747083908	0.0388780792440122	0.0041035804920337	0.0106799544962386	0.00569899529318116	0.00581643463746889	0.00571155978114292	0.00713592303923195	0.011593325851201	0.0162143407744106	0.00994252466117351	0.00846598130654608	0.00988606695869996	0.00592927682567113	0.0104534754391066	0.00610661514244873	0.00615500446956888	0.00246075540893713	0.00188864733358733	0.00118764948624107	0.00781690725557998	0.00760202494638431	0.011004208937848
HT29_G1_4C_1	0.00697308943522393	0.000410894362901857	0.0121230126673369	0.0059949013993871	0.0088132640514937	0.00718868050563063	0.0237115429623569	0.00669600967274971	0.00595358977151868	0.00439984204385431	0.00533939602246592	0.0071078688238159	0.00326151001181412	0.00485133512027774	0	0.00853861981031628	0.00869727071918148	0.0175831871821852	0.0078421127345995	0.0130629673921797	0.00924652288885383	0.00623829239184271	0.00249799067924498	0.0218699488114008	0.0101852586126978	0.00278301288554994	0.0072894684104462	0.000877098272727341	0.00732827272292378	0.00583411965136506	0.00247557674664423	0.00679589456091549	0.008883035445922	0.0245448814420564	0.000608148458628818	0.00468680768495041	0.00748162439500183	0.00638799046820653	0.00384974837091829	0.00855122078289934	0.00197770700188681	0.00502345724245186	0.00634437650485773	0.00532775716014387	0.00159306018314041	0.0104886752132282	0.00681774878744822	0.0107018978815458	0.00447115237406439	0.00896246479150366	0.00406045360532851	0.00491029736518449	0.00536489858748689	0.00336431912788643	0.0403933485357175	0.000764149255985839	0.00763815902169103	0.006231876366062	0.00645511349096716	0.00366876890290817	0.002359976328223	0.00953047946295043	0.0149959160816809	0.00669473569411542	0.0109530573711839	0.00582892404328414	0.00361459972201572	0.00659274373258539	0.00461890918158492	0.00269821127420961	0.00352348876326998	0.00652087162762924	0.00577103035569245	0.00352488084231152	0.0111106429789109	0.00651807937815394
HT29_G1_4F_1	0.0111322266245749	0.00823083771831402	0.0129148180915458	0.0107095523275799	0.00758667374819274	0.00316706707540722	0.0297338158114114	0.00736637430587097	0.00258824247328256	0.0110799830175139	0.0136665831442604	0.00927455822194545	0.00585709259894878	0.00588827950930569	0.00853861981031628	0	0.000676482945020155	0.0118249320637825	0.00905932824441016	0.00513658131135073	0.00975708493269231	0.0035877905738	0.0100216781363211	0.019859990851349	0.0106184285073773	0.0101371582244266	0.0142155484751249	0.00912792494223736	0.00754096701270892	0.00283930101501879	0.00899206941529773	0.00281228614110166	0.00429484311211917	0.0271002926205437	0.00914651309146505	0.00519951093025963	0.0117120664461738	0.011012345888526	0.0097565361563601	0.00224063613554034	0.00853733231304952	0.00373905448458821	0.00225158636894123	0.00322509043086222	0.0101297195237964	0.00329506953305012	0.00365086441785963	0.00928451375919194	0.0092129785107073	0.00123695310872818	0.00804745152957782	0.00363571141577788	0.0138470592097281	0.00619482884484099	0.0440822333066818	0.00809850030110859	0.00975658989319396	0.00329693806696215	0.00313479197502071	0.00626060791354185	0.00994745872013151	0.0172016961850161	0.0121246952585628	0.00951251496077453	0.00259812149306769	0.0106320118589205	0.00655586978045434	0.0107493644719402	0.0116661458997933	0.00773948048328545	0.00516142079391245	0.00671084957045079	0.00491614654225626	0.0120630273818754	0.0122603577575106	0.0122964267823039
HT29_G1_4F_2	0.0108374906179188	0.00836920035025938	0.0123756266190044	0.0104681283943999	0.00704626471038026	0.00274737482936134	0.0302573617012043	0.00697276376770783	0.00282623359112642	0.0109837746066465	0.013724204974925	0.00889937391307756	0.00585229753759543	0.00638199663580684	0.00869727071918148	0.000676482945020155	0	0.0111803981551393	0.00967280654871355	0.0046653094869538	0.00925792055280941	0.00413849867353605	0.0100314285671278	0.0191932402266412	0.0112717560796146	0.0101278858748462	0.0146170370410693	0.00923654490656439	0.00710217140196643	0.00319342436489231	0.00896324018285189	0.00251457279144736	0.00367198532421738	0.0277543106039604	0.00930226808265711	0.00565764644485833	0.0122449437135089	0.0107550760245712	0.0101545153564498	0.00291575206190657	0.0085412959911398	0.00408547950943992	0.00258709628029155	0.0033764359409973	0.0102898993632863	0.00265315563502942	0.00326754835428258	0.00869124530878188	0.00966363645221617	0.000565720467832693	0.00849386686765287	0.00379639177349686	0.0139489964162987	0.00656379891432031	0.0447204035336247	0.00830681072787309	0.00936087972109962	0.00306512892460145	0.00287375089458206	0.00616365723583133	0.00996543652402239	0.0175519467942375	0.011459113733873	0.00917458089471736	0.00226694068656245	0.0103996943222491	0.00644999474003678	0.0104654742264495	0.0120282736893081	0.00768791027941787	0.00543060163768379	0.00730566605520381	0.00546470319742036	0.0122173277522106	0.0129084456754709	0.0120958646910244
HT29_G1_4F_3	0.0147282438447607	0.0171735618966473	0.0111571497514297	0.0151812828054678	0.00939947662083937	0.0108092652209207	0.0409027882310657	0.0115252180724992	0.0133398446211678	0.0171945240354784	0.0209877277003679	0.0125318835465095	0.0143644836368816	0.0172408743289936	0.0175831871821852	0.0118249320637825	0.0111803981551393	0	0.0208249356747589	0.00754592810362251	0.0106586852416355	0.0152220920712582	0.0174869746889398	0.0107029785186531	0.0224396862990609	0.0173913497753003	0.0246675989996402	0.0176638023668548	0.0109810453616601	0.0139193066151594	0.0163382111574104	0.0114089883003063	0.00886369796245195	0.0389130913145434	0.0180671322539043	0.0164348587904199	0.0231083835666478	0.0151699443618835	0.0203921798490514	0.0139359290771295	0.0163014406001786	0.014655928533497	0.0133747673300139	0.0134760887253505	0.0189364616497196	0.00853037819690692	0.0110009482972612	0.00838959468838434	0.020204101142903	0.0106199485360245	0.019067889148826	0.0137997521844727	0.0216116684632368	0.0169243848381368	0.0558866269941913	0.01758545688846	0.0124536340794781	0.0117967219371325	0.0116205458083684	0.0139320239229734	0.0175076789582301	0.0271113153226239	0.0056299474409892	0.0131774840604477	0.00986753478722105	0.0152478514719226	0.0140330135430604	0.0146387399142987	0.0219398393172002	0.0152451150541074	0.0155008427434157	0.018431333420146	0.0165106541178284	0.0205596621915503	0.0240836947846802	0.0168201378493794
HT29_G1_5A_1	0.0145473229201678	0.00797573580475856	0.0189356982854539	0.0136358970753296	0.0143457746477941	0.0104580410009419	0.0210532793188752	0.0128043833642559	0.00767598192419942	0.0122414007549191	0.0121544938732748	0.0140073834436877	0.00874465620926301	0.0040238740078354	0.0078421127345995	0.00905932824441016	0.00967280654871355	0.0208249356747589	0	0.0140472000617797	0.0157045386528132	0.00561559513252993	0.0103261659721946	0.0277488506237324	0.00235413307109668	0.0106180606510335	0.00765563327205272	0.00868437546608795	0.0133420147379421	0.00705345009959993	0.0101973639614654	0.00979311782209061	0.012395188608872	0.0182866410369151	0.00811452117994092	0.00481789231217603	0.00355878821062709	0.0140361262291237	0.00487626776853144	0.00720555120902807	0.00961017218728676	0.00651798096573119	0.00752853844180708	0.00779122235030101	0.00851851730123354	0.0123219660940579	0.0105125774649952	0.0163803244265371	0.00379718630178479	0.0102237676892103	0.00378787437844964	0.00761946194472562	0.0116972218451506	0.00520518910285256	0.035101422209697	0.00710412525164818	0.0145899142980859	0.00963328659424234	0.00972639123623991	0.00963761099412343	0.0101863525877857	0.0109310057922841	0.020179823713813	0.0137986979059425	0.0114161843284224	0.0134784999084943	0.00982730472810458	0.0141363935826249	0.0064294670912198	0.00982195255696085	0.00645053808425482	0.00241024106308976	0.00438140079918519	0.00973323814469011	0.00357933128127918	0.0143501771044796
HT29_G1_5A_2	0.0134601003921035	0.0126994246727686	0.0129821190702207	0.0133987675651282	0.00826900037422147	0.00602246480267129	0.0348602646787899	0.00936260109867645	0.00743845359482963	0.0145394423584887	0.0177498231691126	0.0111822340593884	0.00994180878090654	0.0110225628709628	0.0130629673921797	0.00513658131135073	0.0046653094869538	0.00754592810362251	0.0140472000617797	0	0.0105535247163133	0.00871767324695309	0.0139873899192317	0.0172286804312954	0.0153562399497091	0.0140211421835765	0.0192740864191778	0.0134818010685357	0.0091715114267169	0.00785320688610039	0.0128336886352511	0.00629280328651973	0.00506256287518066	0.0317198792488939	0.0136516155044502	0.0103167436345339	0.0168393171245963	0.0135876818195641	0.0148129982967228	0.00685842083858014	0.0125283094986943	0.00873763951037997	0.00724659870535636	0.00788911140712412	0.0146335228902107	0.00264233542976411	0.00650868913285103	0.00900890543456002	0.0143266509443926	0.0042350014407991	0.0131574744521447	0.00830090825000223	0.0181008613529366	0.0112155274048383	0.0488243894542635	0.012770389478384	0.0114638788124124	0.00688330823607122	0.00665517674194582	0.00997106390795369	0.0139483630498597	0.0221698157493635	0.00992644900172341	0.0116637604367802	0.00263125086766792	0.0133799327828662	0.0102068673944711	0.0131714676052207	0.0166642690855977	0.0115425919766479	0.0100157105583606	0.011769195781292	0.0100430252089687	0.0165232886673597	0.0170268713494883	0.0151518750923025
HT29_G1_5A_3	0.0041245806377658	0.00887852550422385	0.00329814756427566	0.00474796647342523	0.00233166959788664	0.0066123556921543	0.0327460981758833	0.0029042012430402	0.0088705557864219	0.0070664038569438	0.0109181507329274	0.00228280381787547	0.00699723062500555	0.0117065192039849	0.00924652288885383	0.00975708493269231	0.00925792055280941	0.0106586852416355	0.0157045386528132	0.0105535247163133	0	0.0109857999453593	0.00801744397939909	0.0126282336271646	0.0179460983754262	0.00781525168883502	0.0164129218528013	0.00889225091967935	0.00241935137696323	0.00942111725810853	0.00710648437097499	0.00710432433926299	0.0059048598099451	0.0335432375602448	0.00949066355764108	0.0109637891841168	0.0164795412104142	0.00464590686915745	0.0129756813116332	0.0116262043750262	0.00737680572352021	0.00952559196276843	0.00928788467478726	0.00839321529954941	0.0100620076100441	0.00845783268834171	0.00619249087472388	0.00226942835512974	0.0133176987972752	0.00894063734016439	0.0124750893763367	0.00838591466243708	0.0116881709531691	0.0105497474427152	0.0496184049129186	0.00964143605724503	0.0019521210891448	0.00685234860260775	0.00690530601061258	0.00613147144274716	0.00809288445134064	0.0181061008273734	0.00629338740760073	0.00288492462836772	0.0103149960423628	0.00485283851317882	0.00599788923431726	0.00410881089155709	0.0138316202671668	0.00655209789742036	0.00925602574191288	0.0135325448699203	0.0117227886215394	0.0111773559540614	0.0192776496809427	0.00623841508520754
HT29_G1_5B_1	0.0110176744560616	0.00605830885160502	0.0142835753524884	0.0103192762621102	0.00924588113612876	0.00498005210948916	0.0261481223783656	0.00814962714763055	0.00221021641459293	0.00987715124862677	0.0115769206196312	0.0097623597522488	0.00481499491302878	0.00236426918025663	0.00623829239184271	0.0035877905738	0.00413849867353605	0.0152220920712582	0.00561559513252993	0.00871767324695309	0.0109857999453593	0	0.00834309642837684	0.0224176537876041	0.00745049947666769	0.00854702995535814	0.0108157317540343	0.00702360742025602	0.00856820860392123	0.00159805912000226	0.00759686360586903	0.00431923815872266	0.00684702178509567	0.0238573562103132	0.00681257793553515	0.00183036196283406	0.00812463052304894	0.0106914176217896	0.00641259912367322	0.00246447766515546	0.00701694414214592	0.00159414902769513	0.00195115498987093	0.00259281269237508	0.00771350966594176	0.00675554987745436	0.00514033340759641	0.0112218377399534	0.00573698114016344	0.00466749161242937	0.00459813342084634	0.00263948141910352	0.0115483338226533	0.00312241207982831	0.0407131550541545	0.00559686881195983	0.0103303837813065	0.0042985229341803	0.00433537558500436	0.00561460552977006	0.00823259934964338	0.0139188787497818	0.014747841053196	0.00976235264826218	0.00613142863953316	0.0101960913069514	0.00589858923239106	0.0105968615110834	0.0084000683656429	0.00660498294091063	0.00281223560573917	0.0032113906766326	0.00132880936781842	0.00958808123712744	0.00901679377917151	0.0115856654528347
HT29_G1_5B_2	0.00493258217818159	0.00245560945976851	0.0104988352462375	0.00392586745840093	0.00821569553562032	0.00796560505462428	0.02475957964785	0.00601922467687101	0.00754892942845901	0.00193309207685346	0.00376335528955047	0.00574003871386787	0.0041792931251934	0.00726563251453693	0.00249799067924498	0.0100216781363211	0.0100314285671278	0.0174869746889398	0.0103261659721946	0.0139873899192317	0.00801744397939909	0.00834309642837684	0	0.0205303129422575	0.0126616693389147	0.000302624691936627	0.00855918078995092	0.00164185423163561	0.00661676715842728	0.00760258732291661	0.00118090137372028	0.00776013319198816	0.00928940706275513	0.0265561710637876	0.00224030156887314	0.00699120576077132	0.00966052122113849	0.00428399589187202	0.00604404337094116	0.0104676498700544	0.00149039745645041	0.0069262431164048	0.00800952259629507	0.00684555633343981	0.00227552549294098	0.0113468484499266	0.00748523360788411	0.00984753726863253	0.00683023986125823	0.0101768448306751	0.00653881244279355	0.00646744570545894	0.00419625766033765	0.00574709368102293	0.0420344680738592	0.00325731628904339	0.00616965678178872	0.00715570607699359	0.00738198499702561	0.00401663057880047	0.000140334464368794	0.0100919008134057	0.0141651471920368	0.00518515312817206	0.012193503612731	0.00375892985471742	0.0037885172103697	0.00461321925413909	0.00619773846165299	0.00244821550834977	0.00553112618992413	0.00899517219005113	0.00808483835983579	0.00318028875000551	0.0135302887756538	0.00409607087941562
HT29_G1_5B_3	0.0158981788463346	0.0214971420824585	0.010150148869387	0.0168209475428244	0.0134509535343647	0.0174419148198201	0.0452719983087322	0.0152906536145467	0.0202157339532148	0.0192570521698266	0.0228927549067689	0.0148385057781231	0.0193776391210422	0.0237429567256824	0.0218699488114008	0.019859990851349	0.0191932402266412	0.0107029785186531	0.0277488506237324	0.0172286804312954	0.0126282336271646	0.0224176537876041	0.0205303129422575	0	0.0298205359988552	0.0202983846968764	0.0290204613939119	0.0215125086158053	0.0146791982334382	0.0208403368351393	0.0197030454550075	0.0180997909813771	0.015677762415613	0.0459125958694144	0.0221163590239366	0.0229354593445339	0.0289733725328544	0.0165609785374267	0.0255526094123882	0.0220914031056858	0.0200003046912051	0.021252121199054	0.0204838543714778	0.0199874148145194	0.0226581494219444	0.0169588835747307	0.017294825911637	0.0114140465317037	0.0258095034686354	0.0186642105179012	0.024878493791731	0.020133847311592	0.0237647323723745	0.0228206423643874	0.0621928330465311	0.0222375355889052	0.0143695329153466	0.0181616874781621	0.0180974923044286	0.0185797025981472	0.020620181134899	0.0305258998241412	0.00773721180188546	0.015353629485976	0.0188429191706063	0.0169692578865005	0.0184983786601365	0.016099151180686	0.0264573065065814	0.0191730407436239	0.021413298578725	0.0254099489499072	0.0234583362975806	0.023613085374828	0.0313043302528397	0.0177285457246958
HT29_G1_5C_2	0.0168963160317116	0.0103264446003696	0.0211994083826414	0.0159882796781975	0.0164894476303073	0.0124169815776405	0.0205162970673101	0.0150422643033622	0.00962401806038557	0.0145821452708167	0.0143247361039165	0.016308473287486	0.0110308135190279	0.0062416594564262	0.0101852586126978	0.0106184285073773	0.0112717560796146	0.0224396862990609	0.00235413307109668	0.0153562399497091	0.0179460983754262	0.00745049947666769	0.0126616693389147	0.0298205359988552	0	0.0129554453047679	0.00899188052938486	0.0110204226915528	0.0155612686987556	0.00899651543783686	0.0125507968117598	0.0117522565246217	0.0142964943302124	0.0164850006075481	0.0104397090465923	0.00699005265397523	0.00467952277229246	0.0163884913459927	0.00702593218261822	0.00854152685162922	0.011964137727178	0.00858292492009753	0.00940158959488076	0.00983935137450223	0.0107971202717638	0.0139129290638799	0.0125310108939299	0.0185120729711804	0.00599786001978596	0.0118361369865256	0.00612547358295495	0.00971809687960461	0.0138074525911333	0.00752058108665366	0.0335032832282461	0.00945206716369009	0.016892038167547	0.0116617997157179	0.0117305395410344	0.0119277177280955	0.0125215937594906	0.0121297115735984	0.0221844572491446	0.0161182663602219	0.0127555611924993	0.0158312152201807	0.0121285643471852	0.0164843726612326	0.00832133498690657	0.0121665827442619	0.00869981605932313	0.00443688834226452	0.00636521543228774	0.0118954201236919	0.00167280340476103	0.0166982016727065
HT29_G1_5C_3	0.00465363093921568	0.00272132868989646	0.0102483522202008	0.00364806275276854	0.00808628166020499	0.00800363738661861	0.02498605999713	0.00589632235886659	0.00768952618887192	0.00163317559866867	0.00375034281416576	0.00553389378162548	0.00428237862545841	0.0075216246351089	0.00278301288554994	0.0101371582244266	0.0101278858748462	0.0173913497753003	0.0106180606510335	0.0140211421835765	0.00781525168883502	0.00854702995535814	0.000302624691936627	0.0202983846968764	0.0129554453047679	0	0.00881951343913448	0.00193530820301115	0.00648418109918716	0.0077645711412983	0.0011881099434925	0.0078222800980555	0.00927479342602512	0.026849873393662	0.0025407036517026	0.00722848424487256	0.00996216925625896	0.00400091757601523	0.00634656883368021	0.0106395825775596	0.0016046790287982	0.00710873923580251	0.00815642893573387	0.00698120961273022	0.00256523895597084	0.0113791686428269	0.00751345145435778	0.00968124716039062	0.00713157726672542	0.010257657183106	0.00683141106122983	0.00661071023636516	0.00424461515226183	0.00600036147589276	0.0423045223459183	0.00353881009216329	0.00594871273037242	0.00721747141435009	0.00744233724439999	0.00405734628769039	0.000441308935146594	0.0102921325982692	0.0139916023471126	0.0049658466002005	0.0122714510184151	0.00348191574009626	0.00381456911306841	0.00434193416476129	0.00648228753147694	0.0024831253094437	0.0057354177613536	0.00926469350330495	0.00832125163069487	0.0033633864019385	0.0138301676761911	0.00379384491126681
