	HT29_G1_1B_2	HT29_G1_1B_3	HT29_G1_2A_1	HT29_G1_2A_2	HT29_G1_2A_3	HT29_G1_3E_1	HT29_G1_3E_2	HT29_G1_3E_3	HT29_G1_3F_1	HT29_G1_3F_2	HT29_G1_3F_3	HT29_G1_4A_1	HT29_G1_4A_2	HT29_G1_4A_3	HT29_G1_4B_1	HT29_G1_4B_2	HT29_G1_4B_3	HT29_G1_4C_1	HT29_G1_4C_2	HT29_G1_4C_3	HT29_G1_4F_1	HT29_G1_4F_2	HT29_G1_4F_3	HT29_G1_5A_1	HT29_G1_5A_2	HT29_G1_5A_3	HT29_G1_5B_1	HT29_G1_5B_2	HT29_G1_5B_3	HT29_G1_5C_1	HT29_G1_5C_2	HT29_G1_5C_3	HT29_G1_5D_1	HT29_G1_5D_2	HT29_G1_5D_3	HT29_G1_5E_1	HT29_G1_5E_2	HT29_G1_5E_3	HT29_G1_5F_1	HT29_G1_5F_2	HT29_G1_5F_3	HT29_G2_4G_1	HT29_G2_4G_2	HT29_G2_4H_1	HT29_G2_4H_2	HT29_G2_5A_1	HT29_G2_5A_2	HT29_G2_5A_3	HT29_G2_5B_2	HT29_G2_5B_3	HT29_G2_5E_1	HT29_G2_5E_2	HT29_G2_5E_3	HT29_G2_5F_1	HT29_G2_5F_2	HT29_G2_5F_3	HT29_G2_5G_1	HT29_G2_5G_2	HT29_G2_5G_3	HT29_G2_5H_1	HT29_G2_5H_2	HT29_G2_5H_3	HT29_G2_6A_1	HT29_G2_6A_2	HT29_G2_6A_3	HT29_G2_6B_1	HT29_G2_6B_2	HT29_G2_6C_2	HT29_G2_6D_1	HT29_G2_6D_2	HT29_G2_6D_3	HT29_G2_6E_1	HT29_G2_6E_2	HT29_G2_6E_3	HT29_G2_6F_1	HT29_G2_6F_2	HT29_G2_6F_3	HT29_G2_6G_1	HT29_G2_6G_2	HT29Root1_1	HT29Root1_2	HT29Root2_1	HT29Root2_2	HT29Root2_3
HT29_G1_1B_2	0	0.0176213457503232	0.0111204014191754	0.012004881945149	0.00359489612663973	0.0102622010587709	0.00348864265905517	0.00931982522322121	0.0116146742915499	0.0256012970961151	0.00996636876942387	0.0124270847935728	0.0111372983043525	0.0121380985036564	0.033324356340678	0.0116182197773018	0.0128580277475724	0.0072909512838707	0.0146898772357363	0.0212770587056348	0.0774104281212123	0.0531003018841157	0.0503729877010145	0.010610050158548	0.0116942598179456	0.00724691366580955	0.00705536779801846	0.00306897201320397	0.00893495572252602	0.00782331752698726	0.00878542912368674	0.000899277560251865	0.0131810100432794	0.0127272472344066	0.00528952859536798	0.00898313163904268	0.00353632214769188	0.00646966307765919	0.008399070322619	0.00429042249828677	0.0109532882763036	0.0152244852931773	0.0152271180710592	0.016690680876835	0.00448052689113761	0.0161613499919499	0.00926450981048753	0.00655964483524675	0.0211309218203499	0.0105327326356591	0.00685967525650353	0.00336202337996244	0.0137894835026288	0.00834685848401601	0.0179817748061029	0.0065963271307394	0.00658211941766299	0.012695422759487	0.0126035724400669	0.00654475266575254	0.00728172884711221	0.00797939401200461	0.00857772573973125	0.00888348260212122	0.0133773910197671	0.0171181743050611	0.00345055828827519	0.011687512848353	0.00387927402578736	0.00562567106227527	0.0109604485759629	0.00357153581982522	0.00566860866523696	0.00984276861632157	0.00843978948652961	0.0162508935592148	0.0149817781347312	0.00926251347980846	0.0127670648535268	0.00846466807104292	0.00546004329042366	0.0190206915752299	0.00324853829825527	0.0185716765447053
HT29_G1_1B_3	0.0176213457503232	0	0.0110809682917789	0.0129541640462985	0.018508211289947	0.0206509385092057	0.0149570064734908	0.0101108750397659	0.023482037705805	0.0394378776672508	0.0113666234447416	0.0254237428800883	0.0128225787780053	0.0138802287540272	0.0468296802669392	0.0206598292901838	0.0231604581111544	0.0108695498372129	0.0268870413544882	0.0155381815756661	0.0927291971790177	0.0693340013137456	0.0654642570771121	0.00983983753939938	0.026427192528839	0.0200754063765369	0.0168975171137309	0.0158718059551315	0.026488558199588	0.0117855738978059	0.0247566668818008	0.0174404944877832	0.00947074555260666	0.0278440136833347	0.0152783253709213	0.01088945538644	0.0176127316143001	0.0117450774873281	0.0167053689493463	0.0136121230657519	0.0221960865248025	0.0252933783167062	0.00394917864084619	0.0257906541665293	0.0217541430757275	0.0297080987701951	0.0196492981394151	0.0150307174699004	0.0082183091865822	0.0145278480671342	0.0120455573330247	0.0172043868733566	0.00714969892411487	0.0115975854332815	0.0327510343231382	0.0168421601568528	0.0213034466759049	0.00689477006528249	0.0134218396933744	0.0175742533473101	0.0190660191740679	0.0100351791561553	0.0211178147726685	0.0167524688227273	0.0251583416030969	0.00658129748264677	0.0169321300556271	0.0243160715011003	0.0149428773053366	0.01249123645967	0.0187780425386025	0.0177869679448348	0.0129128505601077	0.0130095548520686	0.0108972602672243	0.00793661656527767	0.00429983709608828	0.0253934526045257	0.0245659382217621	0.0220911975154654	0.0125891382059856	0.0319873607358308	0.0172779398960202	0.0150386865051936
HT29_G1_2A_1	0.0111204014191754	0.0110809682917789	0	0.0136537366314692	0.0114881206923471	0.00980276683436104	0.00878974535652952	0.0107368072537722	0.013309530847924	0.0286731104840421	0.0117711059841027	0.0147339134759599	0.00740970887806396	0.00956779498690807	0.0360721554398176	0.0107875161566064	0.0136114963484545	0.00502812884615897	0.0160606387863711	0.0179355737837963	0.0819941352264793	0.0590048573980773	0.0547008865553858	0.00320136314094807	0.0161675051090214	0.010190514112574	0.00695928372814236	0.0103638168065862	0.0191861534530827	0.00459886477116585	0.0157759348011784	0.0105174790928268	0.00305735871936037	0.018252583284748	0.00894795250640363	0.00930359133571925	0.0092075708925445	0.00598598606969629	0.00622216276020405	0.00934969505674404	0.0115877986351745	0.0142418189484343	0.00744638616833682	0.0148319075352185	0.0138162989821196	0.0189828325448003	0.00998510137256609	0.00573428990067381	0.0182288031959048	0.00640075553300892	0.00739503734058799	0.0102531467087359	0.004699718133698	0.00444945886158967	0.022294449738597	0.00856063828649777	0.0118529995062355	0.00593495787090164	0.00333482935415511	0.00954097506638438	0.00936493646018536	0.00691970700427578	0.0107243192759865	0.00608012114725601	0.0157385976163751	0.0113666214111141	0.011015761678851	0.0164999696957746	0.00740588275197172	0.00867758955861894	0.00931746458027155	0.00932238436258087	0.00559759700090051	0.00651887105361757	0.0105243696673759	0.0151331950087597	0.00714531645186057	0.0161507194579454	0.0139433392327674	0.0132400868138167	0.00786808732156609	0.0210539233814088	0.00929044307174859	0.0166029775919116
HT29_G1_2A_2	0.012004881945149	0.0129541640462985	0.0136537366314692	0	0.0111624577675723	0.0189439207375017	0.00934005770499453	0.00875443237194162	0.0223052348152554	0.036322150799974	0.00324755180218416	0.0224147714173135	0.00890920787667712	0.00820709227385414	0.0441817524168569	0.016408399459299	0.0175916316899896	0.010481057232225	0.0231472988209122	0.0110249965336235	0.0875818001958844	0.0622022733752196	0.0595660664471009	0.0135664475320523	0.0218260821901285	0.0157139934948677	0.0157007020006087	0.00904047980902589	0.0185631084876882	0.00973924130963211	0.0177579148012287	0.011921707902368	0.0150535180932502	0.0209227280235695	0.0140963735063731	0.0122982641584288	0.0128259547058867	0.0111399407940163	0.0146810212357501	0.00887017693787565	0.0185852591821417	0.0240074826320524	0.0118230558597138	0.0254862794009446	0.0154008709386838	0.0265458430114611	0.0148605862573284	0.0122154606643246	0.0140845622707953	0.011503607191275	0.0121467949846728	0.0141650254116285	0.0141235847542025	0.0132304858521298	0.0288539059752745	0.0162367196330924	0.0161253347340988	0.00948647009233133	0.01690424510836	0.0167052184179983	0.0145454863139553	0.0105280044578442	0.0181408336497561	0.0151347153115043	0.0246083204002907	0.00936712083395354	0.00935942538432194	0.0154451251276693	0.012154656484701	0.0074579060976103	0.0146660234603248	0.0130239183501626	0.0108816070600957	0.0160204599045907	0.00591432377963993	0.00951956422739026	0.0132626147648341	0.0188822973792208	0.0204983095845701	0.020037018407319	0.0108172562244516	0.0283235000658698	0.0139453850045555	0.00813791412876319
HT29_G1_2A_3	0.00359489612663973	0.018508211289947	0.0114881206923471	0.0111624577675723	0	0.0100400746169066	0.00366622420109011	0.0111931530333487	0.0125906237361033	0.0253843816410268	0.0100225160324791	0.0120519983494687	0.00947036375340096	0.0100448993532855	0.0332336295020587	0.0092758921067422	0.010065395755228	0.00849481171753259	0.0133125221564719	0.0194712281551621	0.0767714129987643	0.0519438507085441	0.049146580915719	0.0119072938764751	0.0109388221003124	0.00596445126109386	0.00797815888746592	0.00318115841541727	0.00875367903319668	0.00762377806473817	0.00695818352863651	0.00306594895798213	0.0140695095409815	0.0106415246448415	0.00832451027414909	0.0115960079738759	0.0033357993022923	0.00823801473668018	0.00772805549857034	0.00599483426233941	0.00945068423912515	0.0147696829899397	0.015732163701391	0.0165286510913592	0.00452176027468844	0.0158400143906002	0.00695501923727482	0.00607380803884677	0.0223039106029027	0.00881997085191765	0.00931335065056586	0.00655629658306813	0.0147977579032889	0.010025158933864	0.0178024901990078	0.00896399777651752	0.00542252623373106	0.0126973190190158	0.0132084657777731	0.0091264833513469	0.0055725416779815	0.00985954043082203	0.00832398311445874	0.00830233762544194	0.0150367803842497	0.0167093005762024	0.00204707559650498	0.0082363782685029	0.00566935426495043	0.00640898138275266	0.00864148843298016	0.0034134495157501	0.0066470562809146	0.0121089940641022	0.00937419084098896	0.017365176975608	0.0160087904744838	0.00789165045738401	0.0110712245826686	0.0104451268506876	0.0077713065104605	0.0179704544146988	0.00546097770840563	0.0167342219946368
HT29_G1_3E_1	0.0102622010587709	0.0206509385092057	0.00980276683436104	0.0189439207375017	0.0100400746169066	0	0.0104014498442652	0.0166023702925499	0.0052526908353424	0.0189976832232084	0.0173328734540063	0.0049721812169474	0.012491776734149	0.0140832994744694	0.0265720677314618	0.00686109112334825	0.00875405702030308	0.010910799894167	0.00691833283634638	0.024442875694463	0.0722556878168645	0.0494165008548699	0.0450661109247398	0.0112181655236548	0.00697978044215342	0.00444696733343723	0.00461758017655926	0.0114759793765111	0.0139327802440731	0.0101177036071664	0.00921337291641428	0.00955207902334466	0.0121050136279826	0.0105210993812239	0.0100527433372293	0.014617654907769	0.0071650428780083	0.0107400804972077	0.00463031277987456	0.0123700480475436	0.00385699164329912	0.00532238520895563	0.0171248425677157	0.00669224461793018	0.00931504035027823	0.00920318253598818	0.00626348683710606	0.00685726191496552	0.0269632198328262	0.00968096440827598	0.0117247392473488	0.0093539112066798	0.0141517083459889	0.00996967406197561	0.0126165295038161	0.00743258974494757	0.00574049109832487	0.014888847031407	0.00865793254129076	0.00785458658520385	0.00524037265183492	0.0129522857335037	0.00237176783204591	0.00440807648543725	0.00884133841636958	0.0201557432542082	0.0113012288682858	0.0126867488503627	0.00845932297387574	0.0127493366122868	0.00749912617673873	0.00705067654820939	0.00925403772783911	0.0104864939386097	0.0159913633673881	0.0229704073237106	0.0167082905562279	0.00889066699829491	0.00566329806015332	0.00753368310217249	0.0116337700384021	0.0114641305678887	0.00765356246020905	0.0225747974338888
HT29_G1_3E_2	0.00348864265905517	0.0149570064734908	0.00878974535652952	0.00934005770499453	0.00366622420109011	0.0104014498442652	0	0.00786736810137924	0.0130750159359284	0.027499840931397	0.00744398505599244	0.0135932588634022	0.00778310418634906	0.00882373369863575	0.0352999726079449	0.010346669954448	0.0119470187094569	0.00501048899353397	0.0152196632457874	0.0179591888299594	0.079646172994152	0.0552216256559549	0.0521890164755544	0.0087084710143314	0.0132326567652797	0.00733386103195226	0.00696723631784803	0.00159530515597938	0.0117447372643899	0.0047429741832307	0.0102311308430896	0.00302116405241653	0.0110359968021453	0.0138342848427879	0.00614652393423237	0.00826497246262598	0.00371269261904756	0.00483843736302228	0.00707724833798147	0.00281562854436156	0.0108106542269649	0.015629298546208	0.0123281785859635	0.0170849486341064	0.00707707299710006	0.017709404178405	0.00813937484290711	0.0045839057934578	0.0189579009360822	0.00764913007656688	0.00607920325889465	0.00544015776069483	0.0114595484268157	0.00694592127077959	0.0200193618763194	0.00752026963082921	0.00755648957702373	0.00951097536888859	0.0109684884987068	0.00791170434401639	0.00665757388113988	0.00626684897863917	0.00926626536885071	0.00759491760860513	0.0153396110433704	0.0138001118621102	0.00242005129814577	0.0112548632000108	0.00335270724153469	0.00298741530442237	0.00915494127078212	0.00390288346795071	0.00351219008751465	0.00936215555961167	0.00627199589201485	0.0141631608038747	0.012479358347257	0.0109720980529501	0.0128894735309118	0.010777760677639	0.00446731560191644	0.0201128491868017	0.00470098228113194	0.0153711792455456
HT29_G1_3E_3	0.00931982522322121	0.0101108750397659	0.0107368072537722	0.00875443237194162	0.0111931530333487	0.0166023702925499	0.00786736810137924	0	0.0183736805707356	0.0340110456463058	0.00553284324610598	0.0203211499510907	0.0115014507925765	0.012509575028241	0.0415963994966181	0.0174569996050421	0.0194390597220229	0.00622218023019088	0.0225065684994699	0.0180117917055701	0.0864352048089528	0.0623879043242573	0.0595358017241897	0.00864768062192702	0.0204041793332293	0.014728339740184	0.0121397790522458	0.00803905180756096	0.0176795145155949	0.00837998148758294	0.0178166737943406	0.00955313208646207	0.0109806680400003	0.0215877428798268	0.008113833440982	0.0040676142336534	0.0110469079032362	0.00600754792938055	0.0131565142951659	0.0052765357814479	0.0180213002633293	0.0218813888744343	0.00959006106704868	0.0228606005462567	0.0137990567016625	0.024394568264667	0.0155121242565781	0.0106741689451371	0.0119720416499657	0.012751708786109	0.00554061563525207	0.00939864933580317	0.00986472179123249	0.00790039679873184	0.0266429942506313	0.0109476072512468	0.0150427391597337	0.00865961641816344	0.0132879946817777	0.0112716383964097	0.0141013536878672	0.00417383190134692	0.0159549461650955	0.0134731106793517	0.0196633261385732	0.0115206447242766	0.00935887209943408	0.0187362260034342	0.00836539184368979	0.00513291647681493	0.0159123243060987	0.0112029337233713	0.00752260657505674	0.00952552227810075	0.00310832261384047	0.00731523758418486	0.00920373110076529	0.0184221055020098	0.0202877344755628	0.0154011001442224	0.00511407883899096	0.0272803378595099	0.0101902194494683	0.0157616778147321
HT29_G1_3F_1	0.0116146742915499	0.023482037705805	0.013309530847924	0.0223052348152554	0.0125906237361033	0.0052526908353424	0.0130750159359284	0.0183736805707356	0	0.0162933924882026	0.0202370162710159	0.00479416900830719	0.0170640963810818	0.0187166491069221	0.0236035607539667	0.0118345277684434	0.0131893762675875	0.0135492713195658	0.00879652894329298	0.0290533298885628	0.0697092482929436	0.0476677679869351	0.0435209646445381	0.0136715716814221	0.0069569013134027	0.00810849973633157	0.00704467673145733	0.0138596235040172	0.0136356487121822	0.0138053933679076	0.0107266294116333	0.0112359572074889	0.0149282995320782	0.012067946731536	0.0105041777944128	0.0156625967596513	0.00974001168086574	0.0128689298653634	0.00921551488009223	0.0143984512028397	0.00816503832200169	0.00636955484942519	0.0203875451904663	0.00686313121732417	0.0100586492142446	0.00738197294318488	0.0109583534517561	0.0107256359924958	0.0292935834231734	0.0145097066606344	0.0130902077040735	0.00971921454419135	0.016886296989314	0.0120272179361796	0.0100346606669142	0.00755629811067089	0.00811639731772754	0.0185635068625433	0.0116695415394137	0.00739165495553371	0.00940414649177424	0.0149273851125868	0.00520741993457789	0.00905631345986354	0.0036638683869076	0.0240630679645458	0.0138629919067141	0.0161423920741298	0.0104925045679954	0.0153348492722525	0.0125959756179076	0.00956805259476026	0.012022747659708	0.0112844595701015	0.018423767970565	0.0253061538698389	0.0194360816193578	0.00981540756970137	0.00898834863603194	0.00459650506487402	0.0132980981143989	0.0111778097338015	0.00883507378913927	0.0270057723458275
HT29_G1_3F_2	0.0256012970961151	0.0394378776672508	0.0286731104840421	0.036322150799974	0.0253843816410268	0.0189976832232084	0.027499840931397	0.0340110456463058	0.0162933924882026	0	0.0349258225040029	0.0143297138168059	0.0307432449810654	0.0318381670774852	0.00787947425319544	0.0223676198246774	0.0216815290525848	0.029304655882911	0.0144865975774623	0.0421162573128414	0.0536033598829171	0.0329188224357723	0.0279356814338115	0.0296937109428844	0.0145190562895196	0.0208445281916993	0.0227101432921981	0.02784991326283	0.0217751919084858	0.0288227476577789	0.0193468237861234	0.0252758476810113	0.0305715389764849	0.0170995353662474	0.0262662062289375	0.031691892618448	0.0238047159565311	0.028724117763986	0.0234327111207111	0.0293616006741819	0.0188493786880538	0.0149738942524857	0.0360468002993784	0.0149502138794633	0.0218769383643592	0.00996597095080671	0.0226027846727956	0.0253744578695037	0.0453274246119265	0.0279020769510193	0.029092798395881	0.0247882012787599	0.0327201823042376	0.0281504180914529	0.00771247023670319	0.0236294369918995	0.0202083984273366	0.0338597773693743	0.0268158859573197	0.0233022133156159	0.0221903554011586	0.0308888442734972	0.0187811109804555	0.0232997364729879	0.0161565219718646	0.0390479152644909	0.027276258126697	0.0242137846408208	0.0258550538420636	0.0302868991345945	0.0241808392263629	0.0236083707458507	0.0274799727898936	0.0275623902093664	0.0335549817499031	0.0410527785947315	0.0353784434970629	0.0180832558243378	0.0171548347638759	0.019149375830333	0.0289698998078424	0.00938740545634505	0.02386229166033	0.0400927700312566
HT29_G1_3F_3	0.00996636876942387	0.0113666234447416	0.0117711059841027	0.00324755180218416	0.0100225160324791	0.0173328734540063	0.00744398505599244	0.00553284324610598	0.0202370162710159	0.0349258225040029	0	0.0209463803485754	0.00880457020207351	0.00889227894859878	0.0427330969970715	0.0159713824484035	0.0174989537347019	0.0079244961061686	0.0222095897181612	0.0134342636478242	0.0867404471456024	0.0618094491843996	0.0590816584246747	0.0110992553860829	0.0205735163920892	0.0144549303077732	0.0135988073131777	0.00727829111292159	0.0174557302490806	0.00801241549022185	0.0169470341438398	0.00997523130495856	0.0129293204352162	0.0204200588748655	0.0112743890947479	0.00908562719123713	0.0111385922177186	0.00839936585792197	0.0132190274408935	0.00623585771880517	0.0175832974071442	0.0225732327652687	0.0102608828811572	0.0239104517249692	0.0139083117919182	0.0251172365567152	0.0141978410012383	0.0106031780912943	0.0129513779564064	0.0109718425172409	0.00914950948359882	0.0116403552665844	0.0119565078730081	0.0105875758136818	0.0274282833706323	0.0136518579672701	0.0148398961921535	0.00812497257993428	0.0149183312681547	0.0140906517409934	0.0134402455366739	0.0075327919573738	0.0165468447969299	0.0136493273243211	0.0222605848598756	0.00941999556841551	0.00803233147146645	0.0158866196614138	0.00979770031712151	0.00492754069141479	0.0142551707401965	0.0113340519075794	0.00857466323831194	0.0131812089765221	0.00268719412122077	0.00797823776162225	0.011190133631049	0.0179088528864062	0.0196695290610069	0.0177099774716568	0.00790888727492395	0.0273080939745115	0.0116915702085598	0.0107984706972067
HT29_G1_4A_1	0.0124270847935728	0.0254237428800883	0.0147339134759599	0.0224147714173135	0.0120519983494687	0.0049721812169474	0.0135932588634022	0.0203211499510907	0.00479416900830719	0.0143297138168059	0.0209463803485754	0	0.0166243728867421	0.0179043659694932	0.0220756937687589	0.00928157395267062	0.00975617255936412	0.0152009352874279	0.00419458441404001	0.0283460423848484	0.0674370449228453	0.0445698448819829	0.040344142552669	0.0159180934683519	0.00317468204962841	0.00675153288872028	0.00873519466450889	0.0142363110348555	0.0126392694632098	0.0145027793237775	0.00806796045286184	0.0118796709655415	0.0169991637202512	0.00805538101923428	0.0131484099089153	0.0183612318291873	0.00990402740656004	0.0147962726638044	0.00917004402865503	0.0156393302396831	0.00528454689926647	0.00437423558775731	0.0219723193392998	0.00611215393628635	0.00966662865457143	0.0043739365971878	0.00891085100747206	0.0110514771754312	0.0313366522173135	0.0138569036682228	0.0155250355688271	0.0117776715476937	0.0190142485939058	0.0143640228146218	0.00769476138855209	0.0105440390152523	0.00665872077098084	0.0196035598716324	0.0135248364238249	0.0105312744331985	0.00810001160216496	0.0170374169299676	0.00450279324663649	0.00909591681336302	0.0078495854303295	0.0247708763899941	0.0137797355054684	0.013011088731815	0.0119652661446554	0.0163169515983954	0.0106780442386891	0.00972602353521362	0.0133323239387143	0.0145302635767451	0.0196424627542519	0.0270740624617386	0.021529451650022	0.00712027619180809	0.00494838359574562	0.00781042237280151	0.0152641807828416	0.00718536648936371	0.0103444280267552	0.0262955184222569
HT29_G1_4A_2	0.0111372983043525	0.0128225787780053	0.00740970887806396	0.00890920787667712	0.00947036375340096	0.012491776734149	0.00778310418634906	0.0115014507925765	0.0170640963810818	0.0307432449810654	0.00880457020207351	0.0166243728867421	0	0.00216637051319338	0.0384726699658421	0.00910099033954119	0.0110320160173957	0.00764695922828925	0.0166427767462835	0.0120084489160485	0.0828487669036587	0.0584109758199838	0.0546074583035542	0.00936812618371324	0.0169060074795616	0.0103456289769686	0.0105416813214691	0.00880430954204421	0.0181316873689487	0.00472231709911407	0.0144402546780837	0.010454731370648	0.00980407311443137	0.0167077165396526	0.0123019583113689	0.0125610973966512	0.0093340219745638	0.00887636764658147	0.00794172817096169	0.00926139829523976	0.011944650385361	0.0169532195908133	0.00938781717884727	0.018285615839955	0.0134918291873498	0.0208906361427291	0.00836456086226981	0.00656572195241539	0.0183984241409861	0.00306747447720621	0.0107993965950857	0.0124575453243072	0.0101002801368272	0.00959167884938718	0.0239439768992165	0.0127522931504135	0.0117791601139859	0.00604942349515312	0.0102410309538378	0.0135589920434706	0.00886112043965399	0.00962839929525936	0.0125724133782018	0.00822487843048498	0.0200982796159658	0.00906551713317835	0.00880557513934725	0.0121687449556237	0.009297725263807	0.00775862143057955	0.00708628217160829	0.00951478106470547	0.00745265086740076	0.0125962633839066	0.009325112898202	0.014629897502005	0.0108612477344458	0.0153869366969437	0.01394171120538	0.0165866906196389	0.00995183356637725	0.0220745272959582	0.0111697217753983	0.0102412736219756
HT29_G1_4A_3	0.0121380985036564	0.0138802287540272	0.00956779498690807	0.00820709227385414	0.0100448993532855	0.0140832994744694	0.00882373369863575	0.012509575028241	0.0187166491069221	0.0318381670774852	0.00889227894859878	0.0179043659694932	0.00216637051319338	0	0.0395953932663621	0.00987133472087608	0.0113346210558341	0.00942619329317214	0.0176042213329662	0.0104661010567724	0.0834275913969177	0.0586262673527482	0.0549795089821698	0.0114244992615294	0.0178980719709123	0.0115152319361493	0.0123572802629948	0.00954498900339251	0.0185449926943174	0.00660832902404643	0.0149397608473006	0.0114948270979763	0.0118785409005804	0.0170631134193964	0.0139402321263658	0.0140867665629215	0.0105514245267667	0.0105973805532374	0.00966058320555531	0.010327160683539	0.0130589577195022	0.0184001582191356	0.0107343888391287	0.0198537698074968	0.0143010268433572	0.0220748022897634	0.0092457414891379	0.00828103226817206	0.0188269471130116	0.00468309034237722	0.0124726592214063	0.0138879449976968	0.0120046714119431	0.0115757521923001	0.0250119504909664	0.0145502599292136	0.0127825302837275	0.00746563109132225	0.0123890985293855	0.0153031823565255	0.00999922007391586	0.0112194555338746	0.0139909011731571	0.00998725529696722	0.0218112240712595	0.00923663364674131	0.00935345335893039	0.0117181216625277	0.0108646407663275	0.00875798115785646	0.00794344031520934	0.01073277571679	0.00917476232852577	0.0146175023439056	0.00998364900267053	0.015031354890817	0.0124577055681133	0.0160168300318156	0.0148567836219361	0.0181503136409005	0.0114450725981831	0.0230145561185969	0.0126217402047926	0.00854806306803406
HT29_G1_4B_1	0.033324356340678	0.0468296802669392	0.0360721554398176	0.0441817524168569	0.0332336295020587	0.0265720677314618	0.0352999726079449	0.0415963994966181	0.0236035607539667	0.00787947425319544	0.0427330969970715	0.0220756937687589	0.0384726699658421	0.0395953932663621	0	0.0300086305840803	0.0292827139077605	0.0369097654976777	0.0221132319637062	0.0498280550699252	0.0468788066454047	0.0291177628130169	0.0233593309142363	0.0370381910138657	0.0223943184454477	0.0286751507286378	0.0302747352921479	0.0356563879545567	0.0291710960247726	0.0365257076258741	0.0271551835798146	0.0330326538421596	0.0377716113232749	0.0247738536760473	0.0337052692002941	0.0390709900691061	0.0316104068087051	0.0363001213447617	0.0310886478743778	0.0370768796328479	0.026566715613429	0.0222150538861214	0.043474482980259	0.0218014789641885	0.0296231372805111	0.0177531180036507	0.0303790145424321	0.0331037542369469	0.0528404768686163	0.0355789422223095	0.0365651720404612	0.0323366054087872	0.0399666494383267	0.0355773385147757	0.0154779812605557	0.0310195502804439	0.0280701013949061	0.0414435195776356	0.03395679894933	0.0306593725149781	0.0300128034990392	0.0384242724579628	0.0265193171428624	0.0309154514475989	0.0229286643017203	0.0466828322257211	0.0351121915385385	0.0318812213622055	0.0335246641059408	0.0380457312607817	0.0318475446554303	0.0314130339870508	0.0351528322951271	0.0347241558627889	0.041288158247745	0.0486749390262311	0.042686568330461	0.0258909149511379	0.0248362720410081	0.0264615516111405	0.036557363839833	0.0168440853698567	0.0315200577546148	0.0478776235294348
HT29_G1_4B_2	0.0116182197773018	0.0206598292901838	0.0107875161566064	0.016408399459299	0.0092758921067422	0.00686109112334825	0.010346669954448	0.0174569996050421	0.0118345277684434	0.0223676198246774	0.0159713824484035	0.00928157395267062	0.00910099033954119	0.00987133472087608	0.0300086305840803	0	0.00290403488236895	0.0120282561176114	0.00790557084545808	0.0198614660564721	0.0740264840955508	0.0499767079961547	0.0457343589845611	0.0132553844143554	0.00958524004947135	0.00530818991880852	0.00878315920008205	0.0112410788838812	0.0149080897614006	0.00959216784993885	0.00892233168894828	0.0107358030971965	0.0137564815897072	0.00940590126964079	0.0135334001496487	0.0169849509168979	0.00822248986107575	0.0124933554811336	0.00557353262817272	0.0130326603033924	0.00400643780339419	0.00948726455914844	0.0168616061969114	0.0112997894985079	0.0107639328448046	0.0129827353972844	0.00236817097548511	0.00710301869946108	0.0267943905893317	0.00638890147445866	0.0141815729856097	0.0125767947143316	0.0154073854758978	0.0125227274796131	0.0161514010546431	0.0121181197110452	0.00693659207531469	0.0138940552697734	0.0111936507694648	0.0127021984874345	0.00449111160204421	0.0144847984597481	0.00703436124765525	0.00569830770842547	0.015459268573556	0.0179939297452409	0.0105259479343229	0.00806547417199021	0.0105119583200436	0.0126497759594763	0.00202425073436145	0.00822070203346631	0.01038368201781	0.0144626083831012	0.0157020359741256	0.0226847013509221	0.0174520054077666	0.00948222987422246	0.00522738234405185	0.0131961372696933	0.013443464340125	0.0132820556039337	0.0105853006798974	0.0181239671505775
HT29_G1_4B_3	0.0128580277475724	0.0231604581111544	0.0136114963484545	0.0175916316899896	0.010065395755228	0.00875405702030308	0.0119470187094569	0.0194390597220229	0.0131893762675875	0.0216815290525848	0.0174989537347019	0.00975617255936412	0.0110320160173957	0.0113346210558341	0.0292827139077605	0.00290403488236895	0	0.0144078216023233	0.00748061401933148	0.0208692264629547	0.0723376070568462	0.0478549391393541	0.0437790206550426	0.0159842385628073	0.00932583620322185	0.00667130546980813	0.0110688347938779	0.0125323873779368	0.0144463181578404	0.011953943298337	0.00818651493630194	0.0120327434625362	0.0166098639946672	0.00769800596928738	0.0155512002531749	0.0192304378294903	0.00973889736282246	0.0147944592614045	0.00820484482467567	0.0147444118655493	0.00509132983100218	0.0104630597572581	0.0194201273346659	0.0124632611336276	0.0111943589437336	0.0128303248962836	0.00415995457697779	0.00946744959519878	0.0289419578075987	0.00871206623654849	0.0164370113199471	0.0142379474449963	0.0181913785502793	0.0150893019137501	0.0156225790819366	0.0142157198273213	0.00763507685552724	0.0163138611616706	0.0140776460580214	0.0146723243587171	0.00616330929561636	0.0167872446610986	0.00846745184713901	0.00839092122710152	0.0167597322316692	0.0200579915779346	0.0115628307083534	0.00628743200589455	0.0125207379660493	0.0144289124843478	0.00446536545463876	0.00971518236840401	0.0126412451877488	0.017029380372339	0.0174560305735685	0.0246578436273939	0.0201283577066566	0.00884084479116994	0.00505782661661807	0.0145314224765287	0.0155184982734891	0.0124605726434035	0.0122850967871341	0.0190491536716557
HT29_G1_4C_1	0.0072909512838707	0.0108695498372129	0.00502812884615897	0.010481057232225	0.00849481171753259	0.010910799894167	0.00501048899353397	0.00622218023019088	0.0135492713195658	0.029304655882911	0.0079244961061686	0.0152009352874279	0.00764695922828925	0.00942619329317214	0.0369097654976777	0.0120282561176114	0.0144078216023233	0	0.0171117806485992	0.0177476687244142	0.0823342575747657	0.0587076493195005	0.0551523834819101	0.0039048949729772	0.0158320308443559	0.00972222295789887	0.00667318835706968	0.00634870138204926	0.0161170205025763	0.00311297879548258	0.0142242250397615	0.0069509790046194	0.00641070385090536	0.017521310540688	0.00548787735091177	0.00530881604204414	0.00689695309386634	0.00143284974100169	0.0072260076717956	0.0045284885059342	0.0125083515288439	0.0161154968151218	0.00815834061386436	0.0170530427474582	0.0110727236100195	0.0194740690196649	0.0103306466960982	0.00505120312155576	0.0161464109435328	0.00764200286066224	0.00323619834556107	0.00680852170890569	0.00658180553706608	0.00277031220455424	0.022235857763417	0.00682927201711856	0.0106610090441232	0.00613979801820483	0.00752020696698746	0.00757860053012988	0.0090075256941759	0.00252382645530173	0.0107524148156191	0.00745622880756206	0.0155519851129019	0.0113194518395074	0.00741212730242611	0.0153834532933544	0.00410293990946509	0.00409928119315436	0.010541994196322	0.00705256288760161	0.00212572564966533	0.00571597434300696	0.00606551409917363	0.0120947956698335	0.00777183298799964	0.0147185487676715	0.0148889705608191	0.0117851406572389	0.00306615602244685	0.0220602346925124	0.00647627419317501	0.0157282598779749
HT29_G1_4C_2	0.0146898772357363	0.0268870413544882	0.0160606387863711	0.0231472988209122	0.0133125221564719	0.00691833283634638	0.0152196632457874	0.0225065684994699	0.00879652894329298	0.0144865975774623	0.0222095897181612	0.00419458441404001	0.0166427767462835	0.0176042213329662	0.0221132319637062	0.00790557084545808	0.00748061401933148	0.0171117806485992	0	0.0277387213551032	0.066562558450432	0.0432980938098871	0.038742196015178	0.0179017900469245	0.00486561216541828	0.00789147446578027	0.011205210049834	0.0158639655342818	0.0144119267113623	0.0156850510272969	0.00863922179901713	0.0140124662621086	0.0186064094048985	0.0069395961405524	0.0161524701103044	0.021033709579976	0.0117343892263901	0.0170082763126251	0.0102188207355927	0.0176677105941862	0.00482850950236541	0.00492120934203507	0.0231846438296218	0.00695403252735271	0.0117952637989768	0.00570474814006259	0.0084904263956097	0.0123360766852711	0.0330674861660018	0.0137842031720413	0.0181041710173372	0.0147450887080246	0.0206550634511609	0.0166592482290631	0.00890301253335344	0.0137494594722791	0.00818478644948385	0.020571042340999	0.0150567687444207	0.0139147728801666	0.00878121607367954	0.0192609948310684	0.00690201696153622	0.0101461056257126	0.0119359548898988	0.0253157822874568	0.0151493169512594	0.0116722711596366	0.0142642715662334	0.0180068511783593	0.00978507661226581	0.0115924996549201	0.0152168107093391	0.0173592769833164	0.0213492626805074	0.0288129799170121	0.02313600511111	0.00805184136290822	0.00275953374961592	0.0117856290108023	0.0176520467982439	0.00543580721410548	0.0130272426786403	0.0258772654789695
HT29_G1_4C_3	0.0212770587056348	0.0155381815756661	0.0179355737837963	0.0110249965336235	0.0194712281551621	0.024442875694463	0.0179591888299594	0.0180117917055701	0.0290533298885628	0.0421162573128414	0.0134342636478242	0.0283460423848484	0.0120084489160485	0.0104661010567724	0.0498280550699252	0.0198614660564721	0.0208692264629547	0.0177476687244142	0.0277387213551032	0	0.0928309211919567	0.067431184314437	0.0639935453403326	0.0191748538655884	0.0282398105624768	0.021951503006877	0.0223962692954947	0.0182759539386269	0.0275349531226095	0.0158277377228866	0.0247656724351748	0.0208571383552252	0.0190032761798032	0.0267391124263289	0.0228092021857061	0.0208717497874802	0.020574385521781	0.0189939506672091	0.019942712689606	0.0183778438409369	0.0233835537036495	0.028583894983574	0.0144603316749945	0.0299117704757468	0.0239782057031675	0.0324677612700108	0.0195766421210095	0.0184209762533605	0.017657536577905	0.0147966581870361	0.0204828266622221	0.0231569493615588	0.0180528383578879	0.0200397168229214	0.0353679307552887	0.0240931330211112	0.0230821584190502	0.0130187647877125	0.0209461685751428	0.0248427983066182	0.020443269713333	0.0185268161647719	0.0244435060979143	0.0202088357300907	0.0320102434311826	0.00906217576543166	0.0182739859151294	0.0202472528193819	0.0202910483671816	0.0166154860306367	0.0180405698517566	0.020770849828917	0.0183550029437386	0.0229717221096123	0.0156890200765088	0.0158260123904921	0.0169204237500427	0.0259787212670745	0.0250080781237945	0.0281980292810307	0.0196026620462695	0.0330885835385629	0.0223203912269626	0.00316512877439399
HT29_G1_4F_1	0.0774104281212123	0.0927291971790177	0.0819941352264793	0.0875818001958844	0.0767714129987643	0.0722556878168645	0.079646172994152	0.0864352048089528	0.0697092482929436	0.0536033598829171	0.0867404471456024	0.0674370449228453	0.0828487669036587	0.0834275913969177	0.0468788066454047	0.0740264840955508	0.0723376070568462	0.0823342575747657	0.066562558450432	0.0928309211919567	0	0.0279932237648605	0.029389581972979	0.0831159020154739	0.0667274124184574	0.0732821576956904	0.0759677373310632	0.0795900196005896	0.070588199627418	0.0816423955137275	0.069942522823919	0.0772263893732389	0.0840278640050302	0.066881029109638	0.0790055786639736	0.0844851642558678	0.0761440092187464	0.0817090827674969	0.0763950303871976	0.0815577461166666	0.0712519026418886	0.0681030494366551	0.0892929718157638	0.0680448620239301	0.0731134322008698	0.0631516980020915	0.0745328954212812	0.0781897093973303	0.0981305918382721	0.0801871849894471	0.0820197330938326	0.0771901563582882	0.0861677987678372	0.0814560137357767	0.0602068773255476	0.076717984093258	0.0723060870251986	0.0868421052843109	0.0802436543126393	0.0762548955774498	0.074517330848003	0.0838464109379891	0.0717838307619343	0.0763300130133525	0.0690285762565407	0.0916612066054854	0.0787519734097823	0.0732282017153006	0.0786098711752707	0.082553466333032	0.0760074229045974	0.0759504715813356	0.0803763002089715	0.0808996225840843	0.0857070991562549	0.0935135265999505	0.0887800114916656	0.0689194356543278	0.0691099436310757	0.0718151546327484	0.0816688663181588	0.0612651276261099	0.0764544254397195	0.0907858298710279
HT29_G1_4F_2	0.0531003018841157	0.0693340013137456	0.0590048573980773	0.0622022733752196	0.0519438507085441	0.0494165008548699	0.0552216256559549	0.0623879043242573	0.0476677679869351	0.0329188224357723	0.0618094491843996	0.0445698448819829	0.0584109758199838	0.0586262673527482	0.0291177628130169	0.0499767079961547	0.0478549391393541	0.0587076493195005	0.0432980938098871	0.067431184314437	0.0279932237648605	0	0.00942680323513473	0.0602564593887417	0.0430656485373302	0.0493353221525308	0.052904129924312	0.0549295676162947	0.0455232100472258	0.0577047303851758	0.0450818625154158	0.0529251393476351	0.0614782744567521	0.0419183367425631	0.0557834810776604	0.0611973472969368	0.0520114624811992	0.0581610836459676	0.0529344883833162	0.0572757995804116	0.0476654967012273	0.0461193666259406	0.065902054140455	0.0467414093123187	0.0486360720439168	0.0407222807482239	0.0503131018210503	0.0543763608104348	0.0740625096637703	0.0560945065465036	0.0586746916070385	0.0536287159859382	0.0634250827116354	0.0584272647519119	0.0376499740352129	0.0539022373655254	0.0481506124383975	0.0630356404537235	0.0579665252843826	0.0534637646360711	0.0504362245588777	0.0602834845930808	0.0484932273787475	0.0529999561566157	0.0477114887759705	0.0673705073366209	0.0539102664855339	0.0475393752805981	0.0548832930452394	0.0581530281553951	0.0518926375776377	0.0518338560736747	0.0566201363832701	0.0585152910627384	0.0611779698895084	0.069143050881982	0.0657742674242929	0.0442842759401196	0.0454644277311289	0.0492035075035223	0.0579519017056453	0.0386091108046463	0.0527883459092875	0.065226804001469
HT29_G1_4F_3	0.0503729877010145	0.0654642570771121	0.0547008865553858	0.0595660664471009	0.049146580915719	0.0450661109247398	0.0521890164755544	0.0595358017241897	0.0435209646445381	0.0279356814338115	0.0590816584246747	0.040344142552669	0.0546074583035542	0.0549795089821698	0.0233593309142363	0.0457343589845611	0.0437790206550426	0.0551523834819101	0.038742196015178	0.0639935453403326	0.029389581972979	0.00942680323513473	0	0.0562080218646529	0.0393828285263802	0.0456349449646587	0.0490029563433503	0.0521594971879159	0.0438237135464646	0.0540072816107656	0.0422055569985317	0.0500701797392139	0.0570601666652148	0.0387466295410484	0.0525757144513623	0.0580398434294642	0.0487545810978414	0.0547191690547794	0.0488210941786034	0.0544062512960929	0.0434116231141312	0.0410890199460504	0.0618492165520594	0.0414387694086476	0.0460019903004035	0.0363409929789505	0.0464088530142655	0.0506126391846319	0.0709943777534417	0.0520433550902849	0.0553552841264276	0.0506237597266549	0.0591679464614899	0.0546285605695932	0.0337313933089151	0.0503257094666449	0.0447736678157862	0.0591379139448813	0.0533144952018186	0.0499992735988659	0.0467101286025354	0.0569307184942702	0.0445497370197732	0.0487955011425219	0.0437535903937131	0.0635973369936896	0.0511784803403333	0.0446373557227864	0.0515550367056691	0.0551648337543341	0.0477326377755462	0.0485763272151031	0.0531158173670146	0.0546317200750823	0.058373275166443	0.0663032608157094	0.0616956544275655	0.0413440395200517	0.0411209106482932	0.0458305036212405	0.0547971443012962	0.0337308722012657	0.049578535517718	0.0620552401936287
HT29_G1_5A_1	0.010610050158548	0.00983983753939938	0.00320136314094807	0.0135664475320523	0.0119072938764751	0.0112181655236548	0.0087084710143314	0.00864768062192702	0.0136715716814221	0.0296937109428844	0.0110992553860829	0.0159180934683519	0.00936812618371324	0.0114244992615294	0.0370381910138657	0.0132553844143554	0.0159842385628073	0.0039048949729772	0.0179017900469245	0.0191748538655884	0.0831159020154739	0.0602564593887417	0.0562080218646529	0	0.0172548056053762	0.0115218478577249	0.00739527804283073	0.0101413799765075	0.019163327830932	0.00550444670402744	0.0167552660258757	0.0102295300525718	0.00285784382283045	0.0196785812909481	0.00727804091106469	0.00652200536863059	0.00963890982963781	0.00444174978955363	0.0080932046129473	0.00831547396875391	0.013518581206823	0.0158836889410382	0.0069691393968905	0.0163587150488052	0.0139260752583816	0.0200911619630458	0.0120512046599336	0.00701241308768805	0.0164506077449492	0.00891929114683241	0.00514625807799683	0.00919209967157901	0.00354933750169434	0.0024762518680158	0.0231482886192422	0.00759202863218941	0.0128136294654269	0.00629396312829324	0.00486744512620351	0.00847437404246105	0.0109212600279567	0.00472028591692805	0.0118132934124953	0.00803450004206546	0.0154815673561881	0.0116845679376907	0.0111213610755754	0.0181831842063467	0.00688314601496975	0.00796058584713532	0.0118511308727893	0.00975134768392974	0.00528450318385314	0.0041807745031222	0.00929910890019137	0.0133883222999757	0.00578260392207676	0.0170547569081544	0.0159166917726369	0.0127557876830028	0.006180100987071	0.0226782909087196	0.00885335542752821	0.0176822015317348
