	HT29_G1_1B_1	HT29_G1_1B_2	HT29_G1_1B_3	HT29_G1_2A_1	HT29_G1_2A_3	HT29_G1_3E_2	HT29_G1_3E_3	HT29_G1_3F_2	HT29_G1_3F_3	HT29_G1_4A_1	HT29_G1_4A_2	HT29_G1_4A_3	HT29_G1_4B_3	HT29_G1_4C_1	HT29_G1_4F_1	HT29_G1_4F_2	HT29_G1_4F_3	HT29_G1_5A_1	HT29_G1_5A_2	HT29_G1_5A_3	HT29_G1_5B_1	HT29_G1_5B_2	HT29_G1_5B_3	HT29_G1_5C_2	HT29_G1_5C_3	HT29_G1_5D_1	HT29_G1_5D_2	HT29_G1_5D_3	HT29_G1_5E_1	HT29_G1_5E_2	HT29_G1_5E_3	HT29_G1_5F_3	HT29_G2_4G_1	HT29_G2_4G_2	HT29_G2_4G_3	HT29_G2_4H_1	HT29_G2_4H_2	HT29_G2_4H_3	HT29_G2_5A_1	HT29_G2_5A_2	HT29_G2_5A_3	HT29_G2_5B_2	HT29_G2_5B_3	HT29_G2_5E_1	HT29_G2_5E_2	HT29_G2_5E_3	HT29_G2_5F_1	HT29_G2_5F_2	HT29_G2_5F_3	HT29_G2_5G_1	HT29_G2_5G_2	HT29_G2_5G_3	HT29_G2_5H_1	HT29_G2_5H_3	HT29_G2_6A_1	HT29_G2_6B_1	HT29_G2_6B_2	HT29_G2_6B_3	HT29_G2_6C_2	HT29_G2_6C_3	HT29_G2_6D_1	HT29_G2_6D_2	HT29_G2_6D_3	HT29_G2_6E_1	HT29_G2_6E_2	HT29_G2_6E_3	HT29_G2_6F_1	HT29_G2_6F_2	HT29_G2_6F_3	HT29_G2_6G_1	HT29_G2_6G_2	HT29_G2_6G_3	HT29Root1_3	HT29Root2_1	HT29Root2_2	HT29Root2_3
HT29_G1_1B_1	0	0.00120824428976448	0.006416157400392	0.00708997235881537	0.00252468248298474	0.00937969683217951	0.00106634456919255	0.00218551579572573	0.00410352834673768	0.000434557882178988	0.00596582312821893	0.00659052865590122	0.00383804040320886	0.00655679521962872	0.0158778189688443	0.0127024932277088	0.00247585995302013	0.00671958587549992	0.00387970859591496	0.00449277726827226	0.00365410550820717	0.00998388240359186	0.0114669842308106	0.00679150608382844	0.00698121820712731	0.0179845876468236	0.00749504485242832	0.00226336121757173	0.0183922079036084	0.000603065557439976	0.00601596126570852	0.00368277127561663	0.020458292511865	0.00664513194056626	0.00231987520537342	0.0034384078466756	0.0139786005974321	0.00315209761358494	0.0133274486417971	0.0104249294506804	0.000776488758816416	0.00352253311062342	0.00554788954781107	0.00668706367572082	0.00851991268294991	0.0020570458608985	0.000595708755421449	0.00226000450038658	0.00302781364155317	0.00107336946470333	0.00587089523590371	0.00692710944493853	0.0055434691283164	0.00237863315912895	0.0261257438332653	0.00355774030630383	0.0057686048163891	0.0024830277389477	0.00152656983714133	0.000615050096031318	0.0087789166511962	0.00844203468314255	0.00337879141994389	0.00152404996529968	0.00600774859244042	0.0112865431550877	0.00243144956797236	0.00644559398818671	0.00493342321557253	0.00848923758892199	0.000811700211383633	0.00518669230059403	0.00677515478462249	0.0085710786980803	0.0019856869465051	0.00086358418812543
HT29_G1_1B_2	0.00120824428976448	0	0.00520793336252663	0.0082981803749355	0.00373292099590028	0.00817149882337859	0.00014189981301242	0.000977272807428525	0.00289529127869527	0.00164280173548452	0.00475759605036756	0.00538230586022152	0.00504627280135068	0.00534857218081371	0.0146697141911715	0.0114943367358923	0.00126761757486536	0.00551136402256883	0.00267147060795001	0.00328454194385561	0.002445866654088	0.00877569097839081	0.0102588107888083	0.0079997168894847	0.0081894272526527	0.0167765236050072	0.00628682908223614	0.00105511838283326	0.0171841523309834	0.000605178955008858	0.00480773451432496	0.00247453252814514	0.0192502827801694	0.00543690954133326	0.00111163248671472	0.00223016822189905	0.0127704634824926	0.00436033347190343	0.0121193014026888	0.00921674310314167	0.000431755735614967	0.00231429377975124	0.00433965986578629	0.00547884158334322	0.00731170604908513	0.00084880263523821	0.000612535757175513	0.00346824398717263	0.00181957270517405	0.000134874913475435	0.00466266754820127	0.00571888914960882	0.00675169038779195	0.00358687222010092	0.0249178845863115	0.0023495011009303	0.00456037648360077	0.00369126641085807	0.00273481157102515	0.00182329370003737	0.00757071252348977	0.0072338273112691	0.00217055159208886	0.000315805968937723	0.00479952178737315	0.0100783673871163	0.00122320708987257	0.00523737015747503	0.00614164887588229	0.00728103066350846	0.000396544274949687	0.00397846053655871	0.00556693334373504	0.00736287255301301	0.00319392735138764	0.00207182738344882
HT29_G1_1B_3	0.006416157400392	0.00520793336252663	0	0.0135058183287737	0.00894076689284357	0.00296362798999023	0.00534983119490873	0.00423067132648859	0.00231265948620287	0.00685070568139862	0.000450342867513768	0.000174374929541274	0.0102540703325387	0.000140640766944713	0.00946213637068696	0.00628658918541769	0.00394032879557091	0.000303434992159336	0.00253648037065183	0.00192340782985268	0.00276208427627711	0.00356783839863132	0.00505101087419379	0.0132073718667709	0.0133970714652924	0.01156908610484	0.00107891327423572	0.00415282639401541	0.0119767445144587	0.00581310313432303	0.000400203837058021	0.00273341842298779	0.0140430379872036	0.000228979403867618	0.00409631273694911	0.0029777824147205	0.00756277807950759	0.00956815741230648	0.00691158326668381	0.00400890501995654	0.00563968274329416	0.00289365700028438	0.000868283272278005	0.000270912065861903	0.00210381244645663	0.00435914036832413	0.00582045981284025	0.00867609851763099	0.00338837670271732	0.00534280639587017	0.0005452724075776	0.000510963354916607	0.0119594113323908	0.00879472292709358	0.0197111937053534	0.00285844972812118	0.000647564538210823	0.00889911369125343	0.00794268807927378	0.00703119354623954	0.002362825382947	0.00202593183261904	0.00303739892067158	0.00489213142171285	0.000408416657504871	0.00487056046977879	0.003984738967024	2.94371939043851e-05	0.0113493990104844	0.00207313631819949	0.0056044718375078	0.00122948552167525	0.000359005158262608	0.00215498019982059	0.00840179043648772	0.0072797213025778
HT29_G1_2A_1	0.00708997235881537	0.0082981803749355	0.0135058183287737	0	0.00456533177591998	0.0164691161077318	0.00815628545614887	0.00927541490638606	0.0111933351431124	0.00665542496219881	0.0130555154094241	0.0136801770626329	0.00325197740506691	0.013646446065379	0.0229664963590389	0.0197915692374782	0.00956574676717282	0.0138092248774994	0.0109695275085831	0.0115825621498131	0.0107439362750863	0.0170732449240592	0.0185561967479151	0.000298473684943671	0.000108756928110881	0.0250729629002895	0.014584624892495	0.00935325709020098	0.0254805212553613	0.00769302111851811	0.0131056501265961	0.010772600556262	0.0275462750297502	0.0137347763824371	0.00940976870029196	0.0105282496102983	0.0210675246523266	0.00393791990523445	0.0204164516223779	0.0175142489473	0.00786643900664169	0.0106123706245421	0.0126376096527507	0.0137767050586828	0.0156094083625035	0.00914695022093759	0.00768566453710118	0.00483000752685583	0.0101176754267786	0.00816331011740019	0.0129605939445563	0.0140167330797745	0.00154653451793963	0.00471137993117643	0.0332126738776605	0.010647576026822	0.0128583103801747	0.00460698620242367	0.00556343335628063	0.0064749367043834	0.0158683898545276	0.0155315370297453	0.0104686361647615	0.00861397484749707	0.0130974380147955	0.0183757747317271	0.00952133830180482	0.0135352528176546	0.00215658794056721	0.0155787358995678	0.00790164935415512	0.0122764354630442	0.0138647897012685	0.0156605699744095	0.00510432223229449	0.00622640767585901
HT29_G1_2A_3	0.00252468248298474	0.00373292099590028	0.00894076689284357	0.00456533177591998	0	0.0119042377732882	0.00359102214672198	0.00471018511022009	0.00662817612096406	0.0020901257665672	0.00849044112534578	0.00911513471934254	0.0013133644181999	0.00908140195235446	0.0184021340672593	0.0152269315446435	0.00500052660439217	0.00924418935220193	0.00640435936237578	0.00701741953835986	0.00617875916302029	0.0125084067012859	0.0139914638668358	0.00426686109862885	0.00445657599303242	0.020508807573431	0.0100196319127869	0.0047880298389746	0.0209164081890769	0.00312774562268649	0.00854057834102596	0.0062074245705582	0.0229823871583726	0.00916973691463576	0.00484454331404968	0.00596306414299844	0.0165029923320531	0.000627417677808884	0.0158518646404223	0.0129494410312557	0.00330116795679965	0.0060471883906541	0.00807251498416065	0.00921166780818875	0.0110444757548334	0.00458171628554022	0.00312038885575068	0.000264678752193766	0.00555247464150882	0.00359804700035801	0.00839551496109262	0.00945170867510521	0.00301880826508741	0.000146049771025039	0.0286494970394684	0.00608239515574528	0.00829322637844731	4.16548776880945e-05	0.000998114604300094	0.00190963389481488	0.0113034732486818	0.0109665996692881	0.0059034484255986	0.00404872454833212	0.00853236581918598	0.0138110285132236	0.00495611664050289	0.00897020290708245	0.00240875607291328	0.0110138014165999	0.00333637922396481	0.00771132381397424	0.00929975713474675	0.0110956405041041	0.000538996912867352	0.00166110013703944
HT29_G1_3E_2	0.00937969683217951	0.00817149882337859	0.00296362798999023	0.0164691161077318	0.0119042377732882	0	0.00831339382521491	0.00719425464958906	0.0052762696112677	0.00981423468153959	0.00341396861189306	0.00278925377048741	0.0132174979298683	0.00282298780216092	0.00649859712266281	0.00332299146018651	0.00690391687726068	0.00266019417567264	0.00550008792987914	0.00488702206450489	0.00572568909931332	0.000604213542112966	0.00208739818205304	0.0161706829125038	0.0163603741101188	0.00860560143101376	0.00188471768044152	0.00711641101756868	0.00901327184279069	0.00877665610420006	0.00336382986061181	0.00569702360206878	0.011079633307156	0.00273464949972981	0.00705989829332091	0.00594138448083573	0.0045992004028878	0.0125316082689469	0.00394799477853878	0.00104528311773532	0.00860323940463554	0.00585726015803056	0.00383190639965969	0.0026927169885663	0.000859818177493106	0.00732272150578769	0.00878401262414081	0.0116395774874876	0.0063519731397959	0.00830636916771083	0.00350889760238687	0.002452666463382	0.0149227748868614	0.0117581982975123	0.0167480363177313	0.00582205333648717	0.00361118911149948	0.0118625858588692	0.0109061883583817	0.00999471804688132	0.000600804673569402	0.000937698923918521	0.00600100020050072	0.00785570296626864	0.00337204263601175	0.00190694595885068	0.00694832633712934	0.00293419092160083	0.0143127864940852	0.000890494360092015	0.00856802923736444	0.00419310597390196	0.00260462419629376	0.000808650327579304	0.0113652775666858	0.0102432394471169
HT29_G1_3E_3	0.00106634456919255	0.00014189981301242	0.00534983119490873	0.00815628545614887	0.00359102214672198	0.00831339382521491	0	0.00111917254213866	0.00303719046466389	0.00150090209938919	0.0048994942053584	0.0055242035600351	0.0049043747706175	0.00549046990660089	0.0148115987397366	0.0116362271155792	0.00140951726013835	0.00565326162153241	0.00281336988486862	0.00342644095483541	0.00258776601554941	0.00891758525316532	0.0104007030648401	0.00785782162028183	0.0080475322046454	0.0169184035301377	0.00642872602605664	0.0011970181054322	0.0173260312925507	0.000463279162432875	0.0049496326348069	0.00261643187926775	0.0193921565155609	0.00557880719874949	0.00125353220000063	0.00237206765736234	0.0129123516839141	0.00421843498239368	0.0122611907434134	0.00935863681526949	0.000289855931664197	0.00245619318711378	0.00448155829469406	0.00562073920794009	0.00745360199820702	0.000990702388076507	0.000470635964821349	0.00332634500341032	0.00196147226326866	7.02490618481272e-06	0.00480456576759	0.00586078658148237	0.00660979379552426	0.00344497329535713	0.0250597410799527	0.00249140049625637	0.00470227477091317	0.00354936753981965	0.00259291226724704	0.00168139410697637	0.00771260819806516	0.00737572334110626	0.00231245104678921	0.000457705771684368	0.00494141991352994	0.0102202599225422	0.00136510678345471	0.00537926796777962	0.00599975172014787	0.00742292664451251	0.000254644469245156	0.00412035918237893	0.00570883089856214	0.0075047684486286	0.00305202823882065	0.0019299278574277
HT29_G1_3F_2	0.00218551579572573	0.000977272807428525	0.00423067132648859	0.00927541490638606	0.00471018511022009	0.00719425464958906	0.00111917254213866	0	0.00191802119398916	0.00262007242041741	0.00378033204044184	0.00440504464111098	0.00602353055536901	0.00437131080136751	0.0136925384334129	0.0105171225659819	0.000290344948504112	0.00453410342701898	0.00169420002023781	0.00230727285025871	0.00146859560885604	0.00779845147919286	0.00928158423863468	0.00897695399854076	0.00916666273379787	0.0157993785304992	0.00530957257158831	7.78456164162228e-05	0.0162070136684726	0.00158245129087461	0.00383047071446184	0.00149726153827103	0.0182731789750764	0.00445964858407498	0.000134359752246071	0.00125289678566109	0.0117932636121961	0.00533759476338373	0.0111420940441993	0.0082395072361711	0.00140902824351837	0.00133702249055651	0.00336239419960957	0.00450158082913414	0.00633445582472911	0.00012847022581435	0.00158980808491394	0.00444550917427398	0.000842300650133042	0.00111214764689576	0.00368540314724918	0.00474162959042615	0.00772893729600527	0.00456413693499997	0.0239408964142594	0.00137222987539151	0.00358311167102123	0.00466853069865744	0.00371207936558237	0.00280056398891829	0.00659346404733002	0.00625657657381203	0.0011932800557133	0.000661466940972373	0.00382225795293139	0.00910113914983231	0.000245934429956872	0.00426010825728773	0.00711890000051883	0.00630378023634696	0.00137381681408072	0.00300119357534257	0.00458967302163123	0.00638562266890183	0.0041711935765096	0.00304909707414634
HT29_G1_3F_3	0.00410352834673768	0.00289529127869527	0.00231265948620287	0.0111933351431124	0.00662817612096406	0.0052762696112677	0.00303719046466389	0.00191802119398916	0	0.00453808214938031	0.00186231758072078	0.00248703391845903	0.00794150542511271	0.00245329985798708	0.0117746695787584	0.00859918716108092	0.00162767669968545	0.00261609356861046	0.000223821537618745	0.000389252516866026	0.00044942621837467	0.00588047393266409	0.00736362797603476	0.0108948801251564	0.0110845851372361	0.0138815640340955	0.00339156857014827	0.00184017571589859	0.0142892106226132	0.0035004671505348	0.00191245652734434	0.000420760260073649	0.0163554385959022	0.00254163822322228	0.00178366167153576	0.000665125207970783	0.0098753527195613	0.00725557848635543	0.0092241702677067	0.00632153559001574	0.00332704492405285	0.000580999448862153	0.00144437765359648	0.00258357074998221	0.00441646130612529	0.00204649116706243	0.00350782390847967	0.00636350302776474	0.00107572141368454	0.00303016559753572	0.00176738818453475	0.0028236211879279	0.00964688612988482	0.00648212953136561	0.0220233672344685	0.000545792037192524	0.0016650961854381	0.00658652216589484	0.00563008037966908	0.00471857243778937	0.00467547223841003	0.00433858126514323	0.000724741968203483	0.0025794864938244	0.00190424372083351	0.00718318007852419	0.00167208715878404	0.00234209660165534	0.00903685880853939	0.00438578540517971	0.00329183365415498	0.00108317549398397	0.00267166354508173	0.00446762867561296	0.00608919023142315	0.00496710365649375
HT29_G1_4A_1	0.000434557882178988	0.00164280173548452	0.00685070568139862	0.00665542496219881	0.0020901257665672	0.00981423468153959	0.00150090209938919	0.00262007242041741	0.00453808214938031	0	0.00640037266521737	0.00702507642717935	0.00340348541168521	0.0069913430905382	0.016312320941963	0.0131370149457866	0.00291041625339887	0.00715413326110851	0.00431426281025042	0.00492733030322806	0.00408866011556194	0.0104184176669886	0.0119015124910552	0.0063569577916888	0.00654667047954122	0.0184190742093057	0.00792958977029418	0.00269791775890602	0.0188266912731379	0.00103762330192344	0.00645051066717923	0.00411732583425418	0.0208927586497646	0.00707967954954939	0.00275443168457359	0.0038729628090959	0.0144131148860045	0.00271754162531322	0.013761966806552	0.0108594627286401	0.00121104643404971	0.00395708793696126	0.00598244017235025	0.00712161115919746	0.00895445394480459	0.00249160261736404	0.00103026650254651	0.00182544752932935	0.00346236922401952	0.00150792699097999	0.00630544502652761	0.00736165619540731	0.00510891752701449	0.00194407629833838	0.0265601538078369	0.00399229507478121	0.00620315487596329	0.00204847098039425	0.0010920123227956	0.000180492238221167	0.00921345691816799	0.00887657623854949	0.00381334647693726	0.0019586071914449	0.0064422980161922	0.0117210723170077	0.00286600592031549	0.00688014218405829	0.00449887025178517	0.00892377896670689	0.00124625787100491	0.00562124380440764	0.00720970200196794	0.00900561976566287	0.00155112974427873	0.000429026387630242
HT29_G1_4A_2	0.00596582312821893	0.00475759605036756	0.000450342867513768	0.0130555154094241	0.00849044112534578	0.00341396861189306	0.0048994942053584	0.00378033204044184	0.00186231758072078	0.00640037266521737	0	0.000624717772880734	0.00980375014775654	0.000590983616572476	0.00991245858421334	0.00673692269055177	0.0034899890064041	0.000753777809105657	0.00208613868545166	0.00147306559485771	0.00231174283587515	0.00401817808656919	0.00550134758980319	0.0127570671572799	0.0129467678888237	0.0120193984298464	0.0015292557748847	0.00370248696932676	0.0124270547069721	0.00536276726176787	5.01390334030589e-05	0.00228307695025848	0.0144933362836717	0.000679322237299406	0.00364597321336323	0.00252744122987623	0.00801310757127829	0.00911783421248331	0.0073619148946805	0.00445924392471339	0.00518934644119886	0.00244331571326776	0.000417940485382327	0.000721254890329016	0.00255415412020268	0.00390880131706725	0.00537012395881729	0.00822577172133434	0.00293803606212133	0.0048924693901435	9.49295517141446e-05	0.000961306113422047	0.0115090995883396	0.0083443965879122	0.0201614501361385	0.00240810839930754	0.000197221698815843	0.0084487877597128	0.00749235860034287	0.00658086107708591	0.00281316677415427	0.00247627358547188	0.00258705781010072	0.00444179342436469	4.19262148577503e-05	0.00532089759850941	0.00353439925237088	0.000479780058986568	0.0108990840920094	0.0025234780234827	0.0051541354498416	0.000779142867664469	0.000809347961297973	0.00260532182007982	0.00795146260791028	0.00682938961103094
HT29_G1_4A_3	0.00659052865590122	0.00538230586022152	0.000174374929541274	0.0136801770626329	0.00911513471934254	0.00278925377048741	0.0055242035600351	0.00440504464111098	0.00248703391845903	0.00702507642717935	0.000624717772880734	0	0.0104284359266868	3.37341621231255e-05	0.00928776892898255	0.00611221754258346	0.00411470232066181	0.00012906006636467	0.0027108547054789	0.00209778241065621	0.0029364585041561	0.00339346450825345	0.00487663805478849	0.0133817313098361	0.013571430459435	0.0113947223786123	0.000904538428897223	0.00432719976651973	0.0118023815919858	0.0059874750419861	0.000574578746477332	0.00290779266500258	0.0138686795597491	5.46044758361934e-05	0.00427068615080377	0.0031521565321153	0.00738840792193694	0.00974252421082785	0.0067372123170207	0.00383453140902475	0.00581405482664365	0.0030680311617182	0.001042658123534	9.65371385556989e-05	0.00192943786607094	0.0045335135851121	0.00599483171292471	0.00885046675675477	0.00356275058722618	0.00551717876763283	0.000719647303031907	0.000336588440422804	0.012133773566436	0.00896909098281379	0.0195368511836788	0.00303282390765419	0.000821939421612993	0.00907348158352845	0.00811705739661182	0.00720556407050986	0.00218845089796071	0.00185155722575098	0.00321177300604862	0.00506650420175838	0.000582791566512687	0.00469618750015804	0.00415911246088967	0.000144937734908942	0.0115237625065222	0.00189876172726601	0.00577884395586425	0.00140386030205242	0.000184630234808346	0.0019806056373205	0.00857615909006691	0.00745409151237385
HT29_G1_4B_3	0.00383804040320886	0.00504627280135068	0.0102540703325387	0.00325197740506691	0.0013133644181999	0.0132174979298683	0.0049043747706175	0.00602353055536901	0.00794150542511271	0.00340348541168521	0.00980375014775654	0.0104284359266868	0	0.0103947035946421	0.0197152600391989	0.0165401297733812	0.00631386991698164	0.0105574888819067	0.00771769079903431	0.00833074497763532	0.00749209268272497	0.0138216566462716	0.0153046867656154	0.00295350520571981	0.00314322105346322	0.0218218786272241	0.0113329209078933	0.00610137472327311	0.0222294679791931	0.00444110073302871	0.0098538867549153	0.00752075782928599	0.0242953866932433	0.0104830374148258	0.00615788778615523	0.00727639959185242	0.0178161630492461	0.000685947030182659	0.0171650496530148	0.0142626832267198	0.00461452216972542	0.00736052309439424	0.00938582895172516	0.0105249677626913	0.0123577496350402	0.00589506263885266	0.00443374400325224	0.00157804288945509	0.00686581359382123	0.00491139958439067	0.00970882512668807	0.0107650054619136	0.001705447324139	0.00145941404567276	0.0299623044306474	0.00739572954486364	0.00960653776274903	0.00135501925737914	0.00231147747228576	0.00322299418238552	0.0126167430947727	0.0122798747455892	0.00721678439688069	0.00536207443651157	0.0098456743329839	0.0151242548525283	0.00626946028649051	0.0102835059726965	0.00109539343539228	0.0123270757688636	0.00464973324976679	0.0090246418721491	0.010613055935456	0.0124089135942184	0.0018523606598535	0.00297446123821985
HT29_G1_4C_1	0.00655679521962872	0.00534857218081371	0.000140640766944713	0.013646446065379	0.00908140195235446	0.00282298780216092	0.00549046990660089	0.00437131080136751	0.00245329985798708	0.0069913430905382	0.000590983616572476	3.37341621231255e-05	0.0103947035946421	0	0.00932150166467078	0.00614595108357678	0.00408096843950943	0.000162794228075005	0.00267712066440353	0.00206404832054325	0.00290272448430152	0.00342719847768276	0.00491037182048912	0.0133480001746815	0.0135376994115716	0.011428454400451	0.000938272577165664	0.00429346591537944	0.0118361134592876	0.00595374147812586	0.000540844589220343	0.00287405864232515	0.013902410562293	8.8338638297308e-05	0.00423695229155157	0.00311842253411735	0.00742214117857181	0.00970879164418578	0.00677094572538177	0.00386826532540851	0.00578032122839786	0.00303429715501544	0.00100892397857654	0.000130271301393751	0.00196317196555082	0.00449977976459721	0.00596109815055562	0.00881673390931792	0.00352901663525094	0.00548344511289547	0.000685913148837747	0.00037032260095676	0.0121000418884224	0.0089353581711387	0.0195705791223915	0.00299908989736509	0.000788205269995368	0.00903974880371768	0.00808332433887358	0.00717183077714648	0.0022221849795702	0.0018852913301173	0.0031780390143981	0.0050327704669792	0.000549057409403417	0.00472992129448865	0.00412537858589511	0.000111203572381512	0.0114900305829417	0.00193249582870566	0.00574511035075972	0.00137012617174647	0.000218364396320234	0.00201433973346357	0.00854242616181731	0.00742035828042849
HT29_G1_4F_1	0.0158778189688443	0.0146697141911715	0.00946213637068696	0.0229664963590389	0.0184021340672593	0.00649859712266281	0.0148115987397366	0.0136925384334129	0.0117746695787584	0.016312320941963	0.00991245858421334	0.00928776892898255	0.0197152600391989	0.00932150166467078	0	0.00317563880545707	0.0134022197859186	0.00915871422489849	0.0119984755708344	0.0113854426965469	0.0122240639868625	0.00589439480269703	0.00441122790334305	0.0226681011723405	0.0228577682804179	0.00210706090023472	0.0083832648675818	0.0136146999829549	0.00251474542711216	0.015274825972062	0.00986232194694851	0.0121954001284128	0.00458119413712304	0.0092331667405013	0.0135581909956479	0.012439746866126	0.00189942411485184	0.0190294418917234	0.00255063394732599	0.00545333195697411	0.015101422556579	0.0123556274552958	0.0103303781206272	0.00919123581539557	0.00735839532905465	0.0138209966519133	0.0152821819241074	0.0181374994358551	0.0128503108911297	0.0148045746028355	0.0100073835278615	0.00895119415280203	0.0214203455823751	0.0182561088050247	0.0102499698484023	0.0123204226758501	0.0101096706113369	0.0183604862211154	0.0174041789711373	0.0164927890408096	0.00709938833660115	0.00743627403389336	0.0124993590770122	0.0143539411253856	0.00987053437717523	0.00459167871106995	0.0134466263560805	0.00943270046020578	0.0208104278952693	0.00738907071206424	0.0150662150623846	0.0106915610145104	0.00910314631845004	0.00730722879930988	0.0178632256136898	0.0167412890680652
HT29_G1_4F_2	0.0127024932277088	0.0114943367358923	0.00628658918541769	0.0197915692374782	0.0152269315446435	0.00332299146018651	0.0116362271155792	0.0105171225659819	0.00859918716108092	0.0131370149457866	0.00673692269055177	0.00611221754258346	0.0165401297733812	0.00614595108357678	0.00317563880545707	0	0.0102267930932722	0.0059831597905318	0.00882300031756383	0.00820994819666455	0.009048596115643	0.00271878057504253	0.00123559744232373	0.0194931539595829	0.0196828338041104	0.00528268279621835	0.00520769321779342	0.0104392811867773	0.00569036250434004	0.0120994738342355	0.00668678476459764	0.00901993131027427	0.00775677911640551	0.00605761405815245	0.0103827700853801	0.00926428620372647	0.00127621839062106	0.0158542731883567	0.000625007293357375	0.00227771219121485	0.0119260630437788	0.00918016396379824	0.00715485327650649	0.00601568214419375	0.00418280381048322	0.0106455856600754	0.0121068301012748	0.0149622830292737	0.0096748643591587	0.0116292026884876	0.00683185009571111	0.00577563492680989	0.0182453175317006	0.0150808985931737	0.0134254015914565	0.00914495800701861	0.00693413986335655	0.0151852814984052	0.0142289252761115	0.0133174914241495	0.00392379231522662	0.00426068391008069	0.00932390043307727	0.0111785509237133	0.00669499740538534	0.00141604986203915	0.0102712013018521	0.00625715255902908	0.017635362189501	0.00421347974063623	0.0118908540639564	0.00751604616291573	0.00592759058778397	0.004131636374645	0.0146879950568966	0.0135660031614536
HT29_G1_4F_3	0.00247585995302013	0.00126761757486536	0.00394032879557091	0.00956574676717282	0.00500052660439217	0.00690391687726068	0.00140951726013835	0.000290344948504112	0.00162767669968545	0.00291041625339887	0.0034899890064041	0.00411470232066181	0.00631386991698164	0.00408096843950943	0.0134022197859186	0.0102267930932722	0	0.00424376126793672	0.00140385541789584	0.00201692857840126	0.00117825091227911	0.00750811498396308	0.0089912513162343	0.00926728668031807	0.00945699489684373	0.0155090686096864	0.00501923148266723	0.000212499334902794	0.0159167055773544	0.00187279580627469	0.0035401277335328	0.00120691685291737	0.017982880858487	0.00416930633130305	0.000155985199033689	0.000962552012867438	0.0115029381519542	0.00562793530284226	0.0108517664796127	0.00794917173847632	0.00169937284209337	0.00104667774586163	0.00307205075080911	0.00421123862894318	0.00604411641383634	0.000418815166114945	0.0018801525966211	0.00473585103613009	0.000551955769665259	0.00140249236748634	0.00339506001456569	0.00445128770084545	0.00801927311989579	0.00485447863463667	0.0236506316064164	0.00108188514307857	0.00329276843499733	0.00495887225205873	0.00400242213777708	0.00309090767087859	0.00630312510791959	0.00596623702488495	0.000902935264191734	0.000951811797475112	0.00353191496327428	0.00881080575957444	4.44105209233017e-05	0.00396976576126967	0.00740923718993712	0.00601344077088989	0.00166416142850362	0.00271084980862905	0.00429933093349568	0.0060952833496231	0.00446153579749725	0.00333944053233145
HT29_G1_5A_1	0.00671958587549992	0.00551136402256883	0.000303434992159336	0.0138092248774994	0.00924418935220193	0.00266019417567264	0.00565326162153241	0.00453410342701898	0.00261609356861046	0.00715413326110851	0.000753777809105657	0.00012906006636467	0.0105574888819067	0.000162794228075005	0.00915871422489849	0.0059831597905318	0.00424376126793672	0	0.0028399142792863	0.00222684217833745	0.0030655179944429	0.00326440514531361	0.00474757945583154	0.0135107796553774	0.0137004784690525	0.0112656703837066	0.000775478407279209	0.00445625859675191	0.01167333018409	0.00611653275592281	0.000703638786950985	0.00303685216624073	0.0137396314388045	7.44555912354499e-05	0.00439974501275212	0.00328121593637087	0.0072593512444804	0.00987157807070195	0.00660815506592464	0.00370547224440218	0.00594311267395874	0.00319709060022367	0.0011717181118325	3.25229271995478e-05	0.00180037802075578	0.00466257229612066	0.00612388942113117	0.00897952170011414	0.00369180981118147	0.00564623683417787	0.000848707330372786	0.000207528378522319	0.0122628240017845	0.00909814578814911	0.0194078147256044	0.00316188336023072	0.000950999438053546	0.00920253626586461	0.00824611315218236	0.00733462073698409	0.0020593911182478	0.001722497362327	0.00334083238547533	0.00519556257916483	0.000711851606317854	0.00456712879348117	0.00428817138418435	0.000273997798793298	0.0116528138876958	0.00176970187472269	0.00590790182978933	0.00153292023088619	5.55701696927817e-05	0.00185154580427498	0.00870521434550526	0.00758314794129671
HT29_G1_5A_2	0.00387970859591496	0.00267147060795001	0.00253648037065183	0.0109695275085831	0.00640435936237578	0.00550008792987914	0.00281336988486862	0.00169420002023781	0.000223821537618745	0.00431426281025042	0.00208613868545166	0.0027108547054789	0.00771769079903431	0.00267712066440353	0.0119984755708344	0.00882300031756383	0.00140385541789584	0.0028399142792863	0	0.000613074027729753	0.000225604691944028	0.00610429149156589	0.00758744333234186	0.0106710717467794	0.0108607772292766	0.0141053640818841	0.00361538874435543	0.00161635451131768	0.0145130094113655	0.0032766468992734	0.00213627760974135	0.000196938731514594	0.016579230462926	0.00276545897842234	0.00155984044543063	0.000441303703299074	0.0100991632574124	0.00703176269714829	0.00944798218565086	0.00654535254398047	0.00310322454413383	0.000357177934439536	0.00166819892252548	0.00280739148024157	0.00464028056803953	0.00182267004712167	0.00328400366283631	0.00613968588727352	0.000851899978685611	0.00280634501308349	0.00199120932990298	0.00304744176803695	0.00942307486523361	0.00625831256006976	0.0222471355276357	0.000321970519287021	0.00188891737248524	0.00636270534613442	0.00540626226456831	0.00449475328227104	0.00489929123321966	0.00456240060449984	0.000500920471476374	0.00235566563698054	0.00212806480693182	0.00740699572838948	0.00144826589229717	0.00256591747009954	0.00881304626435741	0.00460960469776031	0.00306801324895851	0.00130699687358177	0.00289548422170637	0.00469144788591692	0.00586537271201627	0.00474328476589471
HT29_G1_5A_3	0.00449277726827226	0.00328454194385561	0.00192340782985268	0.0115825621498131	0.00701741953835986	0.00488702206450489	0.00342644095483541	0.00230727285025871	0.000389252516866026	0.00492733030322806	0.00147306559485771	0.00209778241065621	0.00833074497763532	0.00206404832054325	0.0113854426965469	0.00820994819666455	0.00201692857840126	0.00222684217833745	0.000613074027729753	0	0.000838678662056824	0.00549122763528526	0.00697438533280607	0.0112841084609929	0.011473812632423	0.01349234723932	0.00300231802055478	0.002229427435039	0.0138999959689966	0.00388971701415071	0.00152320457428349	0.000810012710825002	0.0159662357345442	0.00215238676437807	0.00217291343486459	0.00105437758878928	0.00948611815749305	0.00764482014328119	0.00883493338293154	0.00593229029223181	0.00371629503208076	0.00097025185620855	0.00105512543180271	0.00219431932944929	0.00402721222115773	0.00243574271433794	0.00389707376146962	0.00675274714081461	0.00146497362443914	0.00341941609650234	0.00137813613905835	0.00243436999998417	0.0100361196336824	0.00687137333606365	0.0216342046981209	0.000935044455050886	0.00127584407980505	0.00697576569462059	0.00601932627496117	0.00510782025089478	0.00428622358712175	0.00394933205477966	0.00111399432834211	0.00296873752020338	0.00151499176234028	0.00679393694623527	0.00206133900561636	0.00195284496952644	0.00942609461012255	0.00399653627055163	0.00368108381039611	0.000693923122695706	0.00228241220734562	0.00407837967425766	0.00647843503604007	0.00535635097928238
HT29_G1_5B_1	0.00365410550820717	0.002445866654088	0.00276208427627711	0.0107439362750863	0.00617875916302029	0.00572568909931332	0.00258776601554941	0.00146859560885604	0.00044942621837467	0.00408866011556194	0.00231174283587515	0.0029364585041561	0.00749209268272497	0.00290272448430152	0.0122240639868625	0.009048596115643	0.00117825091227911	0.0030655179944429	0.000225604691944028	0.000838678662056824	0	0.00632989186466454	0.00781304141026614	0.0104454797785815	0.0106351857256504	0.0143309463997536	0.0038409918795452	0.00139075007282622	0.0147385904395801	0.00305104333768522	0.00236188173519616	2.86659590060329e-05	0.0168048044098716	0.00299106274219526	0.00133423598807408	0.000215699021841635	0.0103247563514654	0.006806163443137	0.0096735767037165	0.00677095228501512	0.00287762086159069	0.000131573247416437	0.00189380325967783	0.00303299521676804	0.00486588273179293	0.00159706568348577	0.00305840010651554	0.00591408531635907	0.000626295346537006	0.0025807411394446	0.00221681352618426	0.00327304534108051	0.00919748005087611	0.00603271215368828	0.022472685426814	9.63658304713494e-05	0.0021145216158796	0.00613710508723303	0.00518066074834765	0.00426915076349916	0.00512489311463773	0.00478800285025443	0.000275315794677579	0.00213006151154479	0.00235366893649714	0.00763259411134474	0.00122266139982359	0.00279152135813955	0.00858745019113618	0.00483520689398145	0.00284240954271633	0.00153260134056739	0.0031210878997398	0.00491704999506803	0.0056397717730422	0.00451768250158966
HT29_G1_5B_2	0.00998388240359186	0.00877569097839081	0.00356783839863132	0.0170732449240592	0.0125084067012859	0.000604213542112966	0.00891758525316532	0.00779845147919286	0.00588047393266409	0.0104184176669886	0.00401817808656919	0.00339346450825345	0.0138216566462716	0.00342719847768276	0.00589439480269703	0.00271878057504253	0.00750811498396308	0.00326440514531361	0.00610429149156589	0.00549122763528526	0.00632989186466454	0	0.00148318555170539	0.0167748147486059	0.0169645040332499	0.00800140801071474	0.00248892983428431	0.00772060819459629	0.00840908043866541	0.00938084507301272	0.00396803944524119	0.00630122647031615	0.0104754535818135	0.00333886033681437	0.00766409572027135	0.00654558645610986	0.00399499225599366	0.013135772451831	0.00334378511584339	0.000441069711441002	0.00920742930933205	0.00646146244477438	0.00443611489893183	0.00329692790070283	0.00146403134763621	0.0079269177540173	0.00938820155283969	0.0122437483443264	0.00695617353338411	0.0089105606319496	0.00411310686466765	0.00305687778506349	0.0155269187456565	0.0123623682951731	0.0161439010247371	0.00642625575235036	0.00421539813890622	0.0124667550932948	0.0115103643344841	0.010598899924267	0.00120501800176998	0.0015419120386102	0.0066052019524232	0.00845989669539429	0.00397625220274981	0.00130273314852396	0.00755252425178848	0.00353840138707599	0.0149169358755425	0.00149470750880466	0.00917221932982905	0.00479731354588896	0.00320883526275224	0.00141286353204527	0.0119694503770017	0.010847419766058
HT29_G1_5B_3	0.0114669842308106	0.0102588107888083	0.00505101087419379	0.0185561967479151	0.0139914638668358	0.00208739818205304	0.0104007030648401	0.00928158423863468	0.00736362797603476	0.0119015124910552	0.00550134758980319	0.00487663805478849	0.0153046867656154	0.00491037182048912	0.00441122790334305	0.00123559744232373	0.0089912513162343	0.00474757945583154	0.00758744333234186	0.00697438533280607	0.00781304141026614	0.00148318555170539	0	0.0182577744346751	0.018447458737806	0.00651825977869367	0.00397210822191648	0.00920374192427623	0.00692593654086279	0.0108639561494249	0.00545120929416286	0.00778437631172485	0.00899233523552442	0.00482203420955006	0.00914723014865488	0.00802873373680758	0.0025118139191207	0.0146188170237098	0.00186060404074248	0.00104211617218053	0.0106905429446291	0.0079446106170127	0.00591928137726089	0.00478010202097888	0.00294721377652921	0.00941004889249604	0.0108713125197027	0.0137268106436249	0.00843931631205913	0.0103936785432768	0.00559627570338649	0.00454005327287793	0.0170099098239966	0.0138454283066496	0.0146608832031104	0.00790940429459876	0.00569856624672678	0.0139498130738248	0.0129934403059438	0.0120819917561564	0.00268820120979009	0.00302509421420612	0.00808834859496894	0.00994302084612778	0.00545942199527709	0.000180452572632753	0.00903566004568645	0.00502157404657319	0.0163999414295893	0.00297788983892472	0.0106553334791725	0.00628047720294509	0.00469200989469015	0.00289604612258381	0.0134525178851295	0.012330507397581
HT29_G1_5C_2	0.00679150608382844	0.0079997168894847	0.0132073718667709	0.000298473684943671	0.00426686109862885	0.0161706829125038	0.00785782162028183	0.00897695399854076	0.0108948801251564	0.0063569577916888	0.0127570671572799	0.0133817313098361	0.00295350520571981	0.0133480001746815	0.0226681011723405	0.0194931539595829	0.00926728668031807	0.0135107796553774	0.0106710717467794	0.0112841084609929	0.0104454797785815	0.0167748147486059	0.0182577744346751	0	0.000189716760349514	0.0247745826275422	0.0142861829621757	0.0090547963999978	0.0251821440130093	0.00739455618083982	0.0128072020708044	0.0104741441522607	0.0272479138654127	0.013436330853569	0.00911130816922525	0.0102297924255214	0.020769117102031	0.00363944843494837	0.0201180400705583	0.0172158210432796	0.00756797447384152	0.0103139137065581	0.0123391597928478	0.0134782597023708	0.0153109710534477	0.00884848895789298	0.00738719958244421	0.00453153722012212	0.00981921697020719	0.00786484629875577	0.0126621453227142	0.0137182887212577	0.00124806113238994	0.00441290945571363	0.0329143629116241	0.0103491192211069	0.012559861362921	0.00430851558202148	0.00526496418791803	0.00617646917869812	0.0155699537620265	0.0152330993587354	0.0101701787922062	0.00831551216363516	0.0127989899267839	0.0180773514278857	0.00922287808773918	0.0132368064747555	0.0018581148764015	0.0152802984477245	0.00760318490465361	0.0119779842552556	0.0135663447091607	0.0153621329041343	0.00480585233217822	0.00592793967729094
HT29_G1_5C_3	0.00698121820712731	0.0081894272526527	0.0133970714652924	0.000108756928110881	0.00445657599303242	0.0163603741101188	0.0080475322046454	0.00916666273379787	0.0110845851372361	0.00654667047954122	0.0129467678888237	0.013571430459435	0.00314322105346322	0.0135376994115716	0.0228577682804179	0.0196828338041104	0.00945699489684373	0.0137004784690525	0.0108607772292766	0.011473812632423	0.0106351857256504	0.0169645040332499	0.018447458737806	0.000189716760349514	0	0.0249642402784933	0.0144758796918123	0.00924450499775129	0.0253717997421291	0.00758426746058242	0.0129969026780835	0.0106638500408363	0.0274375593970456	0.0136260298614189	0.00930101666643149	0.010419498807747	0.0209587920483813	0.00382916382664439	0.0203077175533955	0.017405508888876	0.00775768549808937	0.010503619920115	0.0125288615418436	0.0136679586009931	0.0155006648566925	0.00903819791755263	0.00757691087289081	0.00472125188182237	0.0100089241564149	0.00805455687226008	0.0128518462882352	0.0139079869882324	0.00143777771582241	0.00460262422338864	0.0331039765965173	0.0105388253636738	0.0127495625786726	0.00449823044070058	0.0054546781339245	0.00636618209034895	0.0157596467947807	0.0154227933912101	0.0103598852931496	0.00850522202067563	0.0129886905544516	0.0182670363587293	0.00941258638465488	0.0134265059978904	0.00204783126206681	0.0154699923413946	0.00779289587632861	0.0121676868571244	0.0137560433772302	0.0155518265561551	0.00499556673837666	0.00611765288684821
HT29_G1_5D_1	0.0179845876468236	0.0167765236050072	0.01156908610484	0.0250729629002895	0.020508807573431	0.00860560143101376	0.0169184035301377	0.0157993785304992	0.0138815640340955	0.0184190742093057	0.0120193984298464	0.0113947223786123	0.0218218786272241	0.011428454400451	0.00210706090023472	0.00528268279621835	0.0155090686096864	0.0112656703837066	0.0141053640818841	0.01349234723932	0.0143309463997536	0.00800140801071474	0.00651825977869367	0.0247745826275422	0.0249642402784933	0	0.0104902365761311	0.0157215424372601	0.000407685553229501	0.0173816153701701	0.0119692629144199	0.0143022833220892	0.00247414455823346	0.0113401213405974	0.0156650351532255	0.0145466233485706	0.00400647735605694	0.021136089626059	0.00465768288176609	0.00756035118764117	0.0172082177699977	0.0144625062623431	0.0124373084108614	0.011298191294761	0.00946538567587421	0.0159278328308256	0.0173889710741102	0.0202441835601457	0.0149571758140042	0.0169113796231307	0.0121143212350941	0.011058154595347	0.0235268872964003	0.0203627881888834	0.0081429917699104	0.0144273024513489	0.0122166059932946	0.0204671614083352	0.0195108917332235	0.0185995357890246	0.00920638304979338	0.00954326304070147	0.0146062339030783	0.0164607606756945	0.0119774751612528	0.00669870855609945	0.015553473856571	0.0115396508260295	0.0229169978316976	0.009496060532578	0.0171730114487207	0.0127984827527306	0.0112101036331013	0.0094142200196745	0.0199699205840746	0.018848026725767
