	HT29_G1_1B	HT29_G1_2A	HT29_G1_3E	HT29_G1_3F	HT29_G1_4A	HT29_G1_4B	HT29_G1_4C	HT29_G1_4F	HT29_G1_5A	HT29_G1_5B	HT29_G1_5C	HT29_G1_5D	HT29_G1_5E	HT29_G1_5F	HT29_G2_4G	HT29_G2_4H	HT29_G2_5A	HT29_G2_5B	HT29_G2_5E	HT29_G2_5F	HT29_G2_5G	HT29_G2_5H	HT29_G2_6A	HT29_G2_6B	HT29_G2_6C	HT29_G2_6D	HT29_G2_6E	HT29_G2_6F	HT29_G2_6G	HT29Root1	HT29Root2
HT29_G1_1B	0	0.00373292099590028	0.00817149882337859	0.000977272807428525	0.00475759605036756	0.00504627280135068	0.00534857218081371	0.0114943367358923	0.00267147060795001	0.00877569097839081	0.0081894272526527	0.00628682908223614	0.000605178955008858	0.00247453252814514	0.00111163248671472	0.00436033347190343	0.0121193014026888	0.00231429377975124	0.00731170604908513	0.000612535757175513	0.00466266754820127	0.00675169038779195	0.0249178845863115	0.0023495011009303	0.00182329370003737	0.00757071252348977	0.00479952178737315	0.00122320708987257	0.00728103066350846	0.00556693334373504	0.00319392735138764
HT29_G1_2A	0.00373292099590028	0	0.0119042377732882	0.00471018511022009	0.00849044112534578	0.0013133644181999	0.00908140195235446	0.0152269315446435	0.00640435936237578	0.0125084067012859	0.00445657599303242	0.0100196319127869	0.00312774562268649	0.0062074245705582	0.00484454331404968	0.000627417677808884	0.0158518646404223	0.0060471883906541	0.0110444757548334	0.00312038885575068	0.00839551496109262	0.00301880826508741	0.0286494970394684	0.00608239515574528	0.00190963389481488	0.0113034732486818	0.00853236581918598	0.00495611664050289	0.0110138014165999	0.00929975713474675	0.000538996912867352
HT29_G1_3E	0.00817149882337859	0.0119042377732882	0	0.00719425464958906	0.00341396861189306	0.0132174979298683	0.00282298780216092	0.00332299146018651	0.00550008792987914	0.000604213542112966	0.0163603741101188	0.00188471768044152	0.00877665610420006	0.00569702360206878	0.00705989829332091	0.0125316082689469	0.00394799477853878	0.00585726015803056	0.000859818177493106	0.00878401262414081	0.00350889760238687	0.0149227748868614	0.0167480363177313	0.00582205333648717	0.00999471804688132	0.000600804673569402	0.00337204263601175	0.00694832633712934	0.000890494360092015	0.00260462419629376	0.0113652775666858
HT29_G1_3F	0.000977272807428525	0.00471018511022009	0.00719425464958906	0	0.00378033204044184	0.00602353055536901	0.00437131080136751	0.0105171225659819	0.00169420002023781	0.00779845147919286	0.00916666273379787	0.00530957257158831	0.00158245129087461	0.00149726153827103	0.000134359752246071	0.00533759476338373	0.0111420940441993	0.00133702249055651	0.00633445582472911	0.00158980808491394	0.00368540314724918	0.00772893729600527	0.0239408964142594	0.00137222987539151	0.00280056398891829	0.00659346404733002	0.00382225795293139	0.000245934429956872	0.00630378023634696	0.00458967302163123	0.0041711935765096
HT29_G1_4A	0.00475759605036756	0.00849044112534578	0.00341396861189306	0.00378033204044184	0	0.00980375014775654	0.000590983616572476	0.00673692269055177	0.00208613868545166	0.00401817808656919	0.0129467678888237	0.0015292557748847	0.00536276726176787	0.00228307695025848	0.00364597321336323	0.00911783421248331	0.0073619148946805	0.00244331571326776	0.00255415412020268	0.00537012395881729	9.49295517141446e-05	0.0115090995883396	0.0201614501361385	0.00240810839930754	0.00658086107708591	0.00281316677415427	4.19262148577503e-05	0.00353439925237088	0.0025234780234827	0.000809347961297973	0.00795146260791028
HT29_G1_4B	0.00504627280135068	0.0013133644181999	0.0132174979298683	0.00602353055536901	0.00980375014775654	0	0.0103947035946421	0.0165401297733812	0.00771769079903431	0.0138216566462716	0.00314322105346322	0.0113329209078933	0.00444110073302871	0.00752075782928599	0.00615788778615523	0.000685947030182659	0.0171650496530148	0.00736052309439424	0.0123577496350402	0.00443374400325224	0.00970882512668807	0.001705447324139	0.0299623044306474	0.00739572954486364	0.00322299418238552	0.0126167430947727	0.0098456743329839	0.00626946028649051	0.0123270757688636	0.010613055935456	0.0018523606598535
HT29_G1_4C	0.00534857218081371	0.00908140195235446	0.00282298780216092	0.00437131080136751	0.000590983616572476	0.0103947035946421	0	0.00614595108357678	0.00267712066440353	0.00342719847768276	0.0135376994115716	0.000938272577165664	0.00595374147812586	0.00287405864232515	0.00423695229155157	0.00970879164418578	0.00677094572538177	0.00303429715501544	0.00196317196555082	0.00596109815055562	0.000685913148837747	0.0121000418884224	0.0195705791223915	0.00299908989736509	0.00717183077714648	0.0022221849795702	0.000549057409403417	0.00412537858589511	0.00193249582870566	0.000218364396320234	0.00854242616181731
HT29_G1_4F	0.0114943367358923	0.0152269315446435	0.00332299146018651	0.0105171225659819	0.00673692269055177	0.0165401297733812	0.00614595108357678	0	0.00882300031756383	0.00271878057504253	0.0196828338041104	0.00520769321779342	0.0120994738342355	0.00901993131027427	0.0103827700853801	0.0158542731883567	0.000625007293357375	0.00918016396379824	0.00418280381048322	0.0121068301012748	0.00683185009571111	0.0182453175317006	0.0134254015914565	0.00914495800701861	0.0133174914241495	0.00392379231522662	0.00669499740538534	0.0102712013018521	0.00421347974063623	0.00592759058778397	0.0146879950568966
HT29_G1_5A	0.00267147060795001	0.00640435936237578	0.00550008792987914	0.00169420002023781	0.00208613868545166	0.00771769079903431	0.00267712066440353	0.00882300031756383	0	0.00610429149156589	0.0108607772292766	0.00361538874435543	0.0032766468992734	0.000196938731514594	0.00155984044543063	0.00703176269714829	0.00944798218565086	0.000357177934439536	0.00464028056803953	0.00328400366283631	0.00199120932990298	0.00942307486523361	0.0222471355276357	0.000321970519287021	0.00449475328227104	0.00489929123321966	0.00212806480693182	0.00144826589229717	0.00460960469776031	0.00289548422170637	0.00586537271201627
HT29_G1_5B	0.00877569097839081	0.0125084067012859	0.000604213542112966	0.00779845147919286	0.00401817808656919	0.0138216566462716	0.00342719847768276	0.00271878057504253	0.00610429149156589	0	0.0169645040332499	0.00248892983428431	0.00938084507301272	0.00630122647031615	0.00766409572027135	0.013135772451831	0.00334378511584339	0.00646146244477438	0.00146403134763621	0.00938820155283969	0.00411310686466765	0.0155269187456565	0.0161439010247371	0.00642625575235036	0.010598899924267	0.00120501800176998	0.00397625220274981	0.00755252425178848	0.00149470750880466	0.00320883526275224	0.0119694503770017
HT29_G1_5C	0.0081894272526527	0.00445657599303242	0.0163603741101188	0.00916666273379787	0.0129467678888237	0.00314322105346322	0.0135376994115716	0.0196828338041104	0.0108607772292766	0.0169645040332499	0	0.0144758796918123	0.00758426746058242	0.0106638500408363	0.00930101666643149	0.00382916382664439	0.0203077175533955	0.010503619920115	0.0155006648566925	0.00757691087289081	0.0128518462882352	0.00143777771582241	0.0331039765965173	0.0105388253636738	0.00636618209034895	0.0157596467947807	0.0129886905544516	0.00941258638465488	0.0154699923413946	0.0137560433772302	0.00499556673837666
HT29_G1_5D	0.00628682908223614	0.0100196319127869	0.00188471768044152	0.00530957257158831	0.0015292557748847	0.0113329209078933	0.000938272577165664	0.00520769321779342	0.00361538874435543	0.00248892983428431	0.0144758796918123	0	0.00689199491186817	0.0038123261272267	0.00517521466070494	0.0106470157696892	0.00583269128693853	0.003972564128895	0.00102490031793313	0.00689935154000788	0.00162418520968054	0.0130382402969605	0.0186324714596275	0.00393735698560012	0.00811007617756837	0.00128391372009294	0.00148732960813557	0.00506364143947491	0.000994224139200968	0.000719908253745135	0.00948066083337017
HT29_G1_5E	0.000605178955008858	0.00312774562268649	0.00877665610420006	0.00158245129087461	0.00536276726176787	0.00444110073302871	0.00595374147812586	0.0120994738342355	0.0032766468992734	0.00938084507301272	0.00758426746058242	0.00689199491186817	0	0.00307970916359159	0.00171681085986628	0.00375515954400293	0.0127244339817146	0.00291947067784038	0.00791686749150172	7.35680882688425e-06	0.00526783904757047	0.00614652421301234	0.0255228752716803	0.00295467794267251	0.00121811542464643	0.00817587275837106	0.0054046928698761	0.00182838536310963	0.0078861922462923	0.00617210188094988	0.00258875093112092
HT29_G1_5F	0.00247453252814514	0.0062074245705582	0.00569702360206878	0.00149726153827103	0.00228307695025848	0.00752075782928599	0.00287405864232515	0.00901993131027427	0.000196938731514594	0.00630122647031615	0.0106638500408363	0.0038123261272267	0.00307970916359159	0	0.0013629019230108	0.00683482873232258	0.00964491206274738	0.00016023920796443	0.00483721710579877	0.00308706593178456	0.00218814763443902	0.00922614478268701	0.0224440264912544	0.00012503179142819	0.00429781646037891	0.00509622752522264	0.00232500305364935	0.00125132733895858	0.00480654126376529	0.0030924220764202	0.00566843727303724
HT29_G2_4G	0.00111163248671472	0.00484454331404968	0.00705989829332091	0.000134359752246071	0.00364597321336323	0.00615788778615523	0.00423695229155157	0.0103827700853801	0.00155984044543063	0.00766409572027135	0.00930101666643149	0.00517521466070494	0.00171681085986628	0.0013629019230108	0	0.00547195253201367	0.0110077424531651	0.00120266284613805	0.00620009870115884	0.00172416765224698	0.00355104427350224	0.0078632929076064	0.0238065739988563	0.00123787023711729	0.00293492318507088	0.00645910714466637	0.00368789914684298	0.00011157467906016	0.00616942308719824	0.00445531464078256	0.00430555211101211
HT29_G2_4H	0.00436033347190343	0.000627417677808884	0.0125316082689469	0.00533759476338373	0.00911783421248331	0.000685947030182659	0.00970879164418578	0.0158542731883567	0.00703176269714829	0.013135772451831	0.00382916382664439	0.0106470157696892	0.00375515954400293	0.00683482873232258	0.00547195253201367	0	0.0164792001081833	0.00667459320738317	0.0116718526170043	0.00374780279318743	0.00902290857342158	0.00239139291450994	0.0292766549242144	0.00670979982993667	0.00253705002063177	0.0119308482407724	0.009159758672589	0.00558352548842871	0.0116411784975197	0.00992714551724625	0.00116641438893882
HT29_G2_5A	0.0121193014026888	0.0158518646404223	0.00394799477853878	0.0111420940441993	0.0073619148946805	0.0171650496530148	0.00677094572538177	0.000625007293357375	0.00944798218565086	0.00334378511584339	0.0203077175533955	0.00583269128693853	0.0127244339817146	0.00964491206274738	0.0110077424531651	0.0164792001081833	0	0.00980514379070408	0.0048078050043542	0.0127317901923879	0.00745684188814559	0.0188702185984728	0.0128004453428241	0.00976993803866765	0.0139424417739039	0.00454879419672186	0.0073199897895602	0.0108961743997461	0.00483848085032714	0.00655258607571614	0.015312933257648
HT29_G2_5B	0.00231429377975124	0.0060471883906541	0.00585726015803056	0.00133702249055651	0.00244331571326776	0.00736052309439424	0.00303429715501544	0.00918016396379824	0.000357177934439536	0.00646146244477438	0.010503619920115	0.003972564128895	0.00291947067784038	0.00016023920796443	0.00120266284613805	0.00667459320738317	0.00980514379070408	0	0.00499745439056607	0.00292682744959187	0.00234838643251089	0.00906591234824672	0.0226042261920603	3.52074163557329e-05	0.00413757868327417	0.00525646460268434	0.00248524180071487	0.00109108824013614	0.00496677857240093	0.00325266048260136	0.00550820058200288
HT29_G2_5E	0.00731170604908513	0.0110444757548334	0.000859818177493106	0.00633445582472911	0.00255415412020268	0.0123577496350402	0.00196317196555082	0.00418280381048322	0.00464028056803953	0.00146403134763621	0.0155006648566925	0.00102490031793313	0.00791686749150172	0.00483721710579877	0.00620009870115884	0.0116718526170043	0.0048078050043542	0.00499745439056607	0	0.00792422406398687	0.00264908335440139	0.0140630466862572	0.017607732836572	0.00496224740702837	0.0091349387758962	0.000259013569364961	0.00251222803910486	0.00608852611962028	3.06761938143551e-05	0.00174480793783445	0.0105055103551275
HT29_G2_5F	0.000612535757175513	0.00312038885575068	0.00878401262414081	0.00158980808491394	0.00537012395881729	0.00443374400325224	0.00596109815055562	0.0121068301012748	0.00328400366283631	0.00938820155283969	0.00757691087289081	0.00689935154000788	7.35680882688425e-06	0.00308706593178456	0.00172416765224698	0.00374780279318743	0.0127317901923879	0.00292682744959187	0.00792422406398687	0	0.00527519574833752	0.00613916755099092	0.0255302297283906	0.00296203471366605	0.00121075862669684	0.00818322931558776	0.00541204956526101	0.00183574215402933	0.00789354882054292	0.00617945854365488	0.00258139415267899
HT29_G2_5G	0.00466266754820127	0.00839551496109262	0.00350889760238687	0.00368540314724918	9.49295517141446e-05	0.00970882512668807	0.000685913148837747	0.00683185009571111	0.00199120932990298	0.00411310686466765	0.0128518462882352	0.00162418520968054	0.00526783904757047	0.00218814763443902	0.00355104427350224	0.00902290857342158	0.00745684188814559	0.00234838643251089	0.00264908335440139	0.00527519574833752	0	0.0114141763028767	0.0202563609509532	0.00231317911062437	0.00648593354907886	0.00290809594217509	0.00013685576527292	0.00343947027510626	0.00261840726510167	0.000904277478095255	0.00785653602300945
HT29_G2_5H	0.00675169038779195	0.00301880826508741	0.0149227748868614	0.00772893729600527	0.0115090995883396	0.001705447324139	0.0121000418884224	0.0182453175317006	0.00942307486523361	0.0155269187456565	0.00143777771582241	0.0130382402969605	0.00614652421301234	0.00922614478268701	0.0078632929076064	0.00239139291450994	0.0188702185984728	0.00906591234824672	0.0140630466862572	0.00613916755099092	0.0114141763028767	0	0.0316669492709118	0.00910111829700813	0.00492842760982535	0.0143220342226077	0.011551023002185	0.00797486403986484	0.0140323735141834	0.0123183899616997	0.00355780220813647
HT29_G2_6A	0.0249178845863115	0.0286494970394684	0.0167480363177313	0.0239408964142594	0.0201614501361385	0.0299623044306474	0.0195705791223915	0.0134254015914565	0.0222471355276357	0.0161439010247371	0.0331039765965173	0.0186324714596275	0.0255228752716803	0.0224440264912544	0.0238065739988563	0.0292766549242144	0.0128004453428241	0.0226042261920603	0.017607732836572	0.0255302297283906	0.0202563609509532	0.0316669492709118	0	0.0225690275050535	0.026740583120228	0.0173487572573261	0.0201195321400962	0.0236950299974398	0.0176384044545474	0.0193522546235849	0.0281107141123369
HT29_G2_6B	0.0023495011009303	0.00608239515574528	0.00582205333648717	0.00137222987539151	0.00240810839930754	0.00739572954486364	0.00299908989736509	0.00914495800701861	0.000321970519287021	0.00642625575235036	0.0105388253636738	0.00393735698560012	0.00295467794267251	0.00012503179142819	0.00123787023711729	0.00670979982993667	0.00976993803866765	3.52074163557329e-05	0.00496224740702837	0.00296203471366605	0.00231317911062437	0.00910111829700813	0.0225690275050535	0	0.00417278579509645	0.0052212576652406	0.00245003449034791	0.00112629563565	0.00493157158354573	0.00321745324884741	0.00554340745819813
HT29_G2_6C	0.00182329370003737	0.00190963389481488	0.00999471804688132	0.00280056398891829	0.00658086107708591	0.00322299418238552	0.00717183077714648	0.0133174914241495	0.00449475328227104	0.010598899924267	0.00636618209034895	0.00811007617756837	0.00121811542464643	0.00429781646037891	0.00293492318507088	0.00253705002063177	0.0139424417739039	0.00413757868327417	0.0091349387758962	0.00121075862669684	0.00648593354907886	0.00492842760982535	0.026740583120228	0.00417278579509645	0	0.00939394132145899	0.00662278637866448	0.00304649736188477	0.00910426384767214	0.00739018940484054	0.00137063770105211
HT29_G2_6D	0.00757071252348977	0.0113034732486818	0.000600804673569402	0.00659346404733002	0.00281316677415427	0.0126167430947727	0.0022221849795702	0.00392379231522662	0.00489929123321966	0.00120501800176998	0.0157596467947807	0.00128391372009294	0.00817587275837106	0.00509622752522264	0.00645910714466637	0.0119308482407724	0.00454879419672186	0.00525646460268434	0.000259013569364961	0.00818322931558776	0.00290809594217509	0.0143220342226077	0.0173487572573261	0.0052212576652406	0.00939394132145899	0	0.00277124072156347	0.00634753474300461	0.000289689762472647	0.00200382106230176	0.0107645093723065
HT29_G2_6E	0.00479952178737315	0.00853236581918598	0.00337204263601175	0.00382225795293139	4.19262148577503e-05	0.0098456743329839	0.000549057409403417	0.00669499740538534	0.00212806480693182	0.00397625220274981	0.0129886905544516	0.00148732960813557	0.0054046928698761	0.00232500305364935	0.00368789914684298	0.009159758672589	0.0073199897895602	0.00248524180071487	0.00251222803910486	0.00541204956526101	0.00013685576527292	0.011551023002185	0.0201195321400962	0.00245003449034791	0.00662278637866448	0.00277124072156347	0	0.00357632520269078	0.00248155193916526	0.000767421760230557	0.00799338748906696
HT29_G2_6F	0.00122320708987257	0.00495611664050289	0.00694832633712934	0.000245934429956872	0.00353439925237088	0.00626946028649051	0.00412537858589511	0.0102712013018521	0.00144826589229717	0.00755252425178848	0.00941258638465488	0.00506364143947491	0.00182838536310963	0.00125132733895858	0.00011157467906016	0.00558352548842871	0.0108961743997461	0.00109108824013614	0.00608852611962028	0.00183574215402933	0.00343947027510626	0.00797486403986484	0.0236950299974398	0.00112629563565	0.00304649736188477	0.00634753474300461	0.00357632520269078	0	0.00605785048484492	0.00434374103920919	0.00441712571948957
HT29_G2_6G	0.00728103066350846	0.0110138014165999	0.000890494360092015	0.00630378023634696	0.0025234780234827	0.0123270757688636	0.00193249582870566	0.00421347974063623	0.00460960469776031	0.00149470750880466	0.0154699923413946	0.000994224139200968	0.0078861922462923	0.00480654126376529	0.00616942308719824	0.0116411784975197	0.00483848085032714	0.00496677857240093	3.06761938143551e-05	0.00789354882054292	0.00261840726510167	0.0140323735141834	0.0176384044545474	0.00493157158354573	0.00910426384767214	0.000289689762472647	0.00248155193916526	0.00605785048484492	0	0.00171413178894906	0.0104748358388288
HT29Root1	0.00556693334373504	0.00929975713474675	0.00260462419629376	0.00458967302163123	0.000809347961297973	0.010613055935456	0.000218364396320234	0.00592759058778397	0.00289548422170637	0.00320883526275224	0.0137560433772302	0.000719908253745135	0.00617210188094988	0.0030924220764202	0.00445531464078256	0.00992714551724625	0.00655258607571614	0.00325266048260136	0.00174480793783445	0.00617945854365488	0.000904277478095255	0.0123183899616997	0.0193522546235849	0.00321745324884741	0.00739018940484054	0.00200382106230176	0.000767421760230557	0.00434374103920919	0.00171413178894906	0	0.00876078239883959
HT29Root2	0.00319392735138764	0.000538996912867352	0.0113652775666858	0.0041711935765096	0.00795146260791028	0.0018523606598535	0.00854242616181731	0.0146879950568966	0.00586537271201627	0.0119694503770017	0.00499556673837666	0.00948066083337017	0.00258875093112092	0.00566843727303724	0.00430555211101211	0.00116641438893882	0.015312933257648	0.00550820058200288	0.0105055103551275	0.00258139415267899	0.00785653602300945	0.00355780220813647	0.0281107141123369	0.00554340745819813	0.00137063770105211	0.0107645093723065	0.00799338748906696	0.00441712571948957	0.0104748358388288	0.00876078239883959	0
