	HT29_G1_1B_1	HT29_G1_1B_3	HT29_G1_2A_1	HT29_G1_2A_2	HT29_G1_2A_3	HT29_G1_3E_1	HT29_G1_3E_3	HT29_G1_3F_1	HT29_G1_3F_2	HT29_G1_3F_3	HT29_G1_4A_2	HT29_G1_4A_3	HT29_G1_4B_1	HT29_G1_4B_2	HT29_G1_4B_3	HT29_G1_4C_1	HT29_G1_4C_2	HT29_G1_4C_3	HT29_G1_4F_1	HT29_G1_4F_3	HT29_G1_5A_3	HT29_G1_5B_3	HT29_G1_5C_1	HT29_G1_5C_3	HT29_G1_5D_1	HT29_G1_5D_3	HT29_G1_5E_2	HT29_G1_5E_3	HT29_G1_5F_2	HT29_G1_5F_3	HT29_G2_4G_1	HT29_G2_4G_2	HT29_G2_4G_3	HT29_G2_4H_2	HT29_G2_4H_3	HT29_G2_5A_2	HT29_G2_5A_3	HT29_G2_5B_3	HT29_G2_5E_3	HT29_G2_5F_1	HT29_G2_5F_3	HT29_G2_5G_1	HT29_G2_5G_3	HT29_G2_5H_1	HT29_G2_5H_2	HT29_G2_5H_3	HT29_G2_6A_1	HT29_G2_6A_3	HT29_G2_6B_2	HT29_G2_6C_2	HT29_G2_6C_3	HT29_G2_6D_3	HT29_G2_6E_3	HT29_G2_6F_3	HT29_G2_6G_1	HT29_G2_6G_3	HT29Root1_1	HT29Root1_2	HT29Root1_3	HT29Root2_1	HT29Root2_2	HT29Root2_3
HT29_G1_1B_1	0	0.00416889038774784	0.00725893452396641	0.0068423158308606	0.00727747001361696	0.0190327001487909	0.00634528171186959	0.00541142070533548	0.00946042217333279	0.0064395131062928	0.0099392163523806	0.00858600561042195	0.00648468079509479	0.00603973223644376	0.00971611416356305	0.0195978927557031	0.00691978309209094	0.00241068043582528	0.00531937906840983	0.00504787363915866	0.00538724790876582	0.00544150857973441	0.00599222384244592	0.0097273142158962	0.00949119653836985	0.0101734937592333	0.00629377195573653	0.0117620749260405	0.00687469491010351	0.00740721100045384	0.0112204711235161	0.00565231850973746	0.00931183750374229	0.0126115248448216	0.00234586914097485	0.00995212718916481	0.0115503633028706	0.00986486000603256	0.00514340573393854	0.0123186723590082	0.00572415115292362	0.0160448930802808	0.0137959551204563	0.00802696201142164	0.00597912423471386	0.00838296259381879	0.0175176343324669	0.0153032645624388	0.0051135193146696	0.00904188399804633	0.0144845658862073	0.00743750049239064	0.00705764926658006	0.00583384928270258	0.0178319466008867	0.00588486301472766	0.015079842380267	0.00875428620764253	0.00294060575695844	0.0119621151450994	0.0184043947976045	0.0131692974017714
HT29_G1_1B_3	0.00416889038774784	0	0.0108889961548795	0.00781687638300171	0.00624978736679274	0.0170434109753839	0.00935547826069389	0.00568004859078468	0.00782751986093298	0.00858048499033387	0.0115260830533235	0.00453652869869868	0.00556879121030114	0.00312102182836847	0.0110147445028968	0.0164846947155925	0.00547257730623579	0.00306895081237326	0.00863361712455578	0.00494570136614316	0.00370646591301021	0.00850124432124334	0.00739381611371868	0.0125967751700563	0.0105773464703341	0.0131090008613193	0.00520596641174346	0.0150464598489092	0.00554237791928611	0.00345193990971629	0.0127516343112123	0.00717284176794865	0.0107700345775934	0.00924543637668925	0.00485043710419739	0.0107426399972898	0.0128136884855411	0.0110306129865728	0.00317850031426773	0.00881518017050737	0.00519929374633239	0.0151083581313312	0.0164071293253335	0.00760138754691265	0.00757332749008057	0.00964050429156483	0.0145653330405171	0.0165804030952336	0.00329562620895069	0.00758862623478203	0.0113050279119442	0.00951886525681572	0.0092736311885254	0.00594174936956073	0.0187423559743574	0.00631021412872284	0.0163184444429147	0.0110310480656385	0.0046397816642243	0.0149356579476064	0.015573822475172	0.0145802216373193
HT29_G1_2A_1	0.00725893452396641	0.0108889961548795	0	0.00859090272910882	0.00984792305388551	0.0212079686203914	0.00299721055541554	0.00760869977380834	0.0119480286739153	0.00599143830674714	0.00755956167943764	0.0153987290924091	0.0132063496381618	0.0114992703034386	0.00767999816749483	0.0251267175161922	0.0120639953460556	0.00880206180993486	0.00270009518735505	0.0116204944203129	0.0123778209941308	0.00396964174590545	0.00647577898593965	0.00553852780654733	0.00789230023414748	0.00471909479510949	0.0099712846826566	0.00491316082116939	0.00995844292494727	0.014205592255196	0.0084612044720514	0.00661843623048055	0.00696399345457992	0.0177060171001898	0.007739048285592	0.00939844151930415	0.00865040008415274	0.00856685341840048	0.010072145649633	0.0175790007170163	0.00958719952137889	0.015909686145193	0.00853392789444539	0.0134217676439091	0.00765069243146775	0.00799252806468751	0.0230230661043613	0.0119526122504008	0.0102425651978865	0.012329898851175	0.0192954702649907	0.00584385955697354	0.00574712178672535	0.00834079390979962	0.0152362123293897	0.0111534622445713	0.0114957787880105	0.00753016426671053	0.00751996142838993	0.00580403117788671	0.0214992923187404	0.00967660291074257
HT29_G1_2A_2	0.0068423158308606	0.00781687638300171	0.00859090272910882	0	0.00606443658982878	0.0207553788426582	0.00633416303039136	0.00567693000863252	0.0101712215131812	0.0102988248675078	0.00557718064834811	0.0111827880599765	0.00910253020475224	0.00653440068834224	0.0105837578412097	0.0171349897109526	0.00604953776407802	0.00689113807600884	0.00653411760547051	0.0110779318395367	0.00932331852776726	0.00905443058428356	0.00349554045443697	0.0114228888281807	0.00580286429791706	0.0112558598722139	0.00552781235446388	0.0123097904117394	0.00721602580727517	0.00962573270298419	0.00785944417435532	0.0030824775589037	0.0105656224518695	0.0106222820646442	0.00803108621510392	0.00672252819245249	0.0120520634497503	0.0107371881483891	0.00805943886369492	0.0107754119844569	0.0101860168249278	0.0140253765865292	0.0142056664884812	0.00789176191904673	0.00154859023218139	0.0119950419600425	0.0151341035541743	0.0168514397004788	0.00513255512909798	0.00526621900210613	0.0159202616581938	0.00882500311394434	0.00570917153050949	0.00866588345690759	0.0129378036697209	0.00713404183442493	0.0143409339376732	0.00442159666803963	0.008761425219641	0.0116185342973559	0.0181983669817274	0.0107747236696572
HT29_G1_2A_3	0.00727747001361696	0.00624978736679274	0.00984792305388551	0.00606443658982878	0	0.0155906231987236	0.00750371352413895	0.00242917682617516	0.00456371337295832	0.00816204982124376	0.00716136898778075	0.00896223516813364	0.0107615482356669	0.00431949558845311	0.00759937293159485	0.0174408801296061	0.00717117775460196	0.00679430204937262	0.007698486769028	0.0106507199726041	0.0093886363312341	0.00828430653573605	0.00426788885522782	0.0110426119130262	0.00556992327385483	0.0109063356322662	0.00352594313255793	0.0127626236347723	0.0016472490373305	0.00804125433065804	0.00832750528303743	0.00478574944101285	0.00748639488820137	0.00878624551929441	0.00816910919010426	0.00668881787839903	0.00884855767983139	0.00814793520547192	0.00435722351929384	0.00874582047905698	0.00641656772467528	0.0100520198558792	0.0135898344005941	0.0109475320859297	0.00649952992284789	0.00857104999882221	0.0157122247145292	0.0133700800118528	0.00390199172805977	0.00474139306768497	0.0120661548238811	0.00757354236568818	0.00700232105275951	0.00484419456767922	0.0138109455047079	0.00948947943152008	0.0117760159216519	0.00920083626791212	0.0071045182012542	0.0120885689717842	0.0133841239683004	0.00972189898966443
HT29_G1_3E_1	0.0190327001487909	0.0170434109753839	0.0212079686203914	0.0207553788426582	0.0155906231987236	0	0.0206069708783033	0.0162188272872909	0.0110853743642717	0.0178289618186676	0.0211461826479438	0.0170169908888278	0.0216861548376194	0.0161906784725782	0.0178715568897042	0.0246617688596134	0.0181796540498382	0.0175793377330524	0.0195170537198071	0.018697070759451	0.0185436805225674	0.0190576007452998	0.0189270883002721	0.022278943016088	0.0194162774425884	0.0216530084426458	0.0154733372820999	0.0229805389446034	0.0144916305307655	0.0172094736918837	0.0221253536641824	0.0197130788580516	0.0165570988719571	0.0184831338858278	0.0180337248912886	0.0214514159972303	0.0173063345577548	0.0194767203147876	0.0145336033081466	0.0168408488056615	0.0147800827386413	0.0114581263588447	0.0239022927012994	0.0220846898415235	0.021324856535292	0.0156947428052728	0.0234188872471026	0.0151338654249355	0.0172116876733487	0.0193001012497692	0.0094502105245966	0.019955689123255	0.0215044164645018	0.0159643011032118	0.0268364683607628	0.0231771813012228	0.0206100811318101	0.0241103549660029	0.0169058662746014	0.0234213649144651	0.00718465747054433	0.0215849299066255
HT29_G1_3E_3	0.00634528171186959	0.00935547826069389	0.00299721055541554	0.00633416303039136	0.00750371352413895	0.0206069708783033	0	0.00550152370883811	0.010408179503325	0.00565644594926002	0.00520750400005144	0.0136945470201138	0.0120303736669266	0.00952850445287506	0.00629441113256685	0.0229303757862163	0.0105247867369723	0.00784404452572695	0.00266211496579869	0.0112701937017743	0.0114320545633851	0.00399448046889694	0.0038479518254392	0.00545154209533876	0.00536800241220449	0.0050699714404913	0.00822886848976283	0.00630352835056807	0.00790312151499372	0.0125209908817549	0.00606708155430495	0.00390721040666964	0.00615082203476303	0.0152072834728962	0.00750834311282958	0.00649888237551503	0.00772688007104212	0.00679947852581627	0.00855161642117284	0.0153548309404795	0.00852932998898537	0.0146372346748259	0.00852034772060146	0.012267825573171	0.0053917315222349	0.00774776654775138	0.0209444848034367	0.0124674022770406	0.00816368063436634	0.00956285025365797	0.018147493796613	0.00409966256176466	0.00289576080331003	0.00666236830791965	0.0130238801707707	0.00937023366008204	0.0103304654954689	0.00553121068918206	0.00691882463413733	0.0059795797660379	0.0200746361588456	0.00783373571361727
HT29_G1_3F_1	0.00541142070533548	0.00568004859078468	0.00760869977380834	0.00567693000863252	0.00242917682617516	0.0162188272872909	0.00550152370883811	0	0.00537184205064734	0.00609245531656911	0.00670115899609772	0.00939191411708676	0.0101395770064252	0.00486704715965752	0.00648516611649309	0.0190191951764186	0.00728014664173725	0.00540755518225418	0.00545858499089837	0.00933135934646565	0.00866549605884317	0.00594508753498584	0.00306359140385128	0.0091751223645915	0.00537552710309597	0.00903665995137452	0.00374476038626686	0.0108587165231174	0.00245508895456003	0.00835693565152242	0.00792858147998809	0.00362267129632529	0.00610800512008503	0.010673434161832	0.00631203428663869	0.00671806040472171	0.00793579194962067	0.00720354365473358	0.00380769406535494	0.0105212672802018	0.00519904715782862	0.011203858837845	0.0121314246934452	0.010570841357865	0.00564199423759358	0.00692732897702281	0.0171398266558395	0.0123603130660267	0.00401070717539261	0.00623491527212618	0.0130158945661409	0.00590423293297277	0.00563766240461995	0.00353362624586308	0.0142815388124533	0.00874246871799364	0.0113216105126565	0.00826805606506004	0.00513972889552069	0.0104664551089907	0.0149379788609397	0.00937767584822817
HT29_G1_3F_2	0.00946042217333279	0.00782751986093298	0.0119480286739153	0.0101712215131812	0.00456371337295832	0.0110853743642717	0.010408179503325	0.00537184205064734	0	0.00897801343112764	0.0107460029543909	0.00961822502885368	0.0130535267145422	0.00642857366368522	0.00869207871465747	0.0189760438590485	0.00935595387602489	0.00845575817078243	0.0099301142532044	0.0113509382733128	0.0106379226290409	0.00980939760551196	0.00811644762417744	0.0130132523726246	0.00897111244231251	0.0126567229744167	0.00553663914710114	0.0144427261126072	0.0034842677798304	0.00916712326763495	0.0117485859460023	0.00882803543185774	0.00785934990149399	0.0105586175916801	0.00943278064739673	0.0106295491894746	0.00916664841147566	0.0099197561855023	0.00482461375526071	0.00974536723375668	0.00608982334520599	0.00797882250095015	0.0152932396234076	0.0134972508832062	0.0106144925754327	0.00801304364981454	0.0173341621665218	0.0115294925637291	0.00693931217466844	0.00880327124402632	0.00922551612356574	0.00991938709479126	0.0107143340957281	0.00594359274935005	0.0171469746822969	0.0129944494418555	0.0127278857192409	0.0133561616516388	0.00797883801357486	0.0142603891304301	0.00995627248127352	0.0121117717954246
HT29_G1_3F_3	0.0064395131062928	0.00858048499033387	0.00599143830674714	0.0102988248675078	0.00816204982124376	0.0178289618186676	0.00565644594926002	0.00609245531656911	0.00897801343112764	0	0.00978392203027119	0.0124575707306804	0.0126875939766582	0.00978185608904123	0.00481442145527548	0.0243789704304764	0.0121466786712937	0.00789300589095222	0.00580775459571854	0.00968882952149983	0.0110968932786519	0.00223499913267638	0.00725675390867549	0.00530834729265815	0.00889305687724602	0.00575133114966097	0.00929405232246359	0.00805077943791015	0.00744271581848506	0.0118973809015597	0.00973785906310588	0.00746245735682697	0.00436100878779427	0.0159025117875412	0.00715807699011108	0.00940854197996305	0.00640631299502284	0.00548215442830494	0.00711653815573036	0.0158783016151705	0.00491560117618942	0.0149210546481198	0.00891979667275457	0.014302455809038	0.00944466173263642	0.00276398587855881	0.0224996640803354	0.0101212949329163	0.0090331493742985	0.0116251428706396	0.0165576758397918	0.00384021277984157	0.00683095302470919	0.00405401830010298	0.016680292462445	0.0108461881088528	0.0101758060645396	0.010788798434582	0.00461475740064258	0.00835150703590279	0.0187434125180733	0.0100348501105823
HT29_G1_4A_2	0.0099392163523806	0.0115260830533235	0.00755956167943764	0.00557718064834811	0.00716136898778075	0.0211461826479438	0.00520750400005144	0.00670115899609772	0.0107460029543909	0.00978392203027119	0	0.0151380087260448	0.0141795666725222	0.0102456596338878	0.00786328643946405	0.0214678429031415	0.0110253257657016	0.0106275028013541	0.00679621529841028	0.0148310215047063	0.0139001212108954	0.00879670277722159	0.004188446181844	0.0090056439763685	0.00197986845107918	0.00825470110741844	0.00856389972560151	0.00902053120684458	0.00842219546535754	0.0138898544494787	0.0030642446159187	0.00454054269248133	0.00814219154690727	0.0139653368272863	0.011144973468877	0.00428740590310229	0.00867022105151029	0.00831433020936274	0.0104500631907344	0.0144051220035692	0.011480671231631	0.0126499283265728	0.0102153932228228	0.0133987537948623	0.00566912302991962	0.0110840307030887	0.019691986498445	0.0139484668265095	0.00896165099581288	0.00786769643197367	0.0186720414105479	0.00717372287577693	0.00449056512030502	0.00910156027555903	0.00873260473577359	0.0112824181052981	0.00979629823109609	0.00482028190141783	0.0107421921521675	0.00768714717262845	0.019234823935973	0.0057370271092069
HT29_G1_4A_3	0.00858600561042195	0.00453652869869868	0.0153987290924091	0.0111827880599765	0.00896223516813364	0.0170169908888278	0.0136945470201138	0.00939191411708676	0.00961822502885368	0.0124575707306804	0.0151380087260448	0	0.00677473335370542	0.0052541289575287	0.0144443314779819	0.0139227896095966	0.00739678354858613	0.00728789053279046	0.0131307084083126	0.00724752196872968	0.00545814282937331	0.012781840317925	0.0112680129065297	0.0166014121797153	0.0140161889670572	0.017269178413146	0.00814600713320533	0.0193932744446715	0.0082376027749776	0.00184547970710674	0.0161932760436472	0.011038358269976	0.0143940442533661	0.00751329352664029	0.00901554383695759	0.0137282950536174	0.0161831029787421	0.0142149510973009	0.00633867567598056	0.00702823354283676	0.00817179937790834	0.0167620018536897	0.0202758378287905	0.00911933991661871	0.0112291193002037	0.0130239506634787	0.0123579093585404	0.0197982907698107	0.00636531448396607	0.00913909286991549	0.00983120194942347	0.0133325747467037	0.0131669605189293	0.00927368165896272	0.0213915185861041	0.00865307021347664	0.0194517601783932	0.0147281153685676	0.00875015072902726	0.0191148990080578	0.0146910276142658	0.0179191377564395
HT29_G1_4B_1	0.00648468079509479	0.00556879121030114	0.0132063496381618	0.00910253020475224	0.0107615482356669	0.0216861548376194	0.0120303736669266	0.0101395770064252	0.0130535267145422	0.0126875939766582	0.0141795666725222	0.00677473335370542	0	0.00709161964544998	0.0155515009725056	0.0152982671765205	0.00603815414360744	0.00577966745301442	0.0111466326674635	0.00564265938300369	0.00340027286517482	0.0118761426149977	0.0104595010250134	0.015716654743373	0.0139062925900568	0.0163671216997448	0.00886634041764352	0.0178767024258804	0.0105989729900302	0.00552956848278328	0.015737019323343	0.00985567742544926	0.0153960930992617	0.0110180322450025	0.0069628133905555	0.0137393117271606	0.0174969891678112	0.0152758468044549	0.00859768945014244	0.0106609194065185	0.0103794889945267	0.0195651590300766	0.0197752546900877	0.00412663773832338	0.00873114788392488	0.0143874422212356	0.0132449783015619	0.0213861851959878	0.00690593471553179	0.0100815387434833	0.0144673404892534	0.0132032336914563	0.0118509368822474	0.0109850557483723	0.0211908143514449	0.00504653377051641	0.0207176820870832	0.0117941525868658	0.00860956286070979	0.0178421040088389	0.0196901854063607	0.0182603253184165
HT29_G1_4B_2	0.00603973223644376	0.00312102182836847	0.0114992703034386	0.00653440068834224	0.00431949558845311	0.0161906784725782	0.00952850445287506	0.00486704715965752	0.00642857366368522	0.00978185608904123	0.0102456596338878	0.0052541289575287	0.00709161964544998	0	0.0109793590159314	0.0147105242152521	0.00407992896172459	0.0045962218853455	0.00899955876709155	0.00777025879993925	0.00563385152686508	0.00967314221924664	0.00649080429450257	0.0134141428188889	0.009153413666453	0.0136097744917553	0.00310597399684421	0.0154291377143997	0.00411506872069719	0.00392783021391998	0.011752111648476	0.00647695900491873	0.0107367347963109	0.00698781352312747	0.006652603407895	0.00969627706538753	0.0125309967832637	0.0111954912917339	0.00340357203128153	0.00642742819553059	0.00655995864848837	0.0128690367156306	0.0167374870536809	0.00764925694469648	0.00689559978001716	0.0105447164509494	0.0128079652811106	0.0164693294530921	0.00156185952229502	0.00531161206273923	0.010256584380885	0.0100263563891745	0.0091674181927266	0.00648418102265802	0.0171518746135251	0.00748095124779884	0.0157675806407308	0.0104689283963789	0.00658651272997534	0.0150657562953343	0.013664034693028	0.0136527764344889
HT29_G1_4B_3	0.00971611416356305	0.0110147445028968	0.00767999816749483	0.0105837578412097	0.00759937293159485	0.0178715568897042	0.00629441113256685	0.00648516611649309	0.00869207871465747	0.00481442145527548	0.00786328643946405	0.0144443314779819	0.0155515009725056	0.0109793590159314	0	0.0247936853423704	0.0137276446067016	0.0108338692928254	0.00768969373630572	0.0136452151191907	0.0141994396595082	0.00580767495221883	0.00713788355753948	0.00536150817313862	0.00662312601258889	0.00520871084664385	0.0101081183113461	0.00768881044056629	0.00744919117312746	0.0139212260247674	0.0068243393631569	0.00761160979103546	0.00221738241812502	0.0157472473413867	0.0107701245423476	0.00704514062509958	0.0023838877413059	0.00245823814077002	0.00892849636609564	0.0161020655575104	0.00757414569257675	0.0127846079038788	0.00680409587047838	0.0165862868867456	0.0100779236984213	0.00478726183670422	0.0231272389915507	0.00877630792566487	0.0102019523428976	0.0109228258559135	0.017686627240227	0.00350928618837229	0.00640752606724646	0.00531216265113003	0.0130495669242289	0.0129054323053135	0.00561766390681718	0.0106622175204986	0.00840481143304908	0.0068699339499621	0.0181165951410481	0.00592084582218842
HT29_G1_4C_1	0.0195978927557031	0.0164846947155925	0.0251267175161922	0.0171349897109526	0.0174408801296061	0.0246617688596134	0.0229303757862163	0.0190191951764186	0.0189760438590485	0.0243789704304764	0.0214678429031415	0.0139227896095966	0.0152982671765205	0.0147105242152521	0.0247936853423704	0	0.0136384263910541	0.0179909094927252	0.0226123839651342	0.0193997106920635	0.0161074386082563	0.024093705892979	0.0193821552453586	0.0272668397629179	0.0209017280459953	0.0275222077180475	0.0162250686756404	0.0291016224948477	0.017917985896599	0.0136116144815722	0.0231010252713485	0.0191363510763697	0.0248898222899497	0.00948570211005576	0.0200323915483436	0.020711171899524	0.0261988947892959	0.0245697036698115	0.0178595003534106	0.00930148275738921	0.0208574694944992	0.0218173119333112	0.0302082417273498	0.0140198880556723	0.0180866215708308	0.0251193545824498	0.00244023407341674	0.0302164574881635	0.0154647373702745	0.0143977750417468	0.0160728474864194	0.0238348476493404	0.0217713452706001	0.0208525581528665	0.0250376360847808	0.0170871843283834	0.0283787744259747	0.0207419864314187	0.0209555885903174	0.028308852322347	0.0187294468577608	0.0254645167467471
HT29_G1_4C_2	0.00691978309209094	0.00547257730623579	0.0120639953460556	0.00604953776407802	0.00717117775460196	0.0181796540498382	0.0105247867369723	0.00728014664173725	0.00935595387602489	0.0121466786712937	0.0110253257657016	0.00739678354858613	0.00603815414360744	0.00407992896172459	0.0137276446067016	0.0136384263910541	0	0.00506761655071271	0.00943329780945141	0.00827125651028606	0.0052945355034471	0.01136101594618	0.0076675057251397	0.0153172981526387	0.0105321951090064	0.015269411747678	0.00424131792146286	0.0165077202962324	0.00741530364626466	0.00558154124736458	0.0132599134445049	0.00755618525795737	0.0132048657903066	0.00842161436456306	0.00690824050624102	0.0116342492108427	0.0151473992683714	0.0141346576251975	0.00659563422933938	0.00731885029036162	0.00967499903101758	0.0143034207393589	0.0187048179429563	0.00442594298534722	0.00670765212508018	0.0132659364773449	0.0113767722716715	0.0186214773158388	0.00406486526493572	0.00699875183041763	0.0113273234735764	0.0123674944494127	0.0105835690241811	0.00971871938395668	0.0183740753547493	0.00784231129484839	0.0183862354215651	0.0102233156739607	0.00849555365758094	0.0163835685587341	0.0153531461747764	0.0156589045276722
HT29_G1_4C_3	0.00241068043582528	0.00306895081237326	0.00880206180993486	0.00689113807600884	0.00679430204937262	0.0175793377330524	0.00784404452572695	0.00540755518225418	0.00845575817078243	0.00789300589095222	0.0106275028013541	0.00728789053279046	0.00577966745301442	0.0045962218853455	0.0108338692928254	0.0179909094927252	0.00506761655071271	0	0.00643700198668445	0.00451043209147808	0.0037975724157149	0.00716148484074823	0.00652563153802095	0.0116894316685626	0.0100027654582039	0.0118913836822697	0.00483848042663215	0.0133655088218742	0.0062804334181114	0.00589352286374885	0.012288978020003	0.00638818727143755	0.0101805209938057	0.011364022623697	0.00215708938400767	0.0109101789347956	0.0124543727586335	0.0112536853541327	0.00414278139415392	0.0106500202720613	0.00585219799341726	0.0150058668867987	0.0155637249372329	0.00684053792984418	0.00653046923685437	0.00926662409045459	0.0158500708019708	0.0157019611189414	0.00409287454893464	0.00866018095925227	0.0123680926257652	0.00912065299554311	0.00857443588598759	0.00645642962870839	0.0186804100180278	0.00673902062366574	0.0161828212944562	0.00983314626781778	0.00369124120128273	0.0136179407365337	0.0166356300936587	0.0142399724584712
HT29_G1_4F_1	0.00531937906840983	0.00863361712455578	0.00270009518735505	0.00653411760547051	0.007698486769028	0.0195170537198071	0.00266211496579869	0.00545858499089837	0.0099301142532044	0.00580775459571854	0.00679621529841028	0.0131307084083126	0.0111466326674635	0.00899955876709155	0.00768969373630572	0.0226123839651342	0.00943329780945141	0.00643700198668445	0	0.00984459324555806	0.0101199038260165	0.00390173820269672	0.00454029823537889	0.00715918746418229	0.00682038152189859	0.00654793955234293	0.00735062862188355	0.00726133880735716	0.0078160277732224	0.0118287628977656	0.00835736696583359	0.004775129921902	0.00681880938144204	0.0153313393135549	0.00569773900378091	0.00865994374240074	0.00885167246441778	0.00865494744555398	0.00782257681984821	0.0150364611126033	0.00802959688836356	0.0143125475243352	0.010392193147336	0.0111520501068468	0.00578733996949861	0.0076838382219264	0.0204839407932286	0.0122976596377556	0.00777921911762095	0.0102627346550761	0.0168614888438549	0.00595161848040157	0.005249575131319	0.00692223191993553	0.0152236109977587	0.00960962403401791	0.0121446906677907	0.00683468892270448	0.00584783557068146	0.00775418820685049	0.0193158644754463	0.00999560762516371
HT29_G1_4F_3	0.00504787363915866	0.00494570136614316	0.0116204944203129	0.0110779318395367	0.0106507199726041	0.018697070759451	0.0112701937017743	0.00933135934646565	0.0113509382733128	0.00968882952149983	0.0148310215047063	0.00724752196872968	0.00564265938300369	0.00777025879993925	0.0136452151191907	0.0193997106920635	0.00827125651028606	0.00451043209147808	0.00984459324555806	0	0.00344642291143834	0.00934503821287659	0.0107268423597496	0.0138603924615403	0.0141953039729671	0.014466143488695	0.00896120166433802	0.0160476468784393	0.00974675812862015	0.00658307370321984	0.0161302925745856	0.0104573280344775	0.0130448464663584	0.013643577533584	0.00430967395851003	0.0145780642816715	0.0153628555577114	0.0137927911009301	0.00684298771303662	0.0128663983432689	0.00715793332431578	0.018577735367498	0.0180668636869979	0.00843300285342943	0.0104860850202758	0.0108994439695015	0.0173605347607102	0.0179728446191205	0.00780789334062759	0.0122856256986344	0.0131660942548399	0.0117719034741323	0.0120137815786082	0.00890827396130536	0.0226337546445206	0.00810340083930576	0.0192392997221419	0.0135236155254392	0.00532861066862016	0.0165788850205981	0.0185883824753235	0.017879582135848
HT29_G1_5A_3	0.00538724790876582	0.00370646591301021	0.0123778209941308	0.00932331852776726	0.0093886363312341	0.0185436805225674	0.0114320545633851	0.00866549605884317	0.0106379226290409	0.0110968932786519	0.0139001212108954	0.00545814282937331	0.00340027286517482	0.00563385152686508	0.0141994396595082	0.0161074386082563	0.0052945355034471	0.0037975724157149	0.0101199038260165	0.00344642291143834	0	0.0105887655047757	0.0098318531184545	0.0150240198800699	0.0132866652610774	0.0154682272187234	0.00716951158258359	0.0170174320713395	0.00881005579403207	0.00416511417508448	0.0155394637554265	0.00952949247064121	0.0136927597056905	0.0108853842535987	0.00501848746872446	0.0137297843334663	0.0159199176604453	0.0143335770126729	0.00627015603816627	0.00997322109343571	0.00808168471249372	0.0174174375379235	0.0190556712211517	0.00558737935281316	0.00910284590675617	0.0123144069886965	0.0140027670641179	0.019027344105322	0.00586704427836187	0.0101294958547541	0.0117448016284675	0.0124018832776512	0.0117632236368317	0.00929206215242037	0.0215090656541711	0.00698792892352244	0.0195941463759544	0.0125266312284958	0.00657413976138993	0.0172396992368698	0.0171727394758785	0.0176453230385135
HT29_G1_5B_3	0.00544150857973441	0.00850124432124334	0.00396964174590545	0.00905443058428356	0.00828430653573605	0.0190576007452998	0.00399448046889694	0.00594508753498584	0.00980939760551196	0.00223499913267638	0.00879670277722159	0.012781840317925	0.0118761426149977	0.00967314221924664	0.00580767495221883	0.024093705892979	0.01136101594618	0.00716148484074823	0.00390173820269672	0.00934503821287659	0.0105887655047757	0	0.00630437883119539	0.00493707975593863	0.00830002336493278	0.00515918992576344	0.00890143688229636	0.00702783683741913	0.00786161186289101	0.0119400868445703	0.0091493055325513	0.0064105147761929	0.00525352941375323	0.0160407620578061	0.00619702898321277	0.00906146547648154	0.00736867827593945	0.00644872253709967	0.00748387733724786	0.0159739308501068	0.00607623715503008	0.015376015224071	0.00886834095418365	0.013129801314948	0.00807093172585416	0.00473346098050326	0.0221062914242507	0.0110991087890271	0.00867525955664229	0.0113428319570189	0.0171724511071758	0.00387103763267538	0.00575870397387647	0.0051085923373352	0.0162307839122641	0.00994886779678006	0.0109141774484699	0.00917650046860862	0.00452036565021779	0.00749996645611864	0.0196433987371342	0.00998769267561537
HT29_G1_5C_1	0.00599222384244592	0.00739381611371868	0.00647577898593965	0.00349554045443697	0.00426788885522782	0.0189270883002721	0.0038479518254392	0.00306359140385128	0.00811644762417744	0.00725675390867549	0.004188446181844	0.0112680129065297	0.0104595010250134	0.00649080429450257	0.00713788355753948	0.0193821552453586	0.0076675057251397	0.00652563153802095	0.00454029823537889	0.0107268423597496	0.0098318531184545	0.00630437883119539	0	0.00858463939270697	0.00361038210837691	0.00832191866055027	0.00512858245277103	0.00975525653986964	0.0051980024214337	0.00999242995693283	0.00593740918759473	0.00106047166590474	0.007084500964519	0.0115924824871367	0.00725560849846216	0.0051044616772823	0.00860599802605207	0.00756974273272904	0.00652369481742454	0.011738290396068	0.00784405221300875	0.0124507318452515	0.0113266525104925	0.0102548507866298	0.00329336659885363	0.0087644277157643	0.017460773499205	0.0136000921695054	0.00512471222241905	0.00595461074059309	0.0154965275831574	0.00574926963744733	0.00357022737332987	0.00586214636699436	0.0122953995623024	0.00817811939854992	0.0112327189160574	0.00528145982067303	0.0068730692634686	0.00906852890100194	0.017258851283614	0.00823395732436895
HT29_G1_5C_3	0.0097273142158962	0.0125967751700563	0.00553852780654733	0.0114228888281807	0.0110426119130262	0.022278943016088	0.00545154209533876	0.0091751223645915	0.0130132523726246	0.00530834729265815	0.0090056439763685	0.0166014121797153	0.015716654743373	0.0134141428188889	0.00536150817313862	0.0272668397629179	0.0153172981526387	0.0116894316685626	0.00715918746418229	0.0138603924615403	0.0150240198800699	0.00493707975593863	0.00858463939270697	0	0.00889467693335596	0.00215330717876378	0.0126748878380743	0.00471519863560938	0.0110242734929186	0.0158974692556825	0.00788661479098388	0.00859707734267775	0.0060466059376458	0.0188308058879611	0.0109511677825701	0.00869061303792285	0.00663264824253314	0.0051703250967643	0.0115650158042105	0.0192854301192496	0.0099402705372665	0.0173790591644443	0.00435687122219944	0.0169325164587785	0.0103353388800132	0.00704869508797711	0.0254387048257703	0.0114349635096612	0.012257760255543	0.0134123950149361	0.021367448782165	0.00368156498654171	0.00609580507046896	0.00814830507551155	0.0141875877484861	0.01249587024254	0.00827226890747553	0.00977543169781054	0.00919421645550936	0.00419840594452886	0.0228590361057553	0.00783654852355821
HT29_G1_5D_1	0.00949119653836985	0.0105773464703341	0.00789230023414748	0.00580286429791706	0.00556992327385483	0.0194162774425884	0.00536800241220449	0.00537552710309597	0.00897111244231251	0.00889305687724602	0.00197986845107918	0.0140161889670572	0.0139062925900568	0.009153413666453	0.00662312601258889	0.0209017280459953	0.0105321951090064	0.0100027654582039	0.00682038152189859	0.0141953039729671	0.0132866652610774	0.00830002336493278	0.00361038210837691	0.00889467693335596	0	0.0082136587317497	0.00751492039960924	0.00941712076056506	0.00679959480655036	0.0128956662581264	0.00337207931595775	0.00423356462695069	0.00690187263450983	0.0128885189180666	0.010661199711553	0.00381490667364326	0.0074324502257223	0.00723259317655139	0.00912713339236121	0.0132869663532004	0.0101329049323787	0.0111958716622406	0.010232941076001	0.0134115862654338	0.0060108353066087	0.00985229059554796	0.0191753158804753	0.0128453565155099	0.00802801420047148	0.00701198954858428	0.0171981643965419	0.00650249622554603	0.00461617990691882	0.00769842638302804	0.00929617957394176	0.0112262829306426	0.0089401233245312	0.00621003970618085	0.00987712161775208	0.00815032388269339	0.0175413175043613	0.00535517812413979
HT29_G1_5D_3	0.0101734937592333	0.0131090008613193	0.00471909479510949	0.0112558598722139	0.0109063356322662	0.0216530084426458	0.0050699714404913	0.00903665995137452	0.0126567229744167	0.00575133114966097	0.00825470110741844	0.017269178413146	0.0163671216997448	0.0136097744917553	0.00520871084664385	0.0275222077180475	0.015269411747678	0.0118913836822697	0.00654793955234293	0.014466143488695	0.0154682272187234	0.00515918992576344	0.00832191866055027	0.00215330717876378	0.0082136587317497	0	0.0123862022212885	0.0029098923228006	0.0109674805556934	0.0164321916332301	0.00745339002690128	0.00855015546811256	0.0053292342862476	0.019158548619807	0.0110982145711473	0.00886400365964901	0.00584443709038671	0.00587736744644943	0.0117486738537354	0.0194299920335103	0.0103848626455288	0.0162045902832973	0.00398177216564997	0.0171378210099001	0.0103462280953912	0.00710213002289415	0.025634441628994	0.0101149340764294	0.0124534707643618	0.0136043089634107	0.0211644522519199	0.00445503105147579	0.00635813721384611	0.00857180437763858	0.0138052809470028	0.0134577120374344	0.00767406322126547	0.00966334280284367	0.00958453421916255	0.00277483658971553	0.0223336426895216	0.00715602595811608
HT29_G1_5E_2	0.00629377195573653	0.00520596641174346	0.0099712846826566	0.00552781235446388	0.00352594313255793	0.0154733372820999	0.00822886848976283	0.00374476038626686	0.00553663914710114	0.00929405232246359	0.00856389972560151	0.00814600713320533	0.00886634041764352	0.00310597399684421	0.0101081183113461	0.0162250686756404	0.00424131792146286	0.00483848042663215	0.00735062862188355	0.00896120166433802	0.00716951158258359	0.00890143688229636	0.00512858245277103	0.0126748878380743	0.00751492039960924	0.0123862022212885	0	0.0137941557865391	0.00368131164717643	0.00673728586819432	0.0105775495857687	0.00553772992790417	0.00942932136944744	0.00889288510851522	0.00640563429159947	0.00924865241253323	0.0112559235733224	0.0109084941881119	0.00403710791161726	0.00800760316561469	0.00705106441889704	0.0107820612463128	0.0156570135056605	0.00834030461432492	0.00619415793823525	0.00991456766348494	0.0141976539265865	0.0146652317428217	0.00290763998151461	0.00596168573217889	0.0106179585364101	0.00955457685420268	0.0084971575546909	0.00660306582681597	0.0161768726416482	0.00909691577820778	0.0146376881991781	0.0095214877369711	0.00668130584550877	0.0136113056418262	0.0132610774696903	0.0123787193445686
HT29_G1_5E_3	0.0117620749260405	0.0150464598489092	0.00491316082116939	0.0123097904117394	0.0127626236347723	0.0229805389446034	0.00630352835056807	0.0108587165231174	0.0144427261126072	0.00805077943791015	0.00902053120684458	0.0193932744446715	0.0178767024258804	0.0154291377143997	0.00768881044056629	0.0291016224948477	0.0165077202962324	0.0133655088218742	0.00726133880735716	0.0160476468784393	0.0170174320713395	0.00702783683741913	0.00975525653986964	0.00471519863560938	0.00941712076056506	0.0029098923228006	0.0137941557865391	0	0.012939659243549	0.0183858700222475	0.00865870914144456	0.0100435596619327	0.00732793412525817	0.0211232475442622	0.012363190485934	0.0106819208170961	0.00772171024022916	0.00865499627387174	0.0137102513850819	0.0212343628972826	0.0126139669652892	0.017027987216654	0.004882374837404	0.0181742259785058	0.0114826623831465	0.00925504911226352	0.0271191846178551	0.0105643193821275	0.0142158819561691	0.0153972108854133	0.0227459239654246	0.00714329462429997	0.00808517631864819	0.0109759688424892	0.0144690669878454	0.0152009453757063	0.00912942492014054	0.0102776222781978	0.0114188294023631	0.00252094230459494	0.0238380304765765	0.00838860552785217
HT29_G1_5F_2	0.00687469491010351	0.00554237791928611	0.00995844292494727	0.00721602580727517	0.0016472490373305	0.0144916305307655	0.00790312151499372	0.00245508895456003	0.0034842677798304	0.00744271581848506	0.00842219546535754	0.0082376027749776	0.0105989729900302	0.00411506872069719	0.00744919117312746	0.017917985896599	0.00741530364626466	0.0062804334181114	0.0078160277732224	0.00974675812862015	0.00881005579403207	0.00786161186289101	0.0051980024214337	0.0110242734929186	0.00679959480655036	0.0109674805556934	0.00368131164717643	0.012939659243549	0	0.00748480769359471	0.00943465988445587	0.00569521637110706	0.00714198906188459	0.00920535644433542	0.0075502696873918	0.00785006396160266	0.00870304680383296	0.00810850287560315	0.00306559004012354	0.00894778935199257	0.00499510381477482	0.0102007017797984	0.0137703077183591	0.0112015793667164	0.00747094109755451	0.00756713525833898	0.016181130944857	0.0127709848444966	0.00404629253609993	0.00600680050457091	0.0111458898405483	0.00757922844041596	0.00772183736223278	0.00388263336971086	0.015186384006007	0.00973802070131308	0.0120366723391673	0.0103200962055002	0.00614105691083744	0.0124798252603695	0.012814737812345	0.0105332205495946
HT29_G1_5F_3	0.00740721100045384	0.00345193990971629	0.014205592255196	0.00962573270298419	0.00804125433065804	0.0172094736918837	0.0125209908817549	0.00835693565152242	0.00916712326763495	0.0118973809015597	0.0138898544494787	0.00184547970710674	0.00552956848278328	0.00392783021391998	0.0139212260247674	0.0136116144815722	0.00558154124736458	0.00589352286374885	0.0118287628977656	0.00658307370321984	0.00416511417508448	0.0119400868445703	0.00999242995693283	0.0158974692556825	0.0128956662581264	0.0164321916332301	0.00673728586819432	0.0183858700222475	0.00748480769359471	0	0.0152025736968444	0.00975385112568764	0.013761486760928	0.00726799962095398	0.00778650452679598	0.0128683127294743	0.0156469414201469	0.0138232558770668	0.00558791861249459	0.00659243776053564	0.0079295636951649	0.0160751557439327	0.0195967761880253	0.00743774945685879	0.00973377417121025	0.012670752125729	0.011816069439381	0.0193049295175228	0.0049631670408598	0.00814027871028319	0.00992853525073564	0.0126541185288298	0.0121113208591239	0.00882275636328916	0.0204926100101562	0.00763830432334233	0.0189706952913606	0.013311752353914	0.00797707169419193	0.0181504306040218	0.0147753483884068	0.0171279899914843
HT29_G2_4G_1	0.0112204711235161	0.0127516343112123	0.0084612044720514	0.00785944417435532	0.00832750528303743	0.0221253536641824	0.00606708155430495	0.00792858147998809	0.0117485859460023	0.00973785906310588	0.0030642446159187	0.0161932760436472	0.015737019323343	0.011752111648476	0.0068243393631569	0.0231010252713485	0.0132599134445049	0.012288978020003	0.00835736696583359	0.0161302925745856	0.0155394637554265	0.0091493055325513	0.00593740918759473	0.00788661479098388	0.00337207931595775	0.00745339002690128	0.0105775495857687	0.00865870914144456	0.00943465988445587	0.0152025736968444	0	0.00610516808499045	0.00784502897084989	0.0150535106387872	0.012734550795797	0.0031132166618719	0.00768691097899067	0.00669079679322498	0.0115982265504972	0.0158764595158563	0.0119813383899205	0.0138480476524986	0.00835418858573106	0.0155700481702789	0.00761305484461468	0.0109598745048633	0.0214973959073403	0.0138038163384457	0.0105118346375863	0.00896043212120196	0.0202725945844851	0.0063715969983416	0.00454884974607504	0.009303153125742	0.00710777680953039	0.0121592843220693	0.0076681056818941	0.00631375053908328	0.0116868349737145	0.0066646823586392	0.0204509262370235	0.00333414457992277
HT29_G2_4G_2	0.00565231850973746	0.00717284176794865	0.00661843623048055	0.0030824775589037	0.00478574944101285	0.0197130788580516	0.00390721040666964	0.00362267129632529	0.00882803543185774	0.00746245735682697	0.00454054269248133	0.011038358269976	0.00985567742544926	0.00647695900491873	0.00761160979103546	0.0191363510763697	0.00755618525795737	0.00638818727143755	0.004775129921902	0.0104573280344775	0.00952949247064121	0.0064105147761929	0.00106047166590474	0.00859707734267775	0.00423356462695069	0.00855015546811256	0.00553772992790417	0.0100435596619327	0.00569521637110706	0.00975385112568764	0.00610516808499045	0	0.007746030666247	0.011469512440611	0.00717075453828028	0.00497569478983247	0.00926176346876754	0.00773915168389042	0.00674737242645193	0.0117537750849021	0.00804801183601671	0.0134269382190645	0.0115213304720605	0.00977832460492713	0.00252625709273698	0.00920734863922112	0.0172214692081075	0.0144450011076812	0.00500275727465856	0.00575003175318512	0.0159333141038465	0.00577354950158403	0.00316297276969097	0.00609869329341677	0.0123562383696545	0.00724694206236658	0.011739171858277	0.00468492559931183	0.0068908838313633	0.00928481913319974	0.0179455599852449	0.0086334635191783
