	HT29_G1_1B_1	HT29_G1_1B_2	HT29_G1_1B_3	HT29_G1_2A_1	HT29_G1_2A_2	HT29_G1_2A_3	HT29_G1_3E_1	HT29_G1_3E_3	HT29_G1_3F_1	HT29_G1_3F_2	HT29_G1_3F_3	HT29_G1_4A_1	HT29_G1_4A_2	HT29_G1_4A_3	HT29_G1_4B_1	HT29_G1_4B_2	HT29_G1_4B_3	HT29_G1_4C_1	HT29_G1_4C_2	HT29_G1_4C_3	HT29_G1_4F_2	HT29_G1_4F_3	HT29_G1_5A_1	HT29_G1_5A_2	HT29_G1_5A_3	HT29_G1_5B_1	HT29_G1_5B_3	HT29_G1_5C_1	HT29_G1_5C_2	HT29_G1_5C_3	HT29_G1_5D_1	HT29_G1_5D_2	HT29_G1_5D_3	HT29_G1_5E_1	HT29_G1_5E_2	HT29_G1_5E_3	HT29_G1_5F_1	HT29_G1_5F_2	HT29_G1_5F_3	HT29_G2_4G_1	HT29_G2_4G_3	HT29_G2_4H_1	HT29_G2_4H_2	HT29_G2_4H_3	HT29_G2_5A_1	HT29_G2_5A_2	HT29_G2_5A_3	HT29_G2_5B_2	HT29_G2_5E_1	HT29_G2_5E_2	HT29_G2_5E_3	HT29_G2_5F_1	HT29_G2_5F_2	HT29_G2_5F_3	HT29_G2_5G_1	HT29_G2_5G_2	HT29_G2_5G_3	HT29_G2_5H_1	HT29_G2_5H_2	HT29_G2_5H_3	HT29_G2_6A_1	HT29_G2_6A_2	HT29_G2_6B_1	HT29_G2_6B_2	HT29_G2_6B_3	HT29_G2_6C_2	HT29_G2_6C_3	HT29_G2_6D_1	HT29_G2_6D_2	HT29_G2_6E_1	HT29_G2_6E_3	HT29_G2_6F_1	HT29_G2_6F_2	HT29_G2_6F_3	HT29_G2_6G_1	HT29_G2_6G_2	HT29_G2_6G_3	HT29Root1_1	HT29Root1_2	HT29Root1_3	HT29Root2_1	HT29Root2_2	HT29Root2_3
HT29_G1_1B_1	0	0.0146542925170045	0.0142228493992961	0.0121093636636142	0.0221942435148199	0.0237094278693408	0.00990167590453265	0.0150121101614209	0.0209690736092758	0.0178540022938539	0.0210806225828113	0.0107540812300849	0.0171892702817633	0.0410651917061718	0.0145490228198803	0.0347317170085299	0.0245242197095021	0.0188814485515216	0.00614299243386328	0.0142952151034152	0.0126771629042934	0.0643366092786052	0.0126700625253593	0.0169171917528612	0.0142410273993444	0.0106879369457023	0.0221038823354285	0.0340638453198075	0.0486119548511747	0.019284145590359	0.00986584977081806	0.0134058851985537	0.0127969809857527	0.0138781084969614	0.0190545992707115	0.018849538683515	0.0148452941676322	0.0333685777124267	0.0392373760991628	0.0153247310317629	0.0238334653060005	0.0153606381892018	0.0291895685129041	0.0161219385929194	0.0141083324385673	0.0341709075810488	0.0272474493745571	0.0276389942114023	0.019378909330876	0.0223163415665145	0.050728887855352	0.0053703512379508	0.0344574617022961	0.0129283733617724	0.0246630778180533	0.011802231155516	0.0277140423004856	0.0096439565385758	0.012894733253571	0.0450262734628586	0.0487255071014976	0.0151006177493675	0.0371607915890226	0.00662219208757646	0.034345995184772	0.0177455738448073	0.0284975506265112	0.0098501923622501	0.0224014248535096	0.0754036512566127	0.0449135405307103	0.0105302369889327	0.0141962132926128	0.0327639482495293	0.0194267864400666	0.0451285388978732	0.0425870485812042	0.0343766589657769	0.0199635752320224	0.0154404209145623	0.0124459886915686	0.0296412333617912	0.0110721057925618
HT29_G1_1B_2	0.0146542925170045	0	0.0243017085182266	0.0223312604668328	0.031144610539297	0.0298431797301653	0.0163928973037755	0.0183221484988562	0.0296340442348566	0.0303335443742625	0.00766775271530605	0.00849593556300716	0.0258856413486276	0.0508582585707289	0.017962247221367	0.0305628723115201	0.0303344307907847	0.0166825832596918	0.0143273197822161	0.0189132938006108	0.00864880931206584	0.0731022541320294	0.00789844159364247	0.0231113628322465	0.0264473523017797	0.0156223249613447	0.0272685987254335	0.0437983312286825	0.0576769898532043	0.0103394913021484	0.0213993889382741	0.00933226179532096	0.0140475590870383	0.0203132375772625	0.0296901037447245	0.0233811215941036	0.0260113075120379	0.0435721567266786	0.0474385390250239	0.0214223443629257	0.0296053211191998	0.0181267828186046	0.0374339319728572	0.00372613552354065	0.0167033089230969	0.0424745564951928	0.0347198097059111	0.0371825310985769	0.00585605637764695	0.0295749665735408	0.0585545787970797	0.0183657246175423	0.0413633370832332	0.00299179129656506	0.0341859721543519	0.0176728078425739	0.0318083531437532	0.0150788857416612	0.00622862477744051	0.0529457621330712	0.0576680097974161	0.0251926271015655	0.0446823133777023	0.00969368708692726	0.0415968133096542	0.010603286033913	0.0367603233536529	0.0106747182050283	0.02991562806022	0.084731571793571	0.052788218672619	0.019181853710465	0.0223134979454064	0.0409412646430612	0.0251715654352331	0.0540384249207378	0.0522722854080163	0.0414720623738634	0.0255855376910651	0.0121256423820157	0.00918691269789589	0.0359655804955664	0.0135351567708316
HT29_G1_1B_3	0.0142228493992961	0.0243017085182266	0	0.00681951250764499	0.00859461394153295	0.0115602150134987	0.00818868702371574	0.0109453752325577	0.00721981313283288	0.00881554599628598	0.0308840864397877	0.0176847430048236	0.00349816244451318	0.0275759191722872	0.0106897439364675	0.0487216762828411	0.0122650128107734	0.031992408092073	0.0124029518492104	0.00926466372438619	0.0218744323953572	0.0505250987288561	0.0228885326993551	0.00699668215567499	0.00590189061071608	0.0200133650898856	0.0107786529301257	0.02034167492631	0.0349566316406087	0.0308410903401445	0.0100211016237067	0.0204842391178625	0.0264600526187637	0.00830703572685808	0.00827371049843225	0.0118811699676492	0.00447783253758383	0.0199586446101333	0.0251226170818955	0.00636029855226567	0.0116172192020972	0.0107232790832628	0.0166257215920424	0.0258744705920382	0.0127374930205067	0.0204427013479072	0.013559985802805	0.0139013171971638	0.0275830964531107	0.00989419765610168	0.0369330131128561	0.0121539801969607	0.02067175914696	0.0224281247524738	0.0108729685688106	0.0140015436831977	0.0159255589364196	0.0116025404672304	0.0253475858737645	0.0310849507131711	0.0350103183310377	0.0042684297695144	0.0235984208616159	0.0151627699591605	0.0205615635401938	0.0292273348341688	0.0149476986618978	0.0191660008020373	0.00928500823083836	0.061758447039386	0.0310659381511401	0.0109917070560396	0.00711529859223531	0.0193195224324011	0.00876462432737441	0.0313624281460389	0.0291743806080678	0.0206829705237117	0.00888854134394938	0.0281875681313706	0.0218521202630007	0.0165662366437637	0.0117582911877701
HT29_G1_2A_1	0.0121093636636142	0.0223312604668328	0.00681951250764499	0	0.0115033830301173	0.0156373982458909	0.00858253397150661	0.0133743181555789	0.010618124778942	0.0100918040294678	0.0294552594285381	0.0146296871383401	0.00937844443834126	0.0310756135994747	0.0119012724312558	0.0463170619606573	0.015680007263019	0.028156785286971	0.0117781435115617	0.00970212898440713	0.0196946018193526	0.0531893379054996	0.0191458697588495	0.00846639857841337	0.00580157153801181	0.016002893199936	0.0135542586684339	0.0244469565995207	0.0373716878987051	0.027470951877205	0.0081192099159714	0.0178077821438788	0.0233163991225002	0.0112719203946601	0.00894698502704898	0.0109164757526982	0.00480488459317282	0.0229064406922735	0.0287335161659668	0.00818785155569682	0.014124689808383	0.0105072773515322	0.0176073549389779	0.023290519726914	0.0100354066053863	0.0230263395969139	0.0169455787522626	0.0171704495577695	0.0265349553349311	0.0118886408972938	0.0403549541718377	0.0102788416576985	0.0241347365046441	0.0198777358941503	0.0152969018532955	0.0158773968930531	0.0183750409478477	0.0120432347365537	0.0224701196364541	0.034458795110993	0.0375895248680714	0.00566191122647699	0.025706350370001	0.0133515236220022	0.0234948981913888	0.025596961025936	0.019021189065789	0.0158815393293257	0.0121717243013617	0.0647809442438198	0.0339533152102156	0.00814141375667502	0.00731384813962606	0.0212833384326092	0.00987249835023759	0.0354445036443759	0.0317614026742513	0.0232715664152816	0.0107463272021162	0.0253319202593224	0.0196432680833465	0.0189839186100921	0.0118457877154664
HT29_G1_2A_2	0.0221942435148199	0.031144610539297	0.00859461394153295	0.0115033830301173	0	0.0102651233409577	0.0153295932442101	0.0166582765678302	0.00197626352486155	0.0112643573749916	0.0376609267570415	0.0238619209644108	0.00673360517218633	0.0214004686676125	0.0151135069000454	0.056853028191162	0.0097001923535733	0.0387522885467647	0.019893528049177	0.0132698170962077	0.0282582134491194	0.0426483519600875	0.0290702772051244	0.00858552728230151	0.0100330256821766	0.0258211120191234	0.00826325643763561	0.0146025100418896	0.0270872912100929	0.0372675753736999	0.0157647435921758	0.0260596229012207	0.0338175043676039	0.0147751547111235	0.00659455378485516	0.0117894706381458	0.00844875064159465	0.0134544029782249	0.0177718664912289	0.0102700002956839	0.00804694031141732	0.0144935136880198	0.00831403393875868	0.0322765984331966	0.0163300258763193	0.0127004537611426	0.00729675955973269	0.00748528670688978	0.0340633020571834	0.00640205205263501	0.0300966507819341	0.0200450897848154	0.0138800248414871	0.0290836344869199	0.00690736205448872	0.0218377871101244	0.0116436433112406	0.0191593596401724	0.0326584326494484	0.0239313765750944	0.0272965956377597	0.00756671758819719	0.0151741224701761	0.0224311692842882	0.0130442618388619	0.0355265857811173	0.0102552298939603	0.0253965515997602	0.00524282727909498	0.0545483356370405	0.0235399152685915	0.0160189464870749	0.0106514591643127	0.010799586756278	0.00788866626642158	0.0252181266937904	0.022098470202121	0.012573444877909	0.00758507672782879	0.0352723077269655	0.0282790023915634	0.00889742272852827	0.018281775176871
HT29_G1_2A_3	0.0237094278693408	0.0298431797301653	0.0115602150134987	0.0156373982458909	0.0102651233409577	0	0.0147689654439448	0.0120580310544036	0.00875275927022699	0.0152025508825601	0.0362026340672433	0.0233049980676169	0.00928603904171747	0.0222262936486042	0.0162150293840976	0.0565820058444625	0.00225676889379964	0.0411066015018647	0.0218089011264349	0.0151730532966472	0.0296757595505652	0.0446977632763911	0.0301875130834049	0.0109478406732033	0.0161748184540743	0.029787248947648	0.0105731454203822	0.0157684041707543	0.0298110374323672	0.0381183390204941	0.0212147591575786	0.0274545151502677	0.0358639719192248	0.0109738312763612	0.0158294483367907	0.0161059949991513	0.0133753433906162	0.0168294383340801	0.0186942088473787	0.0100026762694471	0.00510867249540792	0.0129455711835975	0.0160932280151585	0.0318315180868531	0.0180947966764241	0.0148940895708375	0.00702897053580848	0.0110014775718076	0.0321508104235344	0.00609671538177578	0.0288949903274284	0.0209851032179296	0.0123973557146712	0.0282442892660959	0.00839950253698791	0.0182515358042404	0.0077604265705215	0.0166301079825578	0.032464363823576	0.0235730653671911	0.0293449846243754	0.0138665786300973	0.0185382476830757	0.0228411952726594	0.0134804329774466	0.0368822427729931	0.00781080015480852	0.0276488345884858	0.00569251224555334	0.0555122635934686	0.0238561507980009	0.0209421135904621	0.015883122195991	0.0159224058207806	0.00890084336666375	0.0245910411755538	0.0242211090908653	0.0148208360676428	0.00898310935228159	0.0369890216676764	0.0298974438734182	0.0128879513826819	0.0165205868531655
HT29_G1_3E_1	0.00990167590453265	0.0163928973037755	0.00818868702371574	0.00858253397150661	0.0153295932442101	0.0147689654439448	0	0.00618331633518699	0.0136761317725736	0.0152138307949623	0.0231586682423615	0.0101079909525248	0.00976824840292741	0.0346203829597031	0.00739804707470492	0.0427105159217786	0.0154385587555524	0.0265010681985264	0.00785915094502044	0.00686293623927013	0.015543075804396	0.0573925589474695	0.0161640391083165	0.00852484961773154	0.0118793465539642	0.0161641081236092	0.0134630345779162	0.0274886139983977	0.0418643663391201	0.0239304149061719	0.0109627739946342	0.0140616618041589	0.021227133876688	0.00587962760250188	0.014945303198681	0.0121324983020738	0.0106112500572946	0.027312287417025	0.0316109139563353	0.00609433501716257	0.0148221746263063	0.00625086052031382	0.0226493375853823	0.0182478171508161	0.00844430086137527	0.0267533450105443	0.019047300939878	0.0209508094769219	0.0197490509821763	0.0141654961105613	0.0429920064177066	0.00963143331787078	0.0260392202045136	0.0146217399978488	0.0178417453219699	0.00959485483525011	0.0182586837222128	0.00501351323835535	0.0181788756415677	0.037281887706917	0.0418227179394587	0.0101073160896538	0.0295705738404098	0.00814133716598587	0.0262159591926408	0.022634059199418	0.0208089691379302	0.0134407118685657	0.0142111987224308	0.0687428889001602	0.0372269604809025	0.00992226127984732	0.00904103121105019	0.0256130222474082	0.0106982266474503	0.0380124021255236	0.0361920918309766	0.0263410873254124	0.0111439754490704	0.0222520763385761	0.0156984866675618	0.0214890457538089	0.00379016169478719
HT29_G1_3E_3	0.0150121101614209	0.0183221484988562	0.0109453752325577	0.0133743181555789	0.0166582765678302	0.0120580310544036	0.00618331633518699	0	0.014727087999468	0.0177264138496847	0.0245105124574718	0.013268736029309	0.0110140558562181	0.0336191863614829	0.00997080491178484	0.0453574316707391	0.0130897621393764	0.0311124052910419	0.0130838182724837	0.010139167712897	0.0195191664103851	0.0565018820966365	0.0202495530932802	0.0104411258272642	0.0161080987719368	0.0219117631146198	0.0137258628261026	0.0266595426389008	0.0413869323897854	0.0274084341795476	0.0167850016377824	0.0179629848553405	0.0258786621950774	0.00396793523466903	0.0184942006938807	0.0149980106608628	0.0140773460923739	0.0273336190448667	0.0303858556954367	0.00738964380563215	0.0135214902575259	0.00694989494715178	0.0240255375304759	0.0207916596190489	0.012224550788697	0.0261854635883427	0.0180279377602701	0.0209806875750944	0.0205920769612577	0.0138658354239712	0.0409120561597791	0.0139949554664902	0.0242383583038204	0.0171613024266687	0.0175367575086858	0.00885844474135347	0.0161212193717572	0.00619237495961722	0.021359659484515	0.0355800663323082	0.0410814782976565	0.0139421428915485	0.0292724874786825	0.0125440353994113	0.0250199009150684	0.0265361619894379	0.0192595032254116	0.0184222153956272	0.0139019028903564	0.0674204334309885	0.0358146043873819	0.0157832770043154	0.0134313014626903	0.025923632864889	0.0113150231674285	0.0362512130833103	0.0356739067156167	0.0256453048978042	0.0116264552728016	0.0264776761352012	0.0198298003488478	0.0214089113602779	0.00582114565229713
HT29_G1_3F_1	0.0209690736092758	0.0296340442348566	0.00721981313283288	0.010618124778942	0.00197626352486155	0.00875275927022699	0.0136761317725736	0.014727087999468	0	0.0108610292159722	0.0361794655198358	0.0224195344908817	0.00515439012693723	0.0222326824825799	0.0138549632248428	0.0555338517297173	0.00837628374380554	0.0378124412079711	0.0186968490513208	0.0120619481619926	0.0271256255291412	0.0439661849733894	0.0279088002185693	0.00725642951894019	0.00966400971481612	0.0251159148499882	0.00753262351809693	0.0152737612191572	0.0284171812205553	0.0361059992041895	0.0152365971636281	0.0249503840188147	0.0327801489090335	0.0128554399033712	0.00730789117832722	0.0113026421682414	0.0076670694013046	0.0145095361427927	0.0186756685849137	0.00854463892065821	0.00689821562359981	0.0128834247624395	0.0100206339230003	0.0309095621946159	0.0152368684877146	0.013674943208542	0.00719888078541518	0.00818904686091571	0.0325300163804807	0.0052425495995961	0.030801133242018	0.0187664253916805	0.0142195993231891	0.0276259127068385	0.00667598791705588	0.0200330353457488	0.010899454164143	0.0173751806177739	0.0312782912918662	0.0247251158258657	0.0285200139903186	0.00695559071559055	0.0164324251622464	0.0210384818104408	0.0137093974990347	0.0344372728531744	0.00999815896332079	0.0243671805874382	0.00399173427946904	0.0557019621856628	0.0244511454338823	0.0153840443555134	0.0099663380164261	0.0122413275611958	0.0065380043376591	0.0258989894040633	0.023213748771459	0.0135359101918185	0.00631506212302555	0.0341946634861564	0.0271745614115713	0.00973449102404687	0.0165833752242422
HT29_G1_3F_2	0.0178540022938539	0.0303335443742625	0.00881554599628598	0.0100918040294678	0.0112643573749916	0.0152025508825601	0.0152138307949623	0.0177264138496847	0.0108610292159722	0	0.0373749713908907	0.0232932666258723	0.0108237968314422	0.0243266786445218	0.0192542570957083	0.0512615949349093	0.0159031105733576	0.035597399148947	0.0186468621119304	0.0175010351369428	0.0282574375366006	0.0480808924348515	0.028114491141745	0.0144833567858159	0.00663116313854077	0.0242485924016165	0.0176520176748592	0.0181314891109464	0.0324541391254567	0.0360980111582987	0.0141750292668355	0.0271131406973875	0.0299802396418053	0.0140590479460595	0.0100582769100239	0.0186579447990019	0.00606448205623007	0.0167676204531747	0.0244340069310809	0.0139067846185831	0.0157087340916592	0.0179161493752857	0.0175109447198484	0.031946175165181	0.0195879878697788	0.0195734673051324	0.0152308802193656	0.0125612781486159	0.0344827348221815	0.0125621925161411	0.0351148221508727	0.01381064066463	0.0214613814524031	0.0281995525574135	0.0106063577411779	0.0180634056524647	0.0203617704089042	0.0169567636350998	0.0300004800648871	0.0297253002919852	0.0324960654935874	0.00981294680612652	0.0237208537982181	0.0211960816559196	0.0210111013348741	0.0342968881968799	0.0148640238516022	0.0247290088031649	0.0123839503565278	0.0583888918691106	0.0296245215381277	0.0165570399809036	0.0142713623576761	0.0194066669124059	0.0147402351897067	0.0291730114752678	0.0257955933023396	0.0216806613516503	0.0153655406990099	0.0328758737044537	0.0281254627967398	0.019889329289415	0.0189110567669347
HT29_G1_3F_3	0.0210806225828113	0.00766775271530605	0.0308840864397877	0.0294552594285381	0.0376609267570415	0.0362026340672433	0.0231586682423615	0.0245105124574718	0.0361794655198358	0.0373749713908907	0	0.0159647074624508	0.0321981673404599	0.0574869057464638	0.0233922134866109	0.028281650526252	0.0367336095896679	0.0177941595202081	0.0200951476176705	0.0248415642687467	0.0122351963764789	0.0794147431937846	0.0133233857601331	0.0294597577027105	0.0332008378142579	0.0205210748844532	0.0330013764350424	0.0502909764064641	0.0642175309898158	0.0103020801875333	0.0274382307197994	0.014034204256405	0.0169516304872899	0.0268812055479719	0.0361623246972131	0.0292302944119645	0.0329880083138371	0.0503308354875929	0.0537043958737356	0.0280028892087679	0.036068074750279	0.0246594759815343	0.0438443903437512	0.00749918375526256	0.0230648417471562	0.0490724876768708	0.041208177137593	0.0438955170050175	0.00447503939492707	0.036388744590972	0.0648919781982804	0.0252757008867844	0.047631201766225	0.0104127649946098	0.040792008210581	0.0236758980469835	0.0378239167106939	0.0218955097426691	0.0108356402765306	0.0592864517585535	0.0642206439418786	0.0317296487817659	0.0510051635424305	0.016377429162224	0.0479740642970506	0.0119574018797081	0.0433151987304856	0.0160708223439838	0.0365877854185586	0.0911665299835771	0.0592220633802042	0.0252217447179051	0.0284017048530223	0.0473871584586702	0.0316992775226088	0.0603551100843416	0.0590437302831906	0.0477260502044605	0.0318849068933162	0.0132749191298914	0.0126946006419518	0.0419261482529619	0.0201201326354253
HT29_G1_4A_1	0.0107540812300849	0.00849593556300716	0.0176847430048236	0.0146296871383401	0.0238619209644108	0.0233049980676169	0.0101079909525248	0.013268736029309	0.0224195344908817	0.0232932666258723	0.0159647074624508	0	0.0194075451434538	0.0436318860582006	0.012913794632765	0.0364101767031276	0.0235269304814877	0.0195482498720002	0.0106280194317545	0.0128157156129186	0.0101560424484164	0.0656265514901239	0.00764342610480972	0.0161306110577901	0.0195060962581289	0.012796063223836	0.0208658147625397	0.0368107208633047	0.0500543177326536	0.0152948989165942	0.0157725016823982	0.00811163477292249	0.0159459629090204	0.0146097366975518	0.0225483698835744	0.0166237817916303	0.0186725795142792	0.0361175857987059	0.0403374729481063	0.0144820285973275	0.0224507555658641	0.0112460339948928	0.029816728641476	0.00956831367765951	0.00961125711455079	0.0349359060443447	0.0275277360501045	0.029813589135645	0.0131966581327199	0.0220268805680237	0.0514475261313988	0.0131093826596794	0.0343291696970553	0.00581002803938882	0.0272132878613751	0.0145744179825905	0.0250702580759907	0.0100673345005592	0.0103365051017901	0.0457706707138084	0.0500891109508036	0.018201206751373	0.037181863111008	0.00582743671863324	0.0343052554994227	0.014220402243439	0.0297892862556495	0.00836807201384113	0.0225712711175426	0.0773452497756659	0.045404676595369	0.0132239199375466	0.0158509735848054	0.0333676832170231	0.017825321605151	0.0471564895267443	0.0446549605677679	0.034158407203416	0.0185349564550281	0.0159392051854643	0.0105546767772225	0.0289366541651687	0.00804504358464015
HT29_G1_4A_2	0.0171892702817633	0.0258856413486276	0.00349816244451318	0.00937844443834126	0.00673360517218633	0.00928603904171747	0.00976824840292741	0.0110140558562181	0.00515439012693723	0.0108237968314422	0.0321981673404599	0.0194075451434538	0	0.0258185978006061	0.0104566899857066	0.0514378343127653	0.00987439868789682	0.0345671837560477	0.0145349631236408	0.00921178008347331	0.0235074113576895	0.0483091088798808	0.0248865533466263	0.00589215132865208	0.00854936697821486	0.0223948224286012	0.00802498363107423	0.0184679152927718	0.032932849510943	0.0327912149966397	0.0125520288681421	0.0218472465786934	0.0291748344379786	0.00906534482720969	0.00866618813592658	0.0111475574695656	0.00691095335212623	0.0184899124684356	0.0226151447894593	0.00597576364601726	0.00925148045780145	0.0106543505340638	0.0148693737194758	0.0274469448130695	0.013390279276547	0.0182832239054174	0.0110461280414222	0.0122230027485506	0.0286187351142994	0.00826989640059975	0.0345813318450583	0.0154180396315744	0.0179762524209839	0.024145394414201	0.00917612737635559	0.0157188239253571	0.0132003150035765	0.0133827862340359	0.0276082045998523	0.0286695136440036	0.0329495176299551	0.00558550761865222	0.0212048840635798	0.0171795654835526	0.0180048342330305	0.0312608405404779	0.012835835559444	0.0211887893952246	0.00720908885700261	0.059713931111966	0.0287204191413764	0.0129295023588305	0.00775674628706014	0.0171645854082294	0.00722263945589597	0.0291811177609648	0.0274787351284702	0.0180625621882135	0.00683341165604668	0.0304954826324095	0.0235480229497794	0.0137613054050267	0.0127794095385132
HT29_G1_4A_3	0.0410651917061718	0.0508582585707289	0.0275759191722872	0.0310756135994747	0.0214004686676125	0.0222262936486042	0.0346203829597031	0.0336191863614829	0.0222326824825799	0.0243266786445218	0.0574869057464638	0.0436318860582006	0.0258185978006061	0	0.035586978941333	0.0748269034161003	0.022024748888139	0.0589481329930551	0.0399352354170148	0.0341180735380923	0.0491354882818555	0.0253796301646702	0.0496456857606287	0.0292037307627519	0.0282260336157152	0.0464719533903262	0.0271646590479278	0.0075246003802171	0.0118339418869633	0.0579352234351079	0.035682953814936	0.0471077847180559	0.0535154921477497	0.0312561354710064	0.0257603862601575	0.0326259067434908	0.0268719386820353	0.00860206882444915	0.00830575775293563	0.0298335237457779	0.0229513515799565	0.0338049282074303	0.0199328707249195	0.0525763539540119	0.0371572707504217	0.0113221212132331	0.01722821578543	0.0141805896665723	0.053681056660937	0.0221295613766586	0.0121518427901944	0.0373071528209813	0.013265008365451	0.0489454991792448	0.0168611873810401	0.0372920058100062	0.0236907430439464	0.0367401317650395	0.0522937382244696	0.00860217867232913	0.0108919720745382	0.0281015642252979	0.0145223162944981	0.0424445869676336	0.0131836691039447	0.0562681394708616	0.0144854935091429	0.0462701022923521	0.0215313314874398	0.0346396351059837	0.00958949081189231	0.0369632875742823	0.0318659876509725	0.0153953830765162	0.0272337820261205	0.00601772266377852	0.00529683556494184	0.0151151052570745	0.0271080520725344	0.0556386609490734	0.0491604136430972	0.0207611420804578	0.0374584650544013
HT29_G1_4B_1	0.0145490228198803	0.017962247221367	0.0106897439364675	0.0119012724312558	0.0151135069000454	0.0162150293840976	0.00739804707470492	0.00997080491178484	0.0138549632248428	0.0192542570957083	0.0233922134866109	0.012913794632765	0.0104566899857066	0.035586978941333	0	0.0459660653768237	0.0163344711504176	0.0279838372934302	0.00946962440431965	0.0026110382898079	0.014859089661723	0.0565109408348901	0.0173185977093587	0.00724386207552864	0.014407521127067	0.0166565600890007	0.0100835988155101	0.0283493018964878	0.0414390737021251	0.0244863875651098	0.0118897135333889	0.0128115400167198	0.0235133685417902	0.0113100347336667	0.0148576170409322	0.0081087153531451	0.0136944651164288	0.0282627125855328	0.0311187913257051	0.00743744707990104	0.0149765409389113	0.00706127060588489	0.0212039139923171	0.0189006591809677	0.00690999901080496	0.0267133545775851	0.0192609729804124	0.0219091012592042	0.0197352226467315	0.0154626908278792	0.0431422221543614	0.0159854726507674	0.0257350567132493	0.0165427234890889	0.0193411344484159	0.0157540876308101	0.0171736038434322	0.0117331969398711	0.0209107557389302	0.037146521509229	0.0415813016123168	0.0107559236708203	0.0282872679493476	0.0108397403608062	0.0257378768289121	0.023199094137514	0.0221310720164173	0.0138283193207365	0.015075794886006	0.068638812105791	0.0369907158310825	0.00941256509493673	0.00708536784033642	0.0245895925453418	0.010319028532802	0.038488929009504	0.0368212195763872	0.0251099192223907	0.00979894258683219	0.0232847998224888	0.0150607482982906	0.0190766141109609	0.00752867866395011
HT29_G1_4B_2	0.0347317170085299	0.0305628723115201	0.0487216762828411	0.0463170619606573	0.056853028191162	0.0565820058444625	0.0427105159217786	0.0453574316707391	0.0555338517297173	0.0512615949349093	0.028281650526252	0.0364101767031276	0.0514378343127653	0.0748269034161003	0.0459660653768237	0	0.0575925770106121	0.0231797659930725	0.0379365833820143	0.0467221220110845	0.0330982248097034	0.0987689354874483	0.0319613792997682	0.0505796168420476	0.0486169912181217	0.0350636398478257	0.0554456624154682	0.0680118968258866	0.0830666177294136	0.0264777125603688	0.0430850314368778	0.0363528648989123	0.0246935172705788	0.0456855522332648	0.0534721970115281	0.0512858258453636	0.0493927105328848	0.0675873615300388	0.0735667282130521	0.0487106239927391	0.0572756575647919	0.0468109014902689	0.0636312951172203	0.0306342115999369	0.0449571598843684	0.0685820865805499	0.061359065857561	0.0620353453639988	0.03197913579528	0.056181426324075	0.0844241074702794	0.0378048009984851	0.068382941261488	0.0318624025236866	0.0587946971714639	0.0393813332596937	0.0604971789147283	0.0399875073550505	0.0262471710603197	0.0790771194059866	0.0830956850469434	0.0497370801744407	0.0716580003817421	0.0355832517087398	0.0685602092512009	0.0276380013920904	0.0622152884690795	0.0344885309243681	0.0564784426307231	0.109214478190744	0.0791061949448958	0.0431049271782395	0.0479955459101811	0.0673513157097347	0.0529425118157329	0.0787292049195316	0.0766893898756149	0.0687489821589175	0.0535107468311617	0.0249236662459294	0.0329095240823229	0.0637724362253257	0.0413809104178794
HT29_G1_4B_3	0.0245242197095021	0.0303344307907847	0.0122650128107734	0.015680007263019	0.0097001923535733	0.00225676889379964	0.0154385587555524	0.0130897621393764	0.00837628374380554	0.0159031105733576	0.0367336095896679	0.0235269304814877	0.00987439868789682	0.022024748888139	0.0163344711504176	0.0575925770106121	0	0.0414831551543891	0.0224816503255266	0.0151038497729201	0.0299820823028896	0.043762768976315	0.0303345352273033	0.010582068657399	0.0165330118345381	0.029921164648216	0.00969580722894136	0.0158044199416522	0.0288385199335099	0.0383554359659369	0.0215458959680086	0.0274969136322524	0.0364708004379036	0.0122850072925209	0.0155733089653529	0.01521081758683	0.0136826521111525	0.0164723894549539	0.0179440484586186	0.0101304540560705	0.00322066630198352	0.0128291658769841	0.0146538665204817	0.0321178067342406	0.0176904567053965	0.0137687303007957	0.00592456112079531	0.0106531516810243	0.0326432997756744	0.00500784118723433	0.0282774378448369	0.0219443612360987	0.0113422665278218	0.0286239370680195	0.00883639302158972	0.0198119387197353	0.00573925622987043	0.0176901995674234	0.0330293630896502	0.0228237565733649	0.0284338937196577	0.0139402939785164	0.0170297537302386	0.0234013182223876	0.0121891484595255	0.0370711229922779	0.00787740658857533	0.0278457703903942	0.00483229163060906	0.0549050231877218	0.0228832819809233	0.0209803504965443	0.015808230249863	0.0145156668791294	0.00798892391573138	0.0244261411486903	0.023570145411597	0.0133108309480999	0.00810246414588094	0.0374904443155268	0.0302174424197684	0.0112532973896956	0.0171118572553871
HT29_G1_4C_1	0.0188814485515216	0.0166825832596918	0.031992408092073	0.028156785286971	0.0387522885467647	0.0411066015018647	0.0265010681985264	0.0311124052910419	0.0378124412079711	0.035597399148947	0.0177941595202081	0.0195482498720002	0.0345671837560477	0.0589481329930551	0.0279838372934302	0.0231797659930725	0.0414831551543891	0	0.0207070615229578	0.0282469057346049	0.0142723765081883	0.0807892855373544	0.0126265684059443	0.0323560752458161	0.0310456590943242	0.0135616390644218	0.0370380754542133	0.0520486122115592	0.0651296857516932	0.00909362006305113	0.0242282911793805	0.0168241753720037	0.00671042717662119	0.0314779907421594	0.0345887435330431	0.0312891037837973	0.0321064775257222	0.050791102343283	0.0564447490718009	0.0315580930277838	0.0401467904200609	0.0296456828074632	0.0441121247906359	0.0148206532793359	0.0256314776753307	0.0509544442560732	0.0443192142646489	0.0451097652721563	0.0199772299232455	0.0390453036580291	0.0683070071441151	0.0233710455933364	0.051493183682867	0.0163302661677606	0.0426666402660963	0.0284386468946563	0.0432470383308387	0.0262104358516012	0.0117037064459233	0.062372234799873	0.0654992033182243	0.0314421858176812	0.052925616094426	0.0187281620311787	0.0510489159544447	0.00813910092138966	0.0464231654989709	0.0143336734866368	0.0393382883822853	0.0926451302048097	0.0618942088813764	0.0232177020215871	0.028904858710615	0.0485909666951913	0.0349294103553255	0.0631773101005862	0.0597770245176215	0.0504628800925456	0.0354067002098963	0.00617322455578641	0.0138890101445246	0.0448681742591711	0.0256342680910576
HT29_G1_4C_2	0.00614299243386328	0.0143273197822161	0.0124029518492104	0.0117781435115617	0.019893528049177	0.0218089011264349	0.00785915094502044	0.0130838182724837	0.0186968490513208	0.0186468621119304	0.0200951476176705	0.0106280194317545	0.0145349631236408	0.0399352354170148	0.00946962440431965	0.0379365833820143	0.0224816503255266	0.0207070615229578	0	0.00987816072731231	0.0103212288242172	0.0623835659024703	0.0127851396758199	0.0136633163501318	0.0137195286174697	0.0104569819226849	0.0181640692101257	0.0326283815754591	0.0468933455278334	0.0195254316641325	0.0080300775152996	0.0106536727981795	0.0151841729657878	0.0128832312612055	0.0170909992828269	0.0149656633753062	0.0143205587616259	0.0322258433882837	0.037067527471588	0.0126957787161983	0.0215462672586469	0.0126962368785633	0.0267728634832526	0.0154803389964102	0.0109837734078216	0.0323564575749079	0.025161985919757	0.0262004985503364	0.0177251743916887	0.0207016253715275	0.049064382855557	0.00978476242857253	0.0322348393926906	0.0128902480832515	0.0232217599450281	0.0128378366643538	0.0249167023695961	0.00983496948060735	0.0146907432201931	0.0431516722571118	0.0470715363191206	0.0128769437734608	0.0347537152772351	0.00520441164446691	0.0321499182221194	0.0180404236603189	0.0270087099125453	0.00851960630978003	0.0204801203186925	0.0739488101175829	0.0430700759827808	0.00746304903292987	0.0104500021502193	0.0304884340787847	0.016796107707964	0.0435653077484699	0.0414404311571916	0.0318350212897103	0.0168786159420952	0.0161555169790417	0.0101573754464668	0.0264024430559588	0.00866962024698843
HT29_G1_4C_3	0.0142952151034152	0.0189132938006108	0.00926466372438619	0.00970212898440713	0.0132698170962077	0.0151730532966472	0.00686293623927013	0.010139167712897	0.0120619481619926	0.0175010351369428	0.0248415642687467	0.0128157156129186	0.00921178008347331	0.0341180735380923	0.0026110382898079	0.0467221220110845	0.0151038497729201	0.0282469057346049	0.00987816072731231	0	0.0158029877126964	0.0550350447328869	0.0174783422336767	0.00518795551849657	0.0125944999607066	0.0163278560857508	0.00894692375113559	0.0269905798564526	0.0397923770890462	0.0251300072812078	0.010812584283471	0.0134273427449712	0.0238136596747167	0.0108841153381335	0.0128819019468559	0.00616732556654596	0.0117062714677515	0.026563333755069	0.0297814830370646	0.00581424875985232	0.0134383957110557	0.00598154118010897	0.0192323536128618	0.0197434877301258	0.00546034868843267	0.0250157498395512	0.0177364596345512	0.0202138861860096	0.0212539790001429	0.0135867017207393	0.0418365504150473	0.0151861478827517	0.0244162568286957	0.0171405433527563	0.0178928878266088	0.0160554745885717	0.0159932869753766	0.0116851919839775	0.0214177188272697	0.0357910073559232	0.0399696504515756	0.00881298247093642	0.0266266156160963	0.0112301354358535	0.0242312375149798	0.0236724336921314	0.0207740931391026	0.0139868594815526	0.013331743035239	0.0672209448182854	0.0354995732082113	0.00822342762666875	0.00527906545477749	0.0227986642936823	0.00835221975084771	0.0372833872476283	0.035118515289272	0.0235668996802777	0.00803911631088189	0.0239571222416706	0.0159696792307435	0.0176176791622832	0.00784431221899034
HT29_G1_4F_2	0.0126771629042934	0.00864880931206584	0.0218744323953572	0.0196946018193526	0.0282582134491194	0.0296757595505652	0.015543075804396	0.0195191664103851	0.0271256255291412	0.0282574375366006	0.0122351963764789	0.0101560424484164	0.0235074113576895	0.0491354882818555	0.014859089661723	0.0330982248097034	0.0299820823028896	0.0142723765081883	0.0103212288242172	0.0158029877126964	0	0.070523849447893	0.00637129581956984	0.020679134875736	0.0229915576056515	0.00917163459838595	0.024602353986886	0.0419056056473019	0.0551549619688527	0.0103114604107641	0.0162097787243812	0.00425883307014324	0.0114473256723651	0.0208924434385704	0.0254950000139506	0.0196280089642396	0.0234202636828354	0.0413097889588272	0.04543634846354	0.0200535975863518	0.0286700481233787	0.0177485438323371	0.0339775165961238	0.00747906768467948	0.0141098366982584	0.040487276592354	0.0332314509795289	0.0351054051216059	0.0110860157319159	0.028426367316908	0.057449968835281	0.0176313380252858	0.0400885274682295	0.0080353521882818	0.032445090456901	0.0198188644799744	0.0311160738320413	0.0165205009976345	0.00954211573696742	0.0514578733217619	0.0554142344379277	0.0216077671246356	0.0421284438045537	0.00816314774802265	0.0399216751118606	0.00914475043554733	0.0357539909832184	0.00483536721839927	0.0284733674720628	0.082682064232013	0.0511576347878503	0.0138012710686717	0.0179935763122337	0.0381209231699087	0.0235025043997969	0.0525915136370879	0.0502258021235943	0.0392538380525604	0.0236085441157489	0.0091457433667609	0.000750496547924674	0.0331960738291915	0.0138903883377776
HT29_G1_4F_3	0.0643366092786052	0.0731022541320294	0.0505250987288561	0.0531893379054996	0.0426483519600875	0.0446977632763911	0.0573925589474695	0.0565018820966365	0.0439661849733894	0.0480808924348515	0.0794147431937846	0.0656265514901239	0.0483091088798808	0.0253796301646702	0.0565109408348901	0.0987689354874483	0.043762768976315	0.0807892855373544	0.0623835659024703	0.0550350447328869	0.070523849447893	0	0.0711539059920172	0.0502531274575818	0.0506874085802144	0.0675612642212879	0.0467396950853292	0.0316692688547479	0.0158913353793919	0.0794026570390394	0.0573588950325815	0.0679421868834906	0.0760754625310378	0.0548378963617766	0.0465415206177837	0.0516922247699531	0.0496207851413355	0.0314480446930688	0.0262426929172347	0.0518001768066197	0.0438717171996267	0.0551880370417059	0.0371242936004304	0.0742362331698557	0.05762250715375	0.0308430130980228	0.0386690849460165	0.0369502404751501	0.0754273818076265	0.0439020281385342	0.0185226739543684	0.0611490513975605	0.0325635204051856	0.0710746329209196	0.0404748174864006	0.0616437110735551	0.042700945185953	0.0603147382876872	0.0750042378458203	0.0216003823325686	0.0159251184297588	0.0498671750319134	0.0288514438618589	0.0649457578323692	0.0317948688701288	0.0776189780879759	0.0378213795615853	0.0677068960062344	0.0434181883304951	0.0144637163862475	0.0211327213598675	0.0580055082644774	0.0527942011082851	0.0326185616714259	0.0480567362540108	0.0230601512493274	0.0226728999271711	0.0318889601507467	0.0476914627169317	0.077724294590785	0.0705698967082161	0.0379742637417309	0.0599163609926271
HT29_G1_5A_1	0.0126700625253593	0.00789844159364247	0.0228885326993551	0.0191458697588495	0.0290702772051244	0.0301875130834049	0.0161640391083165	0.0202495530932802	0.0279088002185693	0.028114491141745	0.0133233857601331	0.00764342610480972	0.0248865533466263	0.0496456857606287	0.0173185977093587	0.0319613792997682	0.0303345352273033	0.0126265684059443	0.0127851396758199	0.0174783422336767	0.00637129581956984	0.0711539059920172	0	0.0215866526371159	0.0234351253694698	0.00911921513744094	0.0261358878325792	0.0427377882201186	0.0555636707210049	0.00849096296060258	0.017571368849985	0.00600405186779875	0.0107714334806473	0.0213668831532083	0.0263630334651587	0.0205868858360217	0.0235053550188231	0.0417164902306038	0.0463043353793794	0.0206585822033876	0.0289250240074142	0.0178379288251505	0.0344592629588122	0.0061661238834955	0.0140792729344915	0.0408006783660943	0.0337485603658871	0.0355756533085144	0.0124971033242454	0.0283457143896405	0.0579016892236945	0.0168299183002394	0.0406872771882474	0.00581878068859389	0.0331655325833185	0.0202758717140082	0.0315381973054046	0.0165039817302858	0.0069263157695288	0.052020735799157	0.0557908312804087	0.0225455754889123	0.0426229463511649	0.00892433244218863	0.0403989367055722	0.00687469894913799	0.0362523965371865	0.00528835771064274	0.0287708476781583	0.0832249728083764	0.0515237852303101	0.015030277964038	0.0195760366942125	0.0386187297701965	0.0237943744275588	0.0534277703759731	0.0504204111413454	0.0398749698416156	0.0243244537555542	0.00961489946060567	0.00657244222528721	0.0342135449120282	0.0145617246101231
HT29_G1_5A_2	0.0169171917528612	0.0231113628322465	0.00699668215567499	0.00846639857841337	0.00858552728230151	0.0109478406732033	0.00852484961773154	0.0104411258272642	0.00725642951894019	0.0144833567858159	0.0294597577027105	0.0161306110577901	0.00589215132865208	0.0292037307627519	0.00724386207552864	0.0505796168420476	0.010582068657399	0.0323560752458161	0.0136633163501318	0.00518795551849657	0.020679134875736	0.0502531274575818	0.0215866526371159	0	0.0107431261312304	0.0200376914200661	0.00554609544242658	0.0222452415177395	0.0348906947451694	0.0296296874106094	0.0124379855415767	0.0181634434141871	0.027730376226898	0.0101255830834087	0.0100146912494609	0.00592701833492035	0.00893830092752775	0.0216800856174283	0.0249396604781693	0.00332809987501816	0.00861598342546088	0.00646994137220462	0.0148145005278431	0.0241676362181322	0.00838855432146609	0.0199481911084461	0.0126965929251289	0.0152889618612977	0.0257418030740925	0.00851861618510248	0.0368903444348204	0.0161768471762237	0.0195233925550759	0.0211528003640174	0.0132744462943631	0.0170492843041416	0.0117882355060975	0.0130841058000206	0.025366368149035	0.0308519366272246	0.0350128311599617	0.00655849843720921	0.021845718648462	0.0151607080069298	0.0192527974036262	0.028092671620845	0.0159231679509068	0.0183138550431055	0.0082342982836203	0.0623282970576991	0.0305063671317259	0.0108733305825527	0.00581374636552577	0.0179951624173411	0.00356113091618345	0.0324754642811399	0.030090558989005	0.0187461667025826	0.00328532850105919	0.0284276817053055	0.0208269980636386	0.0132610822261713	0.010588877626696
