	HT29_G1_1B	HT29_G1_2A	HT29_G1_3E	HT29_G1_3F	HT29_G1_4A	HT29_G1_4B	HT29_G1_4C	HT29_G1_4F	HT29_G1_5A	HT29_G1_5B	HT29_G1_5C	HT29_G1_5D	HT29_G1_5E	HT29_G1_5F	HT29_G2_4G	HT29_G2_4H	HT29_G2_5A	HT29_G2_5B	HT29_G2_5E	HT29_G2_5F	HT29_G2_5G	HT29_G2_5H	HT29_G2_6A	HT29_G2_6B	HT29_G2_6C	HT29_G2_6D	HT29_G2_6E	HT29_G2_6F	HT29_G2_6G	HT29Root1	HT29Root2
HT29_G1_1B	0	0.0124997921687187	0.0143933315686687	0.00736774439083364	0.0126644741866696	0.00312349434527993	0.00680821581101809	0.0053118097465087	0.00948560948628347	0.0060185687559621	0.00512137406446423	0.0137686298045911	0.0163369818294487	0.0131848683448489	0.00756614527398381	0.00863568285544371	0.00523454574817574	0.0196949598509281	0.00275168039337247	0.0168771072365118	0.00778262257597867	0.00781870075454442	0.0169794123484757	0.0111812432177911	0.0129157234378536	0.0118909817088034	0.0133677834146663	0.0121089389165609	0.00668400925931475	0.0146957196703318	0.0177578916653316
HT29_G1_2A	0.0124997921687187	0	0.00488728838184909	0.00982006862311741	0.00917360341318138	0.00983493565538895	0.0109402108520661	0.00837685898721928	0.00516515161685112	0.0073174461662355	0.0131707616609022	0.00703317252425527	0.00787654921717744	0.00280143899384581	0.00506360572759996	0.00440203496150069	0.0108883894256687	0.00768289032833929	0.012535001799867	0.00453244490829861	0.00759764420770733	0.0047724662867487	0.00455959897308648	0.00997972019267125	0.00254994704175703	0.0167520934367212	0.00442585843357243	0.00331974960994271	0.00982983979818906	0.0024384658074351	0.00533433864568659
HT29_G1_3E	0.0143933315686687	0.00488728838184909	0	0.00907494440808521	0.00574586198232121	0.0113101480204499	0.0103327260120434	0.00924271970426841	0.00494277874212867	0.00839160838228937	0.0132257795798217	0.00282641195227908	0.00299377659791579	0.00210862003101392	0.00720265980164035	0.00594889819952644	0.0109802325674732	0.0100028637174037	0.0134672938791472	0.00469885602425736	0.00722350146065428	0.00706195064684871	0.00506190994839612	0.00733486313903469	0.00240391307993344	0.014728937914874	0.00102562509253921	0.00245809395989138	0.0094207052245887	0.00377245453535776	0.00555477711531165
HT29_G1_3F	0.00736774439083364	0.00982006862311741	0.00907494440808521	0	0.00550819289842086	0.00469834998739138	0.00125797984733735	0.00307946228245838	0.00475668863465601	0.00361206251994093	0.00425772338514319	0.00739201514832014	0.0100523203230286	0.00885330382081491	0.00571911376551479	0.00561159326267651	0.00232111655619067	0.017435304776944	0.00526615663863385	0.0130308946459464	0.00222254175430032	0.00598980371482507	0.0132827651051957	0.00383038326959252	0.00872257439553465	0.00722154128659312	0.00816468576133355	0.00756016500659134	0.000685056161904216	0.0111012092834671	0.0139815242307202
HT29_G1_4A	0.0126644741866696	0.00917360341318138	0.00574586198232121	0.00550819289842086	0	0.00968651784541651	0.00654422582869808	0.00755487414128911	0.00503861474182934	0.00731578271042505	0.00959588227895854	0.00301149842483662	0.0052350059831177	0.00684105751748285	0.00791656708029528	0.00690542120211326	0.00782858391297298	0.0156603675998566	0.0107654934163102	0.0104362847991612	0.00505663438639961	0.00800842533284539	0.010790515881431	0.00203490383959836	0.00692422272197113	0.00922087489234262	0.00532950426571425	0.00588258548165419	0.00613866065783217	0.00917189188134111	0.0113003889592976
HT29_G1_4B	0.00312349434527993	0.00983493565538895	0.0113101480204499	0.00469834998739138	0.00968651784541651	0	0.00453762482605277	0.00219961846808879	0.00638183139873787	0.00291867941927058	0.00438910972441178	0.0106512132830514	0.0132138325246102	0.0102061484583993	0.00477567465466153	0.00569480664313489	0.00310449485948408	0.0173150703711271	0.00281978498539115	0.0140512467969604	0.00470560651369697	0.00506280558864091	0.0141869376107128	0.00836717751422825	0.00995292289970682	0.0106381514360769	0.0102855292791991	0.00907827316342639	0.00403218031126967	0.0118834267906038	0.0149595486984369
HT29_G1_4C	0.00680821581101809	0.0109402108520661	0.0103327260120434	0.00125797984733735	0.00654422582869808	0.00453762482605277	0	0.00347593014376761	0.00595353165647214	0.00426988882055659	0.00307256430322643	0.00860346686501436	0.0112554434335506	0.0100851743118043	0.00657556305767732	0.00664049425651832	0.00157527011601591	0.0185891949111243	0.00442510130419844	0.0142618398190631	0.0033815894982893	0.00686512813584179	0.0145075848678054	0.00470316863244365	0.00994588094171869	0.00648618069722466	0.00942183054642247	0.00879264020260859	0.00112058144883749	0.0123079671154982	0.0152127971835102
HT29_G1_4F	0.0053118097465087	0.00837685898721928	0.00924271970426841	0.00307946228245838	0.00755487414128911	0.00219961846808879	0.00347593014376761	0	0.00430141989131907	0.00106102624786231	0.0048495240996669	0.00845706390816712	0.0110346427581236	0.00831849832963116	0.00345989375757178	0.00400332447749183	0.00269191349999159	0.016028047177237	0.00430424922307344	0.0123237332500979	0.00252275350223057	0.00376901431547722	0.0124976164927494	0.00638961349194677	0.00809260931894432	0.00995919579633449	0.00822470689402031	0.0071210196194647	0.00254917244834017	0.0101987419194946	0.0132558679224775
HT29_G1_5A	0.00948560948628347	0.00516515161685112	0.00494277874212867	0.00475668863465601	0.00503861474182934	0.00638183139873787	0.00595353165647214	0.00430141989131907	0	0.00346746665851548	0.00855851584319879	0.00459623913802313	0.00696055524766397	0.00418731975402683	0.00298346430094021	0.00187030119831738	0.00625184914841739	0.0126961395406545	0.00855632979462288	0.00834174869524586	0.00257842013614892	0.00302135357812986	0.00857193485907307	0.00514081927516623	0.00401791116724776	0.0115892138631576	0.00392342591343658	0.00291599406849799	0.00489200938288194	0.00635497356322933	0.0092918898836161
HT29_G1_5B	0.0060185687559621	0.0073174461662355	0.00839160838228937	0.00361206251994093	0.00731578271042505	0.00291867941927058	0.00426988882055659	0.00106102624786231	0.00346746665851548	0	0.00590214627944213	0.00785346467958173	0.0103590045409206	0.00734741933913777	0.00242189093692685	0.00295586775702207	0.00370078950628104	0.0149671865718443	0.00530675697916334	0.0113049905980721	0.00231411785758391	0.00272932388213399	0.0114704062605625	0.00641864362570689	0.00710947867284468	0.0107328027518929	0.00736707699841963	0.00618374637696835	0.00322377239687889	0.00916798698847328	0.0122324446687805
HT29_G1_5C	0.00512137406446423	0.0131707616609022	0.0132257795798217	0.00425772338514319	0.00959588227895854	0.00438910972441178	0.00307256430322643	0.0048495240996669	0.00855851584319879	0.00590214627944213	0	0.0116495496720447	0.0143088341150823	0.0127452922674057	0.00830808582712574	0.00876923917657017	0.00231422840111811	0.020845187207369	0.00237188601595617	0.0168824180663891	0.00603653146197453	0.00861738657067209	0.017094400999991	0.00769356182445983	0.012566824927448	0.0067706244697092	0.0122734720831265	0.0114714874537397	0.00381353999916862	0.014829245538295	0.0178295441188626
HT29_G1_5D	0.0137686298045911	0.00703317252425527	0.00282641195227908	0.00739201514832014	0.00301149842483662	0.0106512132830514	0.00860346686501436	0.00845706390816712	0.00459623913802313	0.00785346467958173	0.0116495496720447	0	0.00266553481345418	0.00435424385305964	0.00750197284897336	0.00626157109565497	0.00957309224094528	0.01282758998408	0.0123468449672854	0.00751569843288818	0.00604294252101825	0.00747536910361174	0.00788366066469519	0.00482489596294418	0.00453143717334343	0.0121892630006887	0.00268880823784557	0.00379240483143402	0.00788651625734037	0.00648861176936467	0.00834908912666908
HT29_G1_5E	0.0163369818294487	0.00787654921717744	0.00299377659791579	0.0100523203230286	0.0052350059831177	0.0132138325246102	0.0112554434335506	0.0110346427581236	0.00696055524766397	0.0103590045409206	0.0143088341150823	0.00266553481345418	0	0.00510130611470702	0.00967306811990716	0.00839805967844829	0.012238014852716	0.0120657505159839	0.0149978652483163	0.00670466662743846	0.00867420096794438	0.00958965241404526	0.00710100185174771	0.00722977207548429	0.00539104562789773	0.0144028607481138	0.00369369182643751	0.00521421582998988	0.0105518605586078	0.00648753196211905	0.00733919297220769
HT29_G1_5F	0.0131848683448489	0.00280143899384581	0.00210862003101392	0.00885330382081491	0.00684105751748285	0.0102061484583993	0.0100851743118043	0.00831849832963116	0.00418731975402683	0.00734741933913777	0.0127452922674057	0.00435424385305964	0.00510130611470702	0	0.00569807172318678	0.00455032248153612	0.0104369026103244	0.00895349267454482	0.0126222082811051	0.004177823949491	0.00674544041995798	0.00549838824485267	0.00443641159888736	0.00802354780275645	0.000322871346746641	0.01522640791043	0.00167302420649597	0.00129318062818571	0.00905514682571049	0.0023968428852744	0.00512861156314427
HT29_G2_4G	0.00756614527398381	0.00506360572759996	0.00720265980164035	0.00571911376551479	0.00791656708029528	0.00477567465466153	0.00657556305767732	0.00345989375757178	0.00298346430094021	0.00242189093692685	0.00830808582712574	0.00750197284897336	0.00967306811990716	0.00569807172318678	0	0.00127588505383936	0.00612243741921616	0.0126285959353723	0.00748004537881052	0.009320427442664	0.00377508889583857	0.000309392569101065	0.00943737661627535	0.00761722693013355	0.00540951092943929	0.012939154774711	0.00620831227871176	0.00476855525768057	0.00547589824951077	0.00714169325094327	0.0102136518589032
HT29_G2_4H	0.00863568285544371	0.00440203496150069	0.00594889819952644	0.00561159326267651	0.00690542120211326	0.00569480664313489	0.00664049425651832	0.00400332447749183	0.00187030119831738	0.00295586775702207	0.00876923917657017	0.00626157109565497	0.00839805967844829	0.00455032248153612	0.00127588505383936	0	0.00648846681243668	0.012081711738144	0.0082505293532704	0.00837311241178952	0.00344606621299987	0.00121393340454968	0.0085266648493747	0.00685868415371396	0.00428053454491494	0.0127702712539567	0.00494631422435355	0.0035373284266073	0.00552013268119519	0.00622170971346778	0.00929298664865949
HT29_G2_5A	0.00523454574817574	0.0108883894256687	0.0109802325674732	0.00232111655619067	0.00782858391297298	0.00310449485948408	0.00157527011601591	0.00269191349999159	0.00625184914841739	0.00370078950628104	0.00231422840111811	0.00957309224094528	0.012238014852716	0.0104369026103244	0.00612243741921616	0.00648846681243668	0	0.0185692539687383	0.00295056464330304	0.0145692059244454	0.00376069111686398	0.00642934774724582	0.0147804445776397	0.00611579838350514	0.0102552600089441	0.00757902038375043	0.0100116274099887	0.009167092662893	0.0017098197718786	0.0125158976865177	0.0155160719000487
HT29_G2_5B	0.0196949598509281	0.00768289032833929	0.0100028637174037	0.017435304776944	0.0156603675998566	0.0173150703711271	0.0185891949111243	0.016028047177237	0.0126961395406545	0.0149671865718443	0.020845187207369	0.01282758998408	0.0120657505159839	0.00895349267454482	0.0126285959353723	0.012081711738144	0.0185692539687383	0	0.0200875491282324	0.00538963956694403	0.0152201690039514	0.0123236368778201	0.00499923214639108	0.016973034727067	0.00896730546551344	0.0241402079859569	0.0103351713920439	0.0101536631265741	0.0174875458791208	0.00655691867645736	0.00474167137163147
HT29_G2_5E	0.00275168039337247	0.012535001799867	0.0134672938791472	0.00526615663863385	0.0107654934163102	0.00281978498539115	0.00442510130419844	0.00430424922307344	0.00855632979462288	0.00530675697916334	0.00237188601595617	0.0123468449672854	0.0149978652483163	0.0126222082811051	0.00748004537881052	0.0082505293532704	0.00295056464330304	0.0200875491282324	0	0.0166113560588579	0.00634005276538048	0.00777944918949127	0.0167745645724157	0.00906415248936419	0.0123965048110631	0.00914236819461196	0.0124613942268052	0.0114166210418591	0.00462727467946168	0.0144708371881962	0.0175379433482822
HT29_G2_5F	0.0168771072365118	0.00453244490829861	0.00469885602425736	0.0130308946459464	0.0104362847991612	0.0140512467969604	0.0142618398190631	0.0123237332500979	0.00834174869524586	0.0113049905980721	0.0168824180663891	0.00751569843288818	0.00670466662743846	0.004177823949491	0.009320427442664	0.00837311241178952	0.0145692059244454	0.00538963956694403	0.0166113560588579	0	0.0109129834486034	0.00906008232147176	0.000396540185256244	0.0119246128903774	0.00432412365580747	0.0192604766795034	0.00520323192362135	0.00547098357134519	0.0132256191448507	0.0021819843535717	0.000951103154671491
HT29_G2_5G	0.00778262257597867	0.00759764420770733	0.00722350146065428	0.00222254175430032	0.00505663438639961	0.00470560651369697	0.0033815894982893	0.00252275350223057	0.00257842013614892	0.00231411785758391	0.00603653146197453	0.00604294252101825	0.00867420096794438	0.00674544041995798	0.00377508889583857	0.00344606621299987	0.00376069111686398	0.0152201690039514	0.00634005276538048	0.0109129834486034	0	0.00400685984056379	0.0111480887426483	0.00411803668602018	0.00658959659620315	0.00932453396269941	0.00625108440654104	0.00545912161182412	0.00231407959735679	0.00893191695665429	0.0118637213359557
HT29_G2_5H	0.00781870075454442	0.0047724662867487	0.00706195064684871	0.00598980371482507	0.00800842533284539	0.00506280558864091	0.00686512813584179	0.00376901431547722	0.00302135357812986	0.00272932388213399	0.00861738657067209	0.00747536910361174	0.00958965241404526	0.00549838824485267	0.000309392569101065	0.00121393340454968	0.00642934774724582	0.0123236368778201	0.00777944918949127	0.00906008232147176	0.00400685984056379	0	0.00917038509442294	0.00778153652676763	0.0052038813978666	0.013210886792741	0.00607904752917454	0.00461444158140048	0.00576166666939926	0.00687937218704054	0.00994766270927557
HT29_G2_6A	0.0169794123484757	0.00455959897308648	0.00506190994839612	0.0132827651051957	0.010790515881431	0.0141869376107128	0.0145075848678054	0.0124976164927494	0.00857193485907307	0.0114704062605625	0.017094400999991	0.00788366066469519	0.00710100185174771	0.00443641159888736	0.00943737661627535	0.0085266648493747	0.0147804445776397	0.00499923214639108	0.0167745645724157	0.000396540185256244	0.0111480887426483	0.00917038509442294	0	0.0122541381501668	0.00456201242518597	0.019574395644704	0.00553261851681013	0.00572739614769588	0.013461950988595	0.0023055870019816	0.000779272561445756
HT29_G2_6B	0.0111812432177911	0.00997972019267125	0.00733486313903469	0.00383038326959252	0.00203490383959836	0.00836717751422825	0.00470316863244365	0.00638961349194677	0.00514081927516623	0.00641864362570689	0.00769356182445983	0.00482489596294418	0.00722977207548429	0.00802354780275645	0.00761722693013355	0.00685868415371396	0.00611579838350514	0.016973034727067	0.00906415248936419	0.0119246128903774	0.00411803668602018	0.00778153652676763	0.0122541381501668	0	0.00803448860551955	0.00740124237429806	0.00672236506388564	0.00687960098317795	0.00450663000074315	0.0104180459915499	0.0128294210746404
HT29_G2_6C	0.0129157234378536	0.00254994704175703	0.00240391307993344	0.00872257439553465	0.00692422272197113	0.00995292289970682	0.00994588094171869	0.00809260931894432	0.00401791116724776	0.00710947867284468	0.012566824927448	0.00453143717334343	0.00539104562789773	0.000322871346746641	0.00540951092943929	0.00428053454491494	0.0102552600089441	0.00896730546551344	0.0123965048110631	0.00432412365580747	0.00658959659620315	0.0052038813978666	0.00456201242518597	0.00803448860551955	0	0.0151846691555213	0.00188025398823557	0.0011944595507402	0.00890292775693307	0.0024296808784824	0.00527460568972858
HT29_G2_6D	0.0118909817088034	0.0167520934367212	0.014728937914874	0.00722154128659312	0.00922087489234262	0.0106381514360769	0.00648618069722466	0.00995919579633449	0.0115892138631576	0.0107328027518929	0.0067706244697092	0.0121892630006887	0.0144028607481138	0.01522640791043	0.012939154774711	0.0127702712539567	0.00757902038375043	0.0241402079859569	0.00914236819461196	0.0192604766795034	0.00932453396269941	0.013210886792741	0.019574395644704	0.00740124237429806	0.0151846691555213	0	0.0140676675163768	0.0139931286212802	0.00751099651713994	0.0176113985701818	0.0201807130780559
HT29_G2_6E	0.0133677834146663	0.00442585843357243	0.00102562509253921	0.00816468576133355	0.00532950426571425	0.0102855292791991	0.00942183054642247	0.00822470689402031	0.00392342591343658	0.00736707699841963	0.0122734720831265	0.00268880823784557	0.00369369182643751	0.00167302420649597	0.00620831227871176	0.00494631422435355	0.0100116274099887	0.0103351713920439	0.0124613942268052	0.00520323192362135	0.00625108440654104	0.00607904752917454	0.00553261851681013	0.00672236506388564	0.00188025398823557	0.0140676675163768	0	0.00153153500537779	0.00848027886320504	0.0038573611983799	0.00611522343569298
HT29_G2_6F	0.0121089389165609	0.00331974960994271	0.00245809395989138	0.00756016500659134	0.00588258548165419	0.00907827316342639	0.00879264020260859	0.0071210196194647	0.00291599406849799	0.00618374637696835	0.0114714874537397	0.00379240483143402	0.00521421582998988	0.00129318062818571	0.00476855525768057	0.0035373284266073	0.009167092662893	0.0101536631265741	0.0114166210418591	0.00547098357134519	0.00545912161182412	0.00461444158140048	0.00572739614769588	0.00687960098317795	0.0011944595507402	0.0139931286212802	0.00153153500537779	0	0.00776618681308507	0.00362403113199318	0.0064217301330293
HT29_G2_6G	0.00668400925931475	0.00982983979818906	0.0094207052245887	0.000685056161904216	0.00613866065783217	0.00403218031126967	0.00112058144883749	0.00254917244834017	0.00489200938288194	0.00322377239687889	0.00381353999916862	0.00788651625734037	0.0105518605586078	0.00905514682571049	0.00547589824951077	0.00552013268119519	0.0017098197718786	0.0174875458791208	0.00462727467946168	0.0132256191448507	0.00231407959735679	0.00576166666939926	0.013461950988595	0.00450663000074315	0.00890292775693307	0.00751099651713994	0.00848027886320504	0.00776618681308507	0	0.0112430235342955	0.0141764618293052
HT29Root1	0.0146957196703318	0.0024384658074351	0.00377245453535776	0.0111012092834671	0.00917189188134111	0.0118834267906038	0.0123079671154982	0.0101987419194946	0.00635497356322933	0.00916798698847328	0.014829245538295	0.00648861176936467	0.00648753196211905	0.0023968428852744	0.00714169325094327	0.00622170971346778	0.0125158976865177	0.00655691867645736	0.0144708371881962	0.0021819843535717	0.00893191695665429	0.00687937218704054	0.0023055870019816	0.0104180459915499	0.0024296808784824	0.0176113985701818	0.0038573611983799	0.00362403113199318	0.0112430235342955	0	0.00307632525824354
HT29Root2	0.0177578916653316	0.00533433864568659	0.00555477711531165	0.0139815242307202	0.0113003889592976	0.0149595486984369	0.0152127971835102	0.0132558679224775	0.0092918898836161	0.0122324446687805	0.0178295441188626	0.00834908912666908	0.00733919297220769	0.00512861156314427	0.0102136518589032	0.00929298664865949	0.0155160719000487	0.00474167137163147	0.0175379433482822	0.000951103154671491	0.0118637213359557	0.00994766270927557	0.000779272561445756	0.0128294210746404	0.00527460568972858	0.0201807130780559	0.00611522343569298	0.0064217301330293	0.0141764618293052	0.00307632525824354	0
