	HT29_G1_1B_1	HT29_G1_1B_2	HT29_G1_1B_3	HT29_G1_2A_1	HT29_G1_2A_2	HT29_G1_2A_3	HT29_G1_3E_1	HT29_G1_3E_2	HT29_G1_3E_3	HT29_G1_3F_1	HT29_G1_3F_2	HT29_G1_3F_3	HT29_G1_4A_1	HT29_G1_4A_2	HT29_G1_4A_3	HT29_G1_4B_1	HT29_G1_4B_2	HT29_G1_4B_3	HT29_G1_4C_1	HT29_G1_4C_2	HT29_G1_4C_3	HT29_G1_4F_1	HT29_G1_4F_2	HT29_G1_4F_3	HT29_G1_5A_1	HT29_G1_5A_2	HT29_G1_5A_3	HT29_G1_5B_1	HT29_G1_5B_2	HT29_G1_5B_3	HT29_G1_5C_1	HT29_G1_5C_2	HT29_G1_5C_3	HT29_G1_5D_1	HT29_G1_5D_3	HT29_G1_5E_1	HT29_G1_5E_2	HT29_G1_5E_3	HT29_G1_5F_1	HT29_G1_5F_2	HT29_G1_5F_3	HT29_G2_4G_1	HT29_G2_4G_2	HT29_G2_4H_1	HT29_G2_4H_2	HT29_G2_4H_3	HT29_G2_5A_1	HT29_G2_5A_2	HT29_G2_5A_3	HT29_G2_5B_2	HT29_G2_5E_1	HT29_G2_5E_2	HT29_G2_5F_1	HT29_G2_5F_3	HT29_G2_5G_1	HT29_G2_5G_2	HT29_G2_5G_3	HT29_G2_5H_1	HT29_G2_5H_2	HT29_G2_5H_3	HT29_G2_6A_1	HT29_G2_6A_2	HT29_G2_6A_3	HT29_G2_6B_1	HT29_G2_6B_2	HT29_G2_6B_3	HT29_G2_6C_2	HT29_G2_6C_3	HT29_G2_6D_1	HT29_G2_6D_2	HT29_G2_6D_3	HT29_G2_6E_1	HT29_G2_6E_2	HT29_G2_6E_3	HT29_G2_6F_1	HT29_G2_6F_2	HT29_G2_6F_3	HT29_G2_6G_1	HT29_G2_6G_2	HT29_G2_6G_3	HT29Root1_1	HT29Root1_2	HT29Root2_1	HT29Root2_2	HT29Root2_3
HT29_G1_1B_1	0	0.0300445304930085	0.0368062368933831	0.0189090451915951	0.0177657506592768	0.0303103456052181	0.0153594165435815	0.00796004107056294	0.0305956601334814	0.0120380485710279	0.0252018214743331	0.0474252436045585	0.0071219003961545	0.0103823520480568	0.0238652918881874	0.00758506807230983	0.0288616715150101	0.0238168692654144	0.00120035775220124	0.00741815477737323	0.0196086455024365	0.00118201516734911	0.0163016233425726	0.0170829766908448	0.0213530118341427	0.00586419234116217	0.0226198747709816	0.0138957389783713	0.00543734464087927	0.0310184089430033	0.00505345656765326	0.00807650369487812	0.0264203817641763	0.00565700344387729	0.0278182767524388	0.00874550501832735	0.0167572672109207	0.0267882951245427	0.00622489032931421	0.016136410007624	0.028446127412342	0.0109439707211891	0.00932057451592476	0.0220576205048949	0.0214336324476176	0.0151680240745612	0.0248922046601074	0.0218209263542543	0.0357678035630649	0.0130426618236485	0.020962997326437	0.0237117165072184	0.0250231935981374	0.0362349225603597	0.00805770828925404	0.0339129381491904	0.028778874940994	0.0190838538254158	0.0166995157188836	0.0343669783323175	0.00294368626703182	1.03059329163043e-05	0.00879352836266111	0.00751135949897972	0.00787510846479156	0.034308219685347	0.00059090759899081	0.0235293210908373	0.0146154652491374	0.0125644387911696	0.0175791677667064	0.00293745376159302	0.00620583021894895	0.0182914136929686	0.00451387739312227	0.00164502870657308	0.0140425950235837	0.000579726033760839	0.00436732704803465	0.0294712079457106	0.00707981615871474	0.0169202968769686	0.00800370209608039	0.010428793388333	0.0316486933342534
HT29_G1_1B_2	0.0300445304930085	0	0.00676577980673724	0.0111388480480103	0.0122822582496511	0.000265945804422111	0.0146886988936756	0.0220872558483352	0.000551403270853693	0.0180099117589653	0.00484467489698194	0.0173944062697845	0.0229251962987518	0.0196654013772963	0.00618160967889917	0.022462141945362	0.0011834116522707	0.00623004587600311	0.03124430516775	0.0226290151632468	0.0104391561702114	0.0312259718160428	0.0137464724194132	0.0129650812624702	0.0086944924577382	0.0241825633720641	0.00742735142682856	0.0161523510655766	0.0354788924250676	0.000974368937385062	0.0249930536611199	0.0219708193315236	0.00362569364736153	0.0243896914455775	0.00222725488688438	0.038784813427692	0.0132908088759951	0.00325764349025299	0.0362659339045199	0.0139116912504196	0.00159913873939541	0.0191038624922375	0.0207270012179221	0.00798973558807513	0.00861385570806496	0.0148800919057802	0.00515439082881093	0.00822648132961518	0.00572661880148656	0.0170053821521482	0.00908458203721463	0.00633522784596889	0.00502336034435587	0.0061940605052581	0.021989610552108	0.00387054629036326	0.00126624514831138	0.0109640180161366	0.0133485632290145	0.00432487100308694	0.0329867105352011	0.0300548316056564	0.0212539461635461	0.0375515405335875	0.0221721691506902	0.00426607513533098	0.0294538941141232	0.00651767306960537	0.0154326457705049	0.0174835693247484	0.0124688560295583	0.0271083214375706	0.0238410229173853	0.0117565472588078	0.0345559932764352	0.0284002308301133	0.0160055006318034	0.0306239802907226	0.0256789597542974	0.000573596310823487	0.0229672699122153	0.0131277705578191	0.0220436046594169	0.0196189670080461	0.00160498790035917
HT29_G1_1B_3	0.0368062368933831	0.00676577980673724	0	0.0179038736383481	0.0190471547374586	0.00649984064613547	0.0214532928836757	0.0288506623735597	0.00621438971195372	0.0247740203662717	0.0116102400775426	0.0106293549090049	0.0296884442059109	0.0264292389396113	0.0129470846776922	0.0292254781067715	0.00794915537644489	0.0129955173584944	0.0380057180658715	0.029392319690814	0.0172042560871865	0.0379873892714185	0.0205111898042282	0.0197298961476861	0.0154597621655826	0.030945564176859	0.0141927304721162	0.0229167407993289	0.0422391930010098	0.00579143258084401	0.031755889426939	0.0287342475130725	0.0103913294444401	0.0311526505016968	0.00899295798101404	0.0455441638350602	0.0200555836510419	0.0100232984232646	0.0430260147328448	0.020676387457923	0.00836486726845434	0.0258677941488673	0.0274906548674346	0.0147550675641024	0.0153791327251927	0.0216446600545904	0.0119199363005887	0.014991792795016	0.00103918405849046	0.0237696458184953	0.0158498157126852	0.0131006916327156	0.0117889142414481	0.000571733029243821	0.0287530352449881	0.00289527681199867	0.00803198594917915	0.0177290625115875	0.0201133308125308	0.00244094961652615	0.039747680106299	0.0368165355270483	0.0280175056060707	0.0443112537148501	0.0289355598234454	0.00249974589566079	0.0362157414619948	0.0132831233132735	0.0221971378483814	0.0242477600670403	0.0192337305513927	0.0338707053340533	0.0306040919194012	0.0185215042798548	0.0413165463607942	0.0351623237971245	0.0227699115472453	0.0373855461411475	0.0324416523369981	0.00733935995602783	0.0297305097270931	0.0198925655048642	0.0288070193144431	0.0263828124349123	0.00516082380425889
HT29_G1_2A_1	0.0189090451915951	0.0111388480480103	0.0179038736383481	0	0.00114349536367847	0.011404775139103	0.00355016600655381	0.0109498548111991	0.0116902115317356	0.0068718082923995	0.00629435996389513	0.0285301175893012	0.0117879632793942	0.00852755997811193	0.0049574257581172	0.0113248150864505	0.00995550893932959	0.00490898917152283	0.0201091701232844	0.0114917218397494	0.000699736283040179	0.0200908312998317	0.00260784130829799	0.00182637666162121	0.0024444851022334	0.0130455974796465	0.0037116649044106	0.00501399150131647	0.0243451199480466	0.0121131440921458	0.0138562694673841	0.0108333955823375	0.00751332156669737	0.0132527712801145	0.00891171520057522	0.0276522399812102	0.00215213403003254	0.0078813621924588	0.025132436194117	0.00277307660430352	0.00953980318883303	0.007965928641436	0.00958934454624389	0.00314926593663766	0.00252512489826563	0.00374158025097681	0.00598464611397358	0.00291251281522834	0.0168648663978338	0.00586713519103272	0.00205437967668699	0.00480380625718843	0.00611567586127439	0.0173322406520703	0.0108521904578281	0.0150090340990934	0.0098726798663591	0.000174841676808467	0.00220989379018617	0.0154633040797701	0.0218521123992781	0.0189193492437486	0.0101163860024423	0.026418506033072	0.0110347847744983	0.0154045154432949	0.0183182422374095	0.00462135907535214	0.00429419783357617	0.00634538920483218	0.00133010852081557	0.0159720463736971	0.0127039826871713	0.00061774328003605	0.0234219071579143	0.0172642914171336	0.00486712254227624	0.0194886621651351	0.0145423351322377	0.0105652890842415	0.0118300455404234	0.00198908066113453	0.0109061950895261	0.00848111782564991	0.0127437095164154
HT29_G1_2A_2	0.0177657506592768	0.0122822582496511	0.0190471547374586	0.00114349536367847	0	0.0125481813872367	0.00240667585634687	0.00980642432266803	0.0128336134350828	0.00572833684121615	0.00743782637753661	0.0296730731153946	0.0106445436409229	0.00738410278122441	0.00610090245322639	0.0101813893502298	0.0110989356328246	0.00605246619699956	0.0189659024053616	0.0103482982720213	0.00184323085517353	0.0189475631598654	0.00146434827770278	0.000682882060775067	0.00358797507064004	0.0119021956650209	0.00485514916365357	0.00387050795604113	0.0232019598696779	0.0132565393647995	0.012712880119627	0.0096899636513942	0.00865677664367107	0.0121093725787455	0.0100551549542097	0.0265091778586193	0.00100863999335987	0.00902481347718516	0.0239892983361186	0.00162958400089629	0.0106832352503563	0.00682246624382024	0.00844589820354559	0.00429275297618011	0.00366861456279732	0.00259809081734842	0.00712811510939535	0.00405600090746668	0.0180081712144879	0.00472365668568121	0.00319787100122776	0.00594728398997626	0.00725914377916966	0.0184755349760619	0.00970875875859224	0.0161523777482848	0.01101610764705	0.00131833689907039	0.00106639986708848	0.0166066386405836	0.0207088865283701	0.0177760549346869	0.00897294554254573	0.0252754059521559	0.00989135534792407	0.016547851195468	0.0171749351066718	0.00576483800216792	0.00315071071730404	0.00520191390680757	0.000186613308827511	0.0148286931533511	0.0115605758482784	0.000525752282726452	0.0222787219039609	0.0161209628014908	0.00372363821767352	0.0183453803789255	0.0133989569316187	0.0117087075036203	0.0106866264684572	0.000845586325875332	0.00976276405837445	0.00733766018450371	0.0138870944744016
HT29_G1_2A_3	0.0303103456052181	0.000265945804422111	0.00649984064613547	0.011404775139103	0.0125481813872367	0	0.0149546124995857	0.0223531300201593	0.000285457489722339	0.0182758095387056	0.00511061702204633	0.0171285061715213	0.0231910650548414	0.019931290123256	0.00644754957145187	0.0227280137178725	0.00144935720076875	0.00649598567789395	0.0315101099120916	0.0228948858554332	0.0107050854966687	0.0314917767216632	0.0140123899522707	0.0132310018618982	0.00896042674677171	0.0244484236438734	0.00769328877029405	0.0164182580766415	0.0357446575673389	0.000708423236123373	0.0252589082373586	0.0222366942407586	0.00389163735150336	0.0246555502786997	0.00249319986321886	0.039050544431881	0.0135567282180882	0.00352358758520642	0.0365316911739406	0.014177608112786	0.00186508409879963	0.0193697543872919	0.0209928837733367	0.00825567163322107	0.00887979020529342	0.0151460046834742	0.00542033248321134	0.00849241680083102	0.00546067771433363	0.0172712850432786	0.00935051529262435	0.00660116744858927	0.00528930220130154	0.00592812024367727	0.0222554853425891	0.00360460258488023	0.00153219066314496	0.0112299456788954	0.0136144823450424	0.00405892784133575	0.0332524995499762	0.0303206466304619	0.0215198255313119	0.0378172846004374	0.0224380427824135	0.00400013189967149	0.0297197141909138	0.00678361231894965	0.0156985560994272	0.0177494698176783	0.0127347784866745	0.0273741603169954	0.0241068855361566	0.0120224722603491	0.0348217674468751	0.0286660595341776	0.0162714083316257	0.0308897904429159	0.025944809372175	0.000839542043455273	0.0232331383913451	0.0133936905330078	0.0223094791081249	0.0198848560177022	0.00133904241804746
HT29_G1_3E_1	0.0153594165435815	0.0146886988936756	0.0214532928836757	0.00355016600655381	0.00240667585634687	0.0149546124995857	0	0.0073998403056588	0.0152400341034508	0.00332168519720683	0.00984440739803975	0.0320784778336487	0.00823797864109217	0.00497747359073553	0.00850751120580117	0.00777481362682499	0.0135054163757283	0.008459075865678	0.0165596192656646	0.00794172635209278	0.00424989664190729	0.0165412792153195	0.000942329344589677	0.00172379530366627	0.00599462321377549	0.0094956624493238	0.00726177951446889	0.00146383932717756	0.0207958840200566	0.0156629441522247	0.0103063694501446	0.00728337712924657	0.0110633282497715	0.00970284497174106	0.0124616679388319	0.0241032931574011	0.00139803766863548	0.0114313554249731	0.0215832656767195	0.000777093475626191	0.0130897291846059	0.0044158286673617	0.00603928701843353	0.00669939174227032	0.00607526169879271	0.000191415596662579	0.00953470297511391	0.00646264296838299	0.0204143640019031	0.00231699477486953	0.00560452377701253	0.00835389562670955	0.00966572877991975	0.0208817035548944	0.00730217263846411	0.0185586607060901	0.0134225910553902	0.00372500644729337	0.00134027781930154	0.0190129004038264	0.0183026835370394	0.0153697212419874	0.00656634433699956	0.0228694469611264	0.00748477317899833	0.018954115733543	0.0147685771636431	0.00817145298348398	0.000744037854289154	0.00279525656613104	0.00222006307834643	0.0124222488857497	0.00915403361427513	0.00293242616071543	0.0198725972627633	0.0137145644362689	0.00131696861817614	0.0159390704526634	0.0109924665987028	0.0141151680551243	0.00828006246921353	0.00156109122117537	0.00735617909826956	0.00493103027065558	0.0162934746823734
HT29_G1_3E_2	0.00796004107056294	0.0220872558483352	0.0288506623735597	0.0109498548111991	0.00980642432266803	0.0223531300201593	0.0073998403056588	0	0.0226385086427497	0.00407820742595292	0.0172435805660611	0.0394731893846858	0.000838164831024272	0.00242241318067542	0.0159068206164044	0.000374984515084567	0.0209041416945473	0.0158583899399992	0.00916035479251884	0.000541902567142231	0.0116495438179229	0.00914201296629652	0.00834213911933305	0.0091235744646246	0.0133941495802287	0.00209589838782482	0.0146612028413966	0.00593603461958109	0.0133970955672905	0.0230613537590146	0.00290664378816855	0.000116466435926645	0.0184623645112449	0.00230309025228747	0.0198605321589128	0.016704966591098	0.00879783017570023	0.0188303479627179	0.0141845800527802	0.00817690910804875	0.0204885108997338	0.00298406245604974	0.00136058490870241	0.01409886239399	0.0134747818925385	0.00720843006009603	0.0169339089978797	0.0138621327811435	0.0278119409885821	0.0050828910745424	0.0130040792685575	0.0157532197631405	0.0170649209982103	0.0282791883412152	9.76704071348541e-05	0.0259565855138366	0.0208213277249997	0.0111246852152322	0.00874007260548268	0.0264107427654274	0.0109035990937492	0.00797034667683257	0.000833517016611115	0.0154709389064634	8.49353153069042e-05	0.0263519688629454	0.00736915094769793	0.0155707943609337	0.00665582164204294	0.00460463348305383	0.00961982029848146	0.00502264669757503	0.0017542548559831	0.0103321484830467	0.0124736939391477	0.00631505411235125	0.00608290270814008	0.00853974726470372	0.00359277729774622	0.021513808063898	0.000880250130055181	0.00896087715257776	4.36624407441076e-05	0.00246885695260708	0.0236917847091022
HT29_G1_3E_3	0.0305956601334814	0.000551403270853693	0.00621438971195372	0.0116902115317356	0.0128336134350828	0.000285457489722339	0.0152400341034508	0.0226385086427497	0	0.018561213861526	0.00539607010921788	0.0168430962246707	0.0234764377903798	0.0202166846031922	0.00673300014385494	0.0230133897320077	0.00173481428692538	0.0067814361486718	0.0317954132062249	0.0231802606952583	0.0109905243506415	0.0317770801905179	0.0142978158545775	0.0135164311249056	0.00924587108191498	0.0247337871616789	0.00797873649619488	0.0167036724723399	0.0360299179816313	0.000422965794480986	0.0255442655702189	0.022522073665153	0.00417709224161226	0.0249409122339885	0.00277865624289178	0.0393357679133732	0.013842156102693	0.00380904292747156	0.0368169430686614	0.0144630332807798	0.00215054094521654	0.0196551522969855	0.0212782715147374	0.00854111791574692	0.00916523477103934	0.0154314253814364	0.00570578503772906	0.00877786244634156	0.00517522480436241	0.0175566949413356	0.00963595848375269	0.006886617696161	0.00557475498484376	0.00564266817839463	0.0225408646378444	0.00331914702891157	0.00181764770604635	0.0115153827006003	0.0138999099818726	0.00377347282873846	0.0335377858072389	0.0306059610640045	0.0218052098046503	0.0381025222111282	0.0227234208177792	0.00371467681297342	0.0300050341000085	0.00706906217115442	0.0159839741200592	0.018034877099284	0.0130202097875938	0.0276595006148767	0.0243922516032677	0.0123079063554382	0.0351070376327826	0.0289513887963104	0.0165568234795937	0.0311750995962587	0.0262301613223934	0.00112499938157273	0.0235185108258782	0.0136791191115855	0.0225948580317669	0.0201702507847928	0.00105358515557611
HT29_G1_3F_1	0.0120380485710279	0.0180099117589653	0.0247740203662717	0.0068718082923995	0.00572833684121615	0.0182758095387056	0.00332168519720683	0.00407820742595292	0.018561213861526	0	0.0131658626879163	0.035398086775815	0.00491636357999297	0.00165580272716495	0.0118290182123429	0.00445318842288364	0.0168266964710728	0.0117805846236155	0.0132383095960486	0.00462010471912354	0.00757152518650296	0.0132199686190147	0.00426400749864765	0.00504546523987148	0.00931620985747137	0.00617407861012294	0.0105833288574104	0.00185785062185499	0.0174748179330341	0.0189840977448344	0.00698480857826052	0.00396174196320506	0.0143847306895691	0.00638126679054134	0.0157830030207398	0.0207824577314079	0.00471971129297742	0.0147527408355455	0.0182622513031613	0.0040987730910477	0.0164110316627795	0.00109415187931819	0.00271763032544294	0.0100209583556909	0.00939684614141189	0.00313027064942082	0.012856170826212	0.00978421651032831	0.0237351773156132	0.00100469448510104	0.00892612073824601	0.0116754081585273	0.0129871913595699	0.0242024787703576	0.00398053783828067	0.0218796170854016	0.0167438756616244	0.00704664546350636	0.00466195205841967	0.0223338229734376	0.0149814669877096	0.0120483537497452	0.00324469611658617	0.0195485213677403	0.00416314199584018	0.0222750427226791	0.0114471822397644	0.0114929719659907	0.00257765069719547	0.00052643119774419	0.00554172667361797	0.0091007583929689	0.00583244076302464	0.00625407912606112	0.0165514730966493	0.0103931243113011	0.00200472119295958	0.0126177300442588	0.00767092689796144	0.0174364141571898	0.00495844836594451	0.0048827630464026	0.00403454535602057	0.00160935887588736	0.0196145880198883
HT29_G1_3F_2	0.0252018214743331	0.00484467489698194	0.0116102400775426	0.00629435996389513	0.00743782637753661	0.00511061702204633	0.00984440739803975	0.0172435805660611	0.00539607010921788	0.0131658626879163	0	0.0222380081233172	0.0180816081173287	0.0148214940178092	0.00133695695525035	0.0176185052003617	0.00366127495095056	0.00138539413411706	0.0264017685189788	0.017785395796788	0.00559463703972601	0.0263834324813995	0.0089021224085205	0.00812068618872259	0.00384990705281954	0.0193391124115857	0.00258272790688051	0.0113081594846557	0.0306370190319689	0.00581902846894283	0.0201496952850352	0.017127132222041	0.00121899314984103	0.0195462638383216	0.00261743573763047	0.0339435165887319	0.0084464322044756	0.00158704533442147	0.0314241931307748	0.00906735117037886	0.00324555017189764	0.0142599055176053	0.0158831919796303	0.00314512794027679	0.00376926762579753	0.0100358128528377	0.000309720221050444	0.00338188086217727	0.0105711285389656	0.0121612538403136	0.00424001006647562	0.00149057827901257	0.000178687859678187	0.0110385487389007	0.0171459253468106	0.00871512939857242	0.00357844198953501	0.00611952193563385	0.00850418987747996	0.00916943792130766	0.0281444364817058	0.0252121240374918	0.016410187723352	0.0327100226375039	0.0173285025361104	0.00911064421325114	0.0246111027819524	0.00167302741435706	0.0105884036917626	0.0126394780964636	0.00762443397411348	0.0222652198677585	0.0189975339108766	0.00691208869941382	0.0297139680868646	0.0235572968365616	0.011161298532659	0.0257813536579536	0.0208356822524518	0.0042710852108602	0.0181236861959974	0.00828338460692117	0.0171999249353119	0.0147750554857249	0.0064496347196168
HT29_G1_3F_3	0.0474252436045585	0.0173944062697845	0.0106293549090049	0.0285301175893012	0.0296730731153946	0.0171285061715213	0.0320784778336487	0.0394731893846858	0.0168430962246707	0.035398086775815	0.0222380081233172	0	0.0403106324306161	0.0370527022505713	0.0235745672896879	0.0398478544872511	0.0185775977925593	0.0236229892388775	0.0486241359119699	0.040014628531787	0.0278306919424131	0.0486058162287856	0.031136669681402	0.0303556130426957	0.0260866521785318	0.0415672298221449	0.0248199284272455	0.0335414479195537	0.0528554131030649	0.0164201980312384	0.0423772092158768	0.0393568209989645	0.0210193395378351	0.0417742284303644	0.0196212242453925	0.0561585404742111	0.030681202579248	0.0206513781712901	0.0536418060440913	0.0313018163399901	0.0189932410768627	0.036491465404321	0.0381137156267034	0.025382131131601	0.026006042885346	0.0322697838809808	0.0225476400770407	0.0256187986987849	0.011668463279878	0.0343940634566994	0.0264766072067326	0.0237281401149566	0.0224166453448229	0.0112010479374306	0.0393756012404491	0.013524387973106	0.0186604148588661	0.0283553549353335	0.0307389322456189	0.0130701057966643	0.0503652160742762	0.0474355372463459	0.038640361985148	0.0549263310343173	0.0395580528494183	0.0131288963911425	0.0468350325332942	0.0239105309052659	0.0328220829130693	0.0348720119008066	0.0298595943922645	0.0444910894324652	0.0412259011971511	0.0291475741889332	0.0519332611962409	0.045782113051234	0.0333946676865893	0.0480042703280009	0.0430626739397186	0.0179678992949906	0.0403526807409523	0.03051823361841	0.0394295637658358	0.0370062930721603	0.0157896731422971
HT29_G1_4A_1	0.0071219003961545	0.0229251962987518	0.0296884442059109	0.0117879632793942	0.0106445436409229	0.0231910650548414	0.00823797864109217	0.000838164831024272	0.0234764377903798	0.00491636357999297	0.0180816081173287	0.0403106324306161	0	0.00326057460080292	0.0167448683787465	0.000463180390541002	0.0217421054396576	0.0166964384037663	0.00832222239632636	0.000296262333076051	0.0124876450670541	0.00830388043455991	0.00918027062325228	0.00996169970374853	0.0142322309034771	0.0012577346885585	0.0154992679613267	0.00677418200620513	0.0125590019376424	0.023899274042702	0.00206848153569731	0.00095463121861849	0.0193003721992878	0.00146492686944154	0.0206985153646028	0.0158669134581613	0.00963595809252894	0.0196683493833083	0.0133464952555599	0.00901504186693753	0.0213264825171349	0.00382222235804691	0.00219874844963246	0.0149369348856644	0.0143128622281742	0.00804656968687265	0.0177719413775364	0.0147002082899454	0.0286497500233723	0.00592104286398899	0.0138421652862346	0.01659126974268	0.0179029513459199	0.0291169852682275	0.00093583519896602	0.0267944405578914	0.0216592930515353	0.0119627919209207	0.00957820098720917	0.0272485868519658	0.0100654808536045	0.00713220606837487	0.00167168124715913	0.0146328696252746	0.000753229543404185	0.0271898143786344	0.00653100664011564	0.0164088469456696	0.00749396481484066	0.0054427874606125	0.0104579412761611	0.00418449085599461	0.000916090715242637	0.0111702629583968	0.0116355905995216	0.00547690405029665	0.00692104927210986	0.00770161043832247	0.00275461670749353	0.0223517599690457	4.20853154651738e-05	0.00979900374094214	0.000881827255699283	0.00330701825760618	0.0245296914638929
HT29_G1_4A_2	0.0103823520480568	0.0196654013772963	0.0264292389396113	0.00852755997811193	0.00738410278122441	0.019931290123256	0.00497747359073553	0.00242241318067542	0.0202166846031922	0.00165580272716495	0.0148214940178092	0.0370527022505713	0.00326057460080292	0	0.0134846810847229	0.00279739638593402	0.018482224697205	0.0134362485778414	0.0115826369630118	0.00296431374212083	0.00922726700398826	0.0115642956030764	0.00591978831522372	0.00670123858822007	0.0109719232628131	0.00451829976856974	0.0122390182046309	0.00351364770068805	0.0158192484726517	0.0206395536232571	0.00532903768828891	0.00230594708072852	0.0160403304218321	0.00472548987562837	0.0174385631520316	0.0191269890166441	0.00637548788530336	0.0164083304933459	0.0166067042310924	0.005754555349038	0.0180665728365417	0.000561651377657365	0.00106183008015038	0.0116766587370036	0.0110525581017802	0.004786060391673	0.0145118097524968	0.0114399213663201	0.0253904431375659	0.00266049490208826	0.0105818409691077	0.0133310744474028	0.0146428270933916	0.0258577235930529	0.00232474305707767	0.023534962199561	0.0183994064930446	0.00870239476511549	0.0063177292063837	0.0239891492810757	0.0133258332627308	0.0103926574217795	0.00158889782054717	0.0178930130150438	0.00250734822980461	0.023930371486093	0.00979147482904647	0.0131486422569634	0.004233443973283	0.00218223293258094	0.00719749471996847	0.0074450134597575	0.00417665890294615	0.00790983880025895	0.0148958786607563	0.00873739891288689	0.00366051756928736	0.0109620447629985	0.0060151636019898	0.0190919228126951	0.00330265968261592	0.00653853803838139	0.00237875086912789	4.64439150299037e-05	0.0212700211184436
HT29_G1_4A_3	0.0238652918881874	0.00618160967889917	0.0129470846776922	0.0049574257581172	0.00610090245322639	0.00644754957145187	0.00850751120580117	0.0159068206164044	0.00673300014385494	0.0118290182123429	0.00133695695525035	0.0235745672896879	0.0167448683787465	0.0134846810847229	0	0.0162817541739567	0.00499821837936618	4.8437228819507e-05	0.0250652810373133	0.0164486488043806	0.00425769746763275	0.0250469443419915	0.00756521437735335	0.00678376929590295	0.00251295717478788	0.0180024048021728	0.00124577330943309	0.00997128417268853	0.0293006953223634	0.00715595455160577	0.0188130095274329	0.0157903695401553	0.00255594780984571	0.0182095617283832	0.00395438505323514	0.0326073369731805	0.00710951890010662	0.00292399886937187	0.0300879024429127	0.00773044512412763	0.00458249613991486	0.0129230814581886	0.0145464012749273	0.0018081751492148	0.00243231737792718	0.00869891921908868	0.00102723696804654	0.00204492896920055	0.0119079915423931	0.0108243920886258	0.00290306211067701	0.000153621492163083	0.00115826924789004	0.0123754036702562	0.0158091631046085	0.0100520211396956	0.00491538594456408	0.00478258632304168	0.00716727722512909	0.0105063231162218	0.0268080135369194	0.0238755948047168	0.0150734086304021	0.031373787616547	0.0159917445907148	0.0104475302731202	0.0232745531707087	0.000336070871552275	0.00925151773488109	0.0113026243926953	0.00628751190523241	0.0209285953320681	0.0176608173607868	0.00557515981537385	0.0283776066822171	0.0222207126569364	0.00982442098944103	0.0244448441684104	0.0194990156842338	0.00560802444602182	0.0167869474975894	0.00694646948751012	0.0158631639591747	0.0134382416159909	0.00778655440842618
HT29_G1_4B_1	0.00758506807230983	0.022462141945362	0.0292254781067715	0.0113248150864505	0.0101813893502298	0.0227280137178725	0.00777481362682499	0.000374984515084567	0.0230133897320077	0.00445318842288364	0.0176185052003617	0.0398478544872511	0.000463180390541002	0.00279739638593402	0.0162817541739567	0	0.0212790381082286	0.0162333238070548	0.00878538560479833	0.000166918068932872	0.0120245009257786	0.00876704371631279	0.00871710946814942	0.00949854208028346	0.0137690979288607	0.00172091456576756	0.0150361440536661	0.00631101185968369	0.0130221441006999	0.0234362309202006	0.00253166068567507	0.000491450939844982	0.0188372803673934	0.00192810659025883	0.0202354371862612	0.0163300335367288	0.00917279896028931	0.0192052610476028	0.0138096326078322	0.00855188000360398	0.020863410798444	0.00335904503218687	0.00173556896813606	0.014473806854229	0.0138497298065011	0.0075834039419349	0.0173088357648002	0.0142370785701233	0.0281867687998025	0.00545787020834812	0.0133790296826851	0.016128154298978	0.0174398468677121	0.0286540107769698	0.000472654913663002	0.0263314337445515	0.0211962248388277	0.0114996447175365	0.00911504159292916	0.0267855861341545	0.0105286363946027	0.0075953737090064	0.0012085013375597	0.0150959985177228	0.000290049204663466	0.0267268128658491	0.0069941762713327	0.0159457300460693	0.00703079706106782	0.00497961355317259	0.00999478605183666	0.00464766665186226	0.00137927080596393	0.0107071113908093	0.0120987380461806	0.00594007676755762	0.00645787959328463	0.00816477603967009	0.00321779500005026	0.0218886992346871	0.000505265700531507	0.00933584535737315	0.000418646952974011	0.002843840110506	0.0240666558736016
HT29_G1_4B_2	0.0288616715150101	0.0011834116522707	0.00794915537644489	0.00995550893932959	0.0110989356328246	0.00144935720076875	0.0135054163757283	0.0209041416945473	0.00173481428692538	0.0168266964710728	0.00366127495095056	0.0185775977925593	0.0217421054396576	0.018482224697205	0.00499821837936618	0.0212790381082286	0	0.00504665493333923	0.0300614911766438	0.0214459159731472	0.00925580778810669	0.030043157124833	0.0125631733337126	0.0117817692829561	0.00751112367284907	0.0229995090599215	0.00624397027054643	0.0149690964858009	0.0342962506082666	0.00215777919062497	0.0238100239157625	0.0207877020081801	0.00244228784911967	0.0232066433366223	0.00104384477458993	0.0376023203647911	0.0121075021779328	0.00207423630740655	0.0350833263690522	0.0127283949893481	0.000415727527978604	0.017920672338782	0.0195438510648851	0.00680635966749125	0.0074304860743958	0.0136968128891283	0.00397099267888278	0.0070431077348558	0.00691000394483423	0.015822145085105	0.00790121747615799	0.00515183768870127	0.00383996141929343	0.00737744152478936	0.0208064937391748	0.00505394487275202	8.28335655963161e-05	0.00978067653199985	0.0121652574813551	0.00550826672820592	0.0318039648713534	0.0288719730067246	0.0200708096888837	0.0363689905203319	0.0209890573187359	0.00544947124598497	0.0282710136100744	0.00533428430864706	0.014249377118993	0.0163003424696002	0.0112855362611926	0.0259253595121599	0.0226579584893555	0.0105732168537353	0.0333733121674158	0.0272173129453827	0.0148222431284181	0.0294411428292515	0.0244959514149502	0.000609815573654721	0.021784180245178	0.0119444611995023	0.0208604893154577	0.018435789199154	0.00278839657209124
HT29_G1_4B_3	0.0238168692654144	0.00623004587600311	0.0129955173584944	0.00490898917152283	0.00605246619699956	0.00649598567789395	0.008459075865678	0.0158583899399992	0.0067814361486718	0.0117805846236155	0.00138539413411706	0.0236229892388775	0.0166964384037663	0.0134362485778414	4.8437228819507e-05	0.0162333238070548	0.00504665493333923	0	0.0250168598959464	0.016400218577491	0.00420926071238549	0.02499852317747	0.00751677864300493	0.00673533326927643	0.00246452011047558	0.0179539759450019	0.00119733612088042	0.00992284953515612	0.0292522799591757	0.00720439039766166	0.0187645814321464	0.0157419387690446	0.00260438486067825	0.0181611330628368	0.00400282185890908	0.0325589267094621	0.00706108299148597	0.00297243586588423	0.0300394882472682	0.00768200945560544	0.00463093280121137	0.0128746485688676	0.0144979695343273	0.0017597380053014	0.00238388030319996	0.00865048396459631	0.00107567416681332	0.00199649184911627	0.0119564249281699	0.010775957910964	0.0028546251016513	0.000105184263814214	0.00120670643889604	0.0124238367463981	0.0157607323487352	0.0101004556349488	0.00496382252065418	0.0047341496919212	0.00711884133802536	0.0105547573575833	0.026759594669802	0.0238271721943673	0.0150249772910951	0.0313253753906346	0.0159433139838021	0.0104959645479889	0.0232261298441112	0.000287633646122864	0.00920308273818671	0.0112541904890118	0.00623907570938028	0.0208801693771099	0.0176123881922436	0.00552672339884725	0.0283291899871625	0.0221722881166248	0.009775986276478	0.0243964222524648	0.0194505882589673	0.00565646082560091	0.0167385175587574	0.00689803351915506	0.0158147332471952	0.0133898090768839	0.00783498999962337
HT29_G1_4C_1	0.00120035775220124	0.03124430516775	0.0380057180658715	0.0201091701232844	0.0189659024053616	0.0315101099120916	0.0165596192656646	0.00916035479251884	0.0317954132062249	0.0132383095960486	0.0264017685189788	0.0486241359119699	0.00832222239632636	0.0115826369630118	0.0250652810373133	0.00878538560479833	0.0300614911766438	0.0250168598959464	0	0.00861847395034429	0.0208087531971437	1.8342598436239e-05	0.0175018069839458	0.0182831436515308	0.0225530737973432	0.00706452514334871	0.0238199010457918	0.0150959691085394	0.00423700056956804	0.0322181451687202	0.00625379530602439	0.00927681619802693	0.0276202883691209	0.00685733783953143	0.0290181345437983	0.00754518629216228	0.0179574412196604	0.0279881891336847	0.00502455113275527	0.0173365970763766	0.0296459624336551	0.0121442479162235	0.0105208729533708	0.0232576628766727	0.0226336922018809	0.0163682305347523	0.0260921616676547	0.0230209753792583	0.0369673338670587	0.014242906680071	0.0221630698565525	0.0249117103441373	0.0262231464061125	0.0374344309471354	0.00925802099023238	0.0351125525309549	0.0299786976814324	0.020283974509185	0.0178996909631767	0.0355665725681863	0.0017433315717225	0.00119005182382624	0.00999383299281559	0.00631102982549859	0.00907542306503014	0.035507816544204	0.00179126471797671	0.0247293204551108	0.0158156822408703	0.0137646915023	0.0187793237297297	0.00413780422042401	0.00740616027888497	0.0194915533187114	0.00331352853303276	0.00284538365458111	0.0152428225260687	0.000620631933344605	0.0055676701834086	0.0306710046593976	0.00828013855173274	0.0181204673748278	0.00920401536306628	0.0116290776798204	0.0328484039948746
HT29_G1_4C_2	0.00741815477737323	0.0226290151632468	0.029392319690814	0.0114917218397494	0.0103482982720213	0.0228948858554332	0.00794172635209278	0.000541902567142231	0.0231802606952583	0.00462010471912354	0.017785395796788	0.040014628531787	0.000296262333076051	0.00296431374212083	0.0164486488043806	0.000166918068932872	0.0214459159731472	0.016400218577491	0.00861847395034429	0	0.0121914062366946	0.00860013203498006	0.00888402082656775	0.00966545218580017	0.0139359992598094	0.00155399672510464	0.015203042149207	0.00647792639735439	0.0128552401378458	0.0236031001153743	0.00236474312771286	0.000658368981334054	0.01900416699989	0.00176118881120796	0.0204023189337406	0.0161631376163461	0.00933970960127855	0.0193721464294713	0.0136427303986149	0.00871879161305357	0.0210302902339138	0.00352596208223124	0.00190248675381637	0.0146407064216276	0.0140166309402237	0.00775031692566021	0.0174757273248751	0.0144039787399828	0.0283536158081135	0.00562478562861581	0.0135459319511457	0.0162950493719812	0.0176067380222466	0.0288208553709065	0.000639572957009789	0.0264982899279464	0.021363103019248	0.0116665511186542	0.00928195232687827	0.0269524401323409	0.0103617275474973	0.00742846042712913	0.001375419264176	0.0149290993897886	0.000456967262656315	0.0268936671490412	0.00682726225686634	0.0161126256391189	0.00719771075471773	0.00514652941241817	0.0101616953053419	0.00448075035630302	0.0012123528797486	0.0108740193445813	0.0119318321558549	0.00577316161421403	0.00662479396613482	0.00799786350715026	0.00305087776850136	0.0220555747376124	0.000338347645692656	0.00950275573269216	0.000585565001207107	0.00301075744345549	0.0242335223702844
HT29_G1_4C_3	0.0196086455024365	0.0104391561702114	0.0172042560871865	0.000699736283040179	0.00184323085517353	0.0107050854966687	0.00424989664190729	0.0116495438179229	0.0109905243506415	0.00757152518650296	0.00559463703972601	0.0278306919424131	0.0124876450670541	0.00922726700398826	0.00425769746763275	0.0120245009257786	0.00925580778810669	0.00420926071238549	0.0208087531971437	0.0121914062366946	0	0.0207904146446042	0.00330757435842316	0.00252611121362561	0.00174475042867512	0.0137452674908134	0.0030119328474009	0.00571371708180616	0.0250446342322638	0.0114134606761276	0.0145559312892923	0.0115330855522474	0.00681360473628877	0.0139524392429687	0.0082120067794919	0.0283516920450864	0.00285186801130182	0.00718164742799483	0.0258319363384037	0.00347280927870908	0.00884009904029109	0.00866563923837015	0.01028904419561	0.00244953256753528	0.00182539035489204	0.00444131031533666	0.0052849218242476	0.00221277896582846	0.0161652350507161	0.00656685709701849	0.00135464444337449	0.00410407743802132	0.00541595214026603	0.0166326154029413	0.0115518802729495	0.0143093802712874	0.00917297810713412	0.000524894640741564	0.00290962766198788	0.0147636554995286	0.0225516686630349	0.0196189494108587	0.0108160816873883	0.0271179821743859	0.0117344730726433	0.0147048661746465	0.0190178506655403	0.00392162965182392	0.0049939260974297	0.00704510881721358	0.00202984379017779	0.0166716846260067	0.0134036560090172	0.00131747925707617	0.0241214374842955	0.017963913720391	0.00556684870131098	0.0201882542761	0.015241989658689	0.00986559257443368	0.0125297269523278	0.00268881493792145	0.0116058844584765	0.00918082515551461	0.0120440319762804
HT29_G1_4F_1	0.00118201516734911	0.0312259718160428	0.0379873892714185	0.0200908312998317	0.0189475631598654	0.0314917767216632	0.0165412792153195	0.00914201296629652	0.0317770801905179	0.0132199686190147	0.0263834324813995	0.0486058162287856	0.00830388043455991	0.0115642956030764	0.0250469443419915	0.00876704371631279	0.030043157124833	0.02499852317747	1.8342598436239e-05	0.00860013203498006	0.0207904146446042	0	0.0174834672353076	0.0182648041661994	0.0225347359623762	0.00704618300298468	0.023801563769789	0.0150776286236123	0.00425534300400061	0.0321998124149754	0.00623545306619964	0.00925847439167007	0.0276019529625674	0.00683899567258314	0.0289997998981458	0.00756352837495133	0.0179391016231177	0.0279698539235494	0.0050428935011909	0.0173182572735885	0.0296276281426805	0.0121259066803175	0.0105025313753772	0.0232393253486498	0.022615354401536	0.0163498904252175	0.026073825474511	0.0230026377470264	0.0369490043107479	0.0142245659609237	0.0221447318559264	0.024893373575537	0.0262048102785476	0.0374161017307295	0.00923967918066043	0.035094221670053	0.0299603635816833	0.020265635752524	0.0178813513471397	0.0355482420199812	0.00176167414161985	0.00117170923875076	0.00997549131450561	0.00632937206227485	0.00905708122446892	0.0354894859552915	0.00177292214916999	0.0247109836000909	0.015797341964463	0.0137463506579853	0.0187609844177918	0.00411946177869528	0.00738781818408259	0.0194732142640813	0.00333187103066883	0.0028270411303511	0.0152244820828787	0.000602289338834913	0.00554932786898999	0.0306526709647752	0.00826179658352529	0.018102127833692	0.00918567354427235	0.0116107363299183	0.0328300716385357
HT29_G1_4F_2	0.0163016233425726	0.0137464724194132	0.0205111898042282	0.00260784130829799	0.00146434827770278	0.0140123899522707	0.000942329344589677	0.00834213911933305	0.0142978158545775	0.00426400749864765	0.0089021224085205	0.031136669681402	0.00918027062325228	0.00591978831522372	0.00756521437735335	0.00871710946814942	0.0125631733337126	0.00751677864300493	0.0175018069839458	0.00888402082656775	0.00330757435842316	0.0174834672353076	0	0.00078146663352219	0.0050523091186864	0.0104379429086588	0.0063194733155245	0.0024061669159182	0.0217379936741292	0.0147207324313312	0.0112486416758988	0.00822567683837283	0.010121055671205	0.0106451233869061	0.0115194115075849	0.0250453303851433	0.000455708642892882	0.0104890868979249	0.0225253589954886	0.000165235933087777	0.0121474806728725	0.00535814626337245	0.00698159547185744	0.00575708183578266	0.00513294805723194	0.00113374483259958	0.00859241507824103	0.00552033159813297	0.0194722387678099	0.00325932035912128	0.00466220758184358	0.00741159755630648	0.00872344210090775	0.0199395881415283	0.00824447220398175	0.0176164988079019	0.012480346909013	0.00278268230592278	0.000397948741705421	0.0180707471368177	0.0192448411492739	0.0163119278828978	0.00750864926950608	0.0238115123753612	0.00842707133134422	0.0180119613370297	0.0157107928594495	0.00722915346971076	0.00168636657275277	0.00373758071186424	0.00127773515486771	0.0133644966627866	0.0100963173542144	0.00199009974246155	0.0208147253457927	0.0146567951872128	0.00225929647919404	0.0168812682048027	0.011934731364641	0.0131729333658581	0.00922235409046936	0.000618762360066684	0.00829847824919836	0.00587334524430996	0.015351273047393
