	HT29_G1_1B_1	HT29_G1_1B_2	HT29_G1_1B_3	HT29_G1_2A_1	HT29_G1_2A_2	HT29_G1_2A_3	HT29_G1_3E_1	HT29_G1_3E_2	HT29_G1_3E_3	HT29_G1_3F_1	HT29_G1_3F_2	HT29_G1_3F_3	HT29_G1_4A_1	HT29_G1_4A_2	HT29_G1_4A_3	HT29_G1_4B_1	HT29_G1_4B_2	HT29_G1_4B_3	HT29_G1_4C_1	HT29_G1_4C_2	HT29_G1_4C_3	HT29_G1_4F_1	HT29_G1_4F_2	HT29_G1_4F_3	HT29_G1_5A_1	HT29_G1_5A_2	HT29_G1_5A_3	HT29_G1_5B_1	HT29_G1_5B_2	HT29_G1_5B_3	HT29_G1_5C_1	HT29_G1_5C_2	HT29_G1_5C_3	HT29_G1_5D_1	HT29_G1_5D_2	HT29_G1_5D_3	HT29_G1_5E_1	HT29_G1_5E_2	HT29_G1_5E_3	HT29_G1_5F_1	HT29_G1_5F_2	HT29_G1_5F_3	HT29_G2_4G_1	HT29_G2_4G_2	HT29_G2_4G_3	HT29_G2_4H_1	HT29_G2_4H_2	HT29_G2_4H_3	HT29_G2_5A_1	HT29_G2_5A_2	HT29_G2_5A_3	HT29_G2_5B_2	HT29_G2_5B_3	HT29_G2_5E_1	HT29_G2_5E_2	HT29_G2_5E_3	HT29_G2_5F_1	HT29_G2_5F_2	HT29_G2_5F_3	HT29_G2_5G_1	HT29_G2_5G_2	HT29_G2_5G_3	HT29_G2_5H_1	HT29_G2_5H_2	HT29_G2_5H_3	HT29_G2_6A_1	HT29_G2_6A_2	HT29_G2_6A_3	HT29_G2_6B_1	HT29_G2_6B_2	HT29_G2_6B_3	HT29_G2_6C_2	HT29_G2_6C_3	HT29_G2_6D_1	HT29_G2_6D_2	HT29_G2_6D_3	HT29_G2_6E_1	HT29_G2_6E_2	HT29_G2_6E_3	HT29_G2_6F_1	HT29_G2_6F_2	HT29_G2_6F_3	HT29_G2_6G_1	HT29_G2_6G_2	HT29_G2_6G_3	HT29Root1_1	HT29Root1_2	HT29Root1_3	HT29Root2_1	HT29Root2_2	HT29Root2_3
HT29_G1_1B_1	0	0.0163041855326529	0.0345867212577625	0.0124997921687187	0.00629252587459492	0.0111758302053916	0.00466300130717176	0.0143933315686687	0.0152443800028977	0.00736774439083364	0.00346369284549984	0.0157331713886543	0.00584101339149933	0.0126644741866696	0.0152358065813356	0.00312349434527993	0.00629672890988317	0.0185109877791614	0.007213529730241	0.00680821581101809	0.0132847423776618	0.0161370521793921	0.0053118097465087	0.0284148467953525	0.00948560948628347	0.00652142191533151	0.00903327024439765	0.0060185687559621	0.0187466990137988	0.00600686198567508	0.00512137406446423	0.00887561219275014	0.0103104218667468	0.00595242430207459	0.0137686298045911	0.0165313819831669	0.00312971736130089	0.0163369818294487	0.014314561147375	0.0182117463618845	0.0131848683448489	0.00654377462366125	0.00120673805453263	0.0135155169817037	0.00756614527398381	0.00863568285544371	0.00827621988149346	0.0130717645558488	0.00776842698266006	0.00523454574817574	0.0267940859968296	0.0196949598509281	0.0115657698709048	0.00275168039337247	0.011685329614186	0.0126162123024315	0.0168771072365118	0.00894652566824761	0.00779390235747919	0.0151471330878985	0.00778262257597867	0.007352162336613	0.00527488901627635	0.0140024278306157	0.00781870075454442	0.00289968885050403	0.0120054252757483	0.0169794123484757	0.00847892189665652	0.0161896766625794	0.0111812432177911	0.00669948275526612	0.0129157234378536	0.0125237747753503	0.00159784175541275	0.0118909817088034	0.0133677834146663	0.0124170169698078	0.00717893144767779	0.00844914543976011	0.0121089389165609	0.00482436971578967	0.00668400925931475	0.0140307972439845	0.00649945645894115	0.00793786527624686	0.0159693945421582	0.0146957196703318	0.00832320716126575	0.0177578916653316	0.0249188476547371
HT29_G1_1B_2	0.0163041855326529	0	0.0266938950654062	0.0101804210813786	0.0107389731168786	0.00736757723006845	0.014436161500845	0.00547704512856403	0.0102986116299745	0.0092800011642477	0.0142753553344417	0.00801126593978383	0.0184457475537216	0.00378429130797281	0.00899927231335052	0.0132536659275814	0.0116702490946365	0.0137222993221261	0.00915815077684728	0.0103281935078083	0.00811663585183473	0.0201975495424068	0.011069494720593	0.0207725702041918	0.00768827424034616	0.0173072528497596	0.0119588046398072	0.0106510868478802	0.0311587099783472	0.0129514038149457	0.0133752973521674	0.0117737666558089	0.00601033501301235	0.0114374349321022	0.00329487298018921	0.00490083114290685	0.0164827199384737	0.00306445904417736	0.015551744409967	0.0109406128591525	0.00740514193796346	0.0117469970759316	0.0153886845149122	0.00660618300473434	0.0106605481036054	0.00945817557795957	0.014547041250188	0.00923569068739245	0.00907891356254717	0.0115962321906306	0.0168235057039638	0.0150957483741038	0.0146057668469423	0.014520317280574	0.0237492389941917	0.0150939867123273	0.00971427149571289	0.0160683705860984	0.0157793173733023	0.00392037117955267	0.00854940186860043	0.0138428716278281	0.0122346163982203	0.00622213069994604	0.0106644864193411	0.0173137105980912	0.00783877137470422	0.0101087480319185	0.012970400811173	0.00643078774171641	0.00572301269660658	0.0101829310938886	0.00763337230159126	0.00465854949195212	0.0147257984338223	0.0121765370703019	0.00575473476839828	0.00416955441355028	0.00940610841398199	0.0152290155248435	0.00704310770807933	0.0146166654664767	0.00989608905860542	0.00474917173287446	0.01716480392653	0.00854796785649008	0.0102946150952364	0.00922967618214516	0.00846649643608557	0.0103859883434343	0.016837693148475
HT29_G1_1B_3	0.0345867212577625	0.0266938950654062	0	0.0223701004603479	0.0290782844342558	0.0249999777099745	0.0300118387590199	0.0230922977381153	0.0197917607322696	0.0317327227917576	0.0351994735169286	0.0204392225686746	0.0397744836909023	0.0286895353743391	0.0203106466847656	0.0321552737763686	0.0285164020258348	0.016116631730476	0.0296730769051757	0.0329536966156377	0.022413969220159	0.0218465291518806	0.0307317834216044	0.00628912843861559	0.0270090708963269	0.0395332655548553	0.0255664040450746	0.0296764572924631	0.0532462298780849	0.0285849791573164	0.0354617136502118	0.0361484126750585	0.0284746877132758	0.02905716479714	0.0256808457634313	0.0221700372927092	0.036905673788414	0.0238240812415436	0.0208277513051276	0.0171881081069944	0.0228873249465996	0.0282058345766366	0.03339626487426	0.0230707151148814	0.0274162144076207	0.0267334275893159	0.0383730362203216	0.0221235321248352	0.0319722986761916	0.0331540828476714	0.00995538363137994	0.0148958478124372	0.0234043132421395	0.0348932400446581	0.0459016396504286	0.0224782265511925	0.0187147595159401	0.0399172409979743	0.0276427883603111	0.0237476827058825	0.0295865264896626	0.0273598455068291	0.0295301119520835	0.0228925441634106	0.0271176303940582	0.0372135892850666	0.0238024961555351	0.0184540099825761	0.0261360152502391	0.0211631703395868	0.0304154713011163	0.0325550421684566	0.0230133519530872	0.0257908493922999	0.0337390865827256	0.0378111957002455	0.0238059147316153	0.0267392363978753	0.0291107398211263	0.0390187955619653	0.0241792971241116	0.0299072977489663	0.0318986376434326	0.0239730163325031	0.0394278537841263	0.0310106076666145	0.0191746138315546	0.0206614471777999	0.0281195541244645	0.0177669263876291	0.01019347152502
HT29_G1_2A_1	0.0124997921687187	0.0101804210813786	0.0223701004603479	0	0.00671012267155193	0.00355177110444539	0.0082731333277497	0.00488728838184909	0.00275006891503861	0.00982006862311741	0.0128339965944851	0.00401483177035421	0.0174235585512818	0.00917360341318138	0.00306000958233128	0.00983493565538895	0.00623661606432511	0.00631277430354474	0.00752734330775412	0.0109402108520661	0.00216182452683911	0.0100220185750079	0.00837685898721928	0.0161089773669675	0.00516515161685112	0.0171804148674908	0.00373001852436672	0.0073174461662355	0.0309514216644354	0.00660850229783011	0.0131707616609022	0.0144545679478332	0.00747193620449809	0.00671957577317012	0.00703317252425527	0.00670459795247933	0.0145767172602923	0.00787654921717744	0.00542066512749088	0.00574154783701037	0.00280143899384581	0.00596250161986763	0.0112931936510031	0.00361775036648224	0.00506360572759996	0.00440203496150069	0.0163175802327595	0.00108884804535988	0.0101778359232619	0.0108883894256687	0.0143095628227246	0.00768289032833929	0.00463788801376995	0.012535001799867	0.0235522049748204	0.00495239437975714	0.00453244490829861	0.0178021032195569	0.00739594399138691	0.00650477987791264	0.00759764420770733	0.00604529779075771	0.00726626149469486	0.00409814681109833	0.0047724662867487	0.0149503181080142	0.00251036070589187	0.00455959897308648	0.00469915798640749	0.00537672029843165	0.00997972019267125	0.0105124784772775	0.00254994704175703	0.00598937313957449	0.0114719360449452	0.0167520934367212	0.00442585843357243	0.00698386725047884	0.0068711230671505	0.0169232721494747	0.00331974960994271	0.00826228058188454	0.00982983979818906	0.00545028552190053	0.0170778058971911	0.00922321207297712	0.00348799828251645	0.0024384658074351	0.0060399367633442	0.00533433864568659	0.0124655110909789
HT29_G1_2A_2	0.00629252587459492	0.0107389731168786	0.0290782844342558	0.00671012267155193	0	0.00488395971921496	0.00376501115827207	0.00811458703369243	0.00934881444596331	0.00425632445704148	0.00612417026766997	0.00951415220030014	0.0107314292493123	0.00755127716853148	0.00913249381252724	0.00328018835863759	0.00135500074546112	0.0130030817969103	0.0021163846011105	0.00496558856083269	0.00709543750969811	0.0135370327358767	0.00172416190604925	0.0228149384782207	0.00328394495010233	0.0104801620452019	0.004159180561807	0.000706237409364228	0.0242878263198842	0.0026409267419928	0.00657258590801698	0.00861662374863442	0.00490852008721616	0.000770105933083912	0.00781557553750851	0.010277189045067	0.00792424705716576	0.0102424591724722	0.0101776544473948	0.0122150061975964	0.00692751442553952	0.00167003895692495	0.00515167932606609	0.00722566307593719	0.00173579536769485	0.00242555935217516	0.00995617837493864	0.00705530848776116	0.00477461707386065	0.00439687759092911	0.0207655758818112	0.0143323042627878	0.00768980183982113	0.00584285328405053	0.0168542529517469	0.00870780436779444	0.0107979317731074	0.0113445567963696	0.00611956128763656	0.0089701307146957	0.00271124926430751	0.00428601993045027	0.00150666522062689	0.00771015853893259	0.00204499932117661	0.00838791828565533	0.00576293254011572	0.0109475470758062	0.00437680322557856	0.00989833575775226	0.00682128141788387	0.00453689664560975	0.00667286910591328	0.00646684040551826	0.00498360343741371	0.0114154263469758	0.00708974261372927	0.00660229070864961	0.00147016399711713	0.0105029737048192	0.00581908075738087	0.0039799611978119	0.00390491999277296	0.00780628231320964	0.0103804931929428	0.00411294396670974	0.010028356214713	0.00864206268031954	0.00227802400934378	0.0117156574258851	0.0191260945152525
HT29_G1_2A_3	0.0111758302053916	0.00736757723006845	0.0249999777099745	0.00355177110444539	0.00488395971921496	0	0.00789618908647574	0.00329997058015547	0.00535393363644875	0.00674108006359055	0.0106068306317832	0.00478457156266309	0.0152823778412824	0.00569697972077258	0.00469193861426335	0.00813823763907229	0.00517829076433892	0.00935536313431936	0.00474778827856434	0.0079568256991636	0.00258877925097391	0.0132446967185283	0.00618154082125417	0.0187142922790779	0.00202218399965815	0.0147584046464593	0.00461273761749782	0.0052419290388283	0.0288342169832546	0.0062037171060765	0.0105765435606032	0.011263543991485	0.00394402571894861	0.00529240587309813	0.00407277560042228	0.00550954621323996	0.0126118826601696	0.0058642202868665	0.00882182963598939	0.00783077136490645	0.00217097133977893	0.00509743781843015	0.010025686677316	0.00234431907407124	0.00390643304555354	0.002648953490423	0.0133808420788296	0.0031381425949229	0.0070106236566975	0.00826693423490699	0.0161856067331298	0.0108029508090467	0.00737704029481282	0.0104795385591085	0.0213218372067701	0.00801237747149705	0.00632014331894371	0.0149244009262397	0.00853251255943148	0.00445613982211457	0.00459437207080594	0.00666625725621307	0.00606839126619632	0.00282922781258339	0.00377872058621996	0.0131697875761276	0.00123076718024719	0.00655427568241065	0.00565668294719182	0.00501447009250816	0.00643131032209498	0.00755924918017977	0.00199604627746073	0.00275698026022936	0.00984183385507892	0.0133576108602784	0.00230224662776292	0.00360594969965146	0.00432018968236663	0.0140252940789672	0.000941870908715465	0.00800408652297407	0.00690816645172712	0.00321352202533235	0.0146405266627272	0.00604214399353107	0.00587263324034164	0.00436338528954734	0.00320373867537775	0.00727055674507832	0.014857360127714
HT29_G1_3E_1	0.00466300130717176	0.014436161500845	0.0300118387590199	0.0082731333277497	0.00376501115827207	0.00789618908647574	0	0.0111843537989298	0.0110068892082121	0.00738077852686625	0.00659847347262318	0.0119107948211408	0.0103592599888067	0.0113161040812782	0.0112173868593562	0.00343658501440845	0.00279500415096046	0.0140009343919929	0.00575164044919706	0.00761530630127835	0.00947785444163826	0.0118047898218515	0.00430332598043138	0.023883974116105	0.00679648118702266	0.010716193091962	0.00459544989129604	0.00407874047576635	0.0233997591420871	0.00173249100563945	0.00781713486074301	0.0109308904142515	0.00867307703957476	0.00302010173985786	0.0113915019695601	0.0133984734892732	0.00747340257646705	0.0136527828190415	0.00965615768125403	0.0140055962626364	0.00956402306930476	0.00280625978368542	0.00354728664628991	0.010079945219566	0.00399477358749095	0.00526836072256396	0.0114303256841033	0.00902103248591069	0.0079136244644264	0.00638814747283565	0.0225372834091428	0.0151278732766306	0.00690673018783921	0.00597524759286354	0.0163279612035496	0.00796190802988445	0.0127871646871848	0.0125164660011723	0.00344126797452546	0.0122954693065734	0.00638982813175523	0.00269100878801943	0.00226886523754609	0.0106268719956797	0.00412260787001856	0.00749555225507643	0.00839277898305604	0.0128316677596208	0.00388060652299137	0.0127039273463426	0.0104966221245346	0.00726831547838418	0.00925768459047653	0.00999862246447129	0.00430071969585785	0.0139655491355311	0.0101981872690844	0.0102718101131719	0.00521703457083735	0.0118158077964821	0.00873585481410686	0.000276659272550597	0.00681995239617883	0.0110708403056623	0.0106596302680043	0.0075075005288121	0.0117534402012724	0.0106290775770572	0.00598672193448958	0.0136071597563949	0.020493193993427
HT29_G1_3E_2	0.0143933315686687	0.00547704512856403	0.0230922977381153	0.00488728838184909	0.00811458703369243	0.00329997058015547	0.0111843537989298	0	0.00487004704444121	0.00907494440808521	0.0135034600650545	0.00285344353832254	0.0181424445591162	0.00574586198232121	0.00361831262073748	0.0113101480204499	0.0084782016555993	0.00856432713230941	0.00756580030751833	0.0103327260120434	0.00273468711614506	0.0148159318032326	0.00924271970426841	0.0168821425935397	0.00494277874212867	0.0174444188534686	0.00752294094589939	0.00839160838228937	0.031600537360673	0.00947837090944148	0.0132257795798217	0.0131754939768345	0.00549208532033737	0.00857325423464187	0.00282641195227908	0.00221445775826347	0.0156017993563636	0.00299377659791579	0.0101361565048519	0.0061543478340738	0.00210862003101392	0.00839272088385034	0.0132655329526489	0.00130827521802952	0.00720265980164035	0.00594889819952644	0.0156047249323605	0.00385779850513396	0.00919319442096824	0.0109802325674732	0.013750185059195	0.0100028637174037	0.00949234533434005	0.0134672938791472	0.0240627400143421	0.00983675452452107	0.00469885602425736	0.0171839200162655	0.0115192809235325	0.00162760021106613	0.00722350146065428	0.00976157262275818	0.0093587997550943	0.000789310094469944	0.00706195064684871	0.016229513750555	0.00298425287479964	0.00506190994839612	0.00861019975511865	0.00202861014830727	0.00733486313903469	0.00999462346712392	0.00240391307993344	0.00270654237920909	0.0130007892040817	0.014728937914874	0.00102562509253921	0.00365680451792796	0.00732653663420882	0.0162806868820068	0.00245809395989138	0.0112835032594037	0.0094207052245887	0.000927643610969348	0.0173172881027616	0.00828492010904058	0.00497264726202079	0.00377245453535776	0.00615613461075518	0.00555477711531165	0.0129125541219175
HT29_G1_3E_3	0.0152443800028977	0.0102986116299745	0.0197917607322696	0.00275006891503861	0.00934881444596331	0.00535393363644875	0.0110068892082121	0.00487004704444121	0	0.0120565807340504	0.015452472868694	0.00248577872091835	0.0200793629825764	0.0102974839266187	0.00132489160141034	0.0125350258237921	0.00896743160797587	0.00401519363673741	0.00990259476961322	0.013243820801409	0.00283542243510327	0.0105335568254707	0.0109643896731894	0.0135084738927065	0.00730013699351948	0.0197606386543847	0.00643069229729226	0.00991629165673044	0.0336301394472335	0.00935495813417435	0.0156752616143326	0.0166142262122319	0.00918079549234398	0.00942082870967233	0.00761116723895636	0.00586588109187012	0.0172588817874655	0.00748695760944982	0.00589354741682201	0.0029989462927844	0.00349657312076678	0.00870276845688588	0.0140380865973428	0.00404664411699389	0.00776059896437358	0.00696156763171082	0.0186672051131133	0.00233270898569603	0.0123512548668278	0.0133681796584687	0.0115596993697466	0.00547384891476965	0.00635164343478449	0.0151911998675829	0.0261987265564048	0.00621820647510119	0.00196824321373625	0.0201893037648687	0.00984142850809064	0.00637884105332447	0.00986246748074151	0.0086869151378495	0.00999738951974704	0.00421877354775008	0.00747922721787288	0.0176617302874441	0.00412348425167599	0.00188573424323839	0.00733182312309928	0.00423308810363509	0.0115181229178611	0.0128315584192268	0.00349474360583946	0.00699883995529252	0.0141895525318599	0.0186699866988516	0.0049854766292153	0.00806084750416436	0.00932265017737647	0.0192971181945116	0.00467999996946517	0.0109862502488484	0.012162061899878	0.00572934895604674	0.0196528457789022	0.0113825004116619	0.000752066811256038	0.00112813659834461	0.0083564047960333	0.00263392695376351	0.00977797250454749
HT29_G1_3F_1	0.00736774439083364	0.0092800011642477	0.0317327227917576	0.00982006862311741	0.00425632445704148	0.00674108006359055	0.00738077852686625	0.00907494440808521	0.0120565807340504	0	0.00499575993311832	0.0113801313938213	0.00933161050933076	0.00550819289842086	0.0114261766686338	0.00469834998739138	0.00559667578838232	0.0160122005594016	0.00240471953355533	0.00125797984733735	0.0093297082934239	0.0177520351320775	0.00307946228245838	0.0254500216112416	0.00475668863465601	0.0084365824391161	0.00822387828088665	0.00361206251994093	0.022590822445881	0.00677680200273126	0.00425772338514319	0.00464524075288241	0.00372403787108569	0.00491965700164039	0.00739201514832014	0.0108233334886459	0.00720420389792674	0.0100523203230286	0.0141462559715366	0.0145527136171951	0.00885330382081491	0.00592520817694074	0.00669902983293334	0.00875207362640297	0.00571911376551479	0.00561159326267651	0.00664502915544371	0.0097570675798397	0.000535677210575189	0.00232111655619067	0.0227434579206454	0.017435304776944	0.0118174751370961	0.00526615663863385	0.0150553059135456	0.0127925772142428	0.0130308946459464	0.00820012071179348	0.0102793703667817	0.00919115987568087	0.00222254175430032	0.0085223127650683	0.00532727323898835	0.0090364779905594	0.00598980371482507	0.00803780186676705	0.00795507644503964	0.0132827651051957	0.00859928016518248	0.0110999825242767	0.00383038326959252	0.000951064041462253	0.00872257439553465	0.00652525973470883	0.00577658220332793	0.00722154128659312	0.00816468576133355	0.00597037349809608	0.00317792239118868	0.00729768101444613	0.00756016500659134	0.00764743533168567	0.000685056161904216	0.00838002984454241	0.0083037714559896	0.000806259202605414	0.0126072482458156	0.0111012092834671	0.00378233882551503	0.0139815242307202	0.0215749479402108
HT29_G1_3F_2	0.00346369284549984	0.0142753553344417	0.0351994735169286	0.0128339965944851	0.00612417026766997	0.0106068306317832	0.00659847347262318	0.0135034600650545	0.015452472868694	0.00499575993311832	0	0.0153863544216678	0.00467611052531601	0.0105002428056115	0.0151456173635569	0.00331598616241779	0.00683443607027948	0.0191220507058242	0.00594042472264982	0.00403205647790604	0.0130555571909836	0.0183894003983853	0.0044946157233392	0.0289348940591334	0.00864164779765854	0.0043834354456036	0.00995744608041645	0.00553660450322134	0.0182409615327917	0.00723087085452884	0.00166237473342104	0.00542881675751192	0.00856386622234958	0.00621172727271114	0.0122373152303574	0.0154612432794128	0.00220990760945312	0.0148993130743983	0.0158204093458864	0.0182674413849577	0.0127670487522828	0.00718320560926419	0.00363360262763043	0.0128926625424054	0.0078101568478236	0.00849217371774735	0.00498443900777268	0.01313898312479	0.00522871042633056	0.00268897307867834	0.0267590772148552	0.020437699108576	0.0131312066826448	0.00073316512283478	0.0107571533348514	0.0141995385620118	0.0168120572063427	0.00593227633346323	0.010037935491556	0.0139051618596623	0.00630553921630245	0.00898230067181596	0.00590503165336386	0.0132905030090596	0.00811503575497587	0.00305880576044147	0.011670297973888	0.0169902402949595	0.00976353617365232	0.0154659254177457	0.00872626946632122	0.00410593727953021	0.0125548649777881	0.011199248967378	0.00247832124878996	0.00842813892419495	0.0125104295091344	0.0108157571819323	0.00628694591625153	0.00528003877653488	0.0115356865071843	0.00684885697292268	0.00439877785595555	0.012946290249782	0.00429399116678678	0.00574578560925961	0.0161161248578883	0.0146927010189477	0.00742064051544372	0.0177466360846999	0.0252240043293702
HT29_G1_3F_3	0.0157331713886543	0.00801126593978383	0.0204392225686746	0.00401483177035421	0.00951415220030014	0.00478457156266309	0.0119107948211408	0.00285344353832254	0.00248577872091835	0.0113801313938213	0.0153863544216678	0	0.0200619141706119	0.00858962783273709	0.00120039729989897	0.0127939357401068	0.009486248903041	0.00575774935378925	0.00952379472285738	0.0126254788513535	0.00245629216156052	0.0129987530621101	0.0109353395365263	0.0141846044594308	0.00678843321010207	0.0195362243876773	0.00758616514884111	0.00995599663273789	0.0336164956638283	0.0101846684793565	0.0153432242144717	0.0157181306797876	0.0080391354186618	0.00978122184362783	0.00567489266467057	0.00339467591073503	0.0173649165461056	0.00508467910623818	0.00833108367994951	0.00333169238488433	0.00261961035087157	0.00929804457246411	0.0145477954658153	0.00263842511569123	0.00818758222055905	0.00710849974794724	0.0180113821334568	0.00300557156836754	0.0115794569302422	0.0130396105319218	0.0114084493401961	0.00717780579641074	0.008428502132881	0.0152393057132805	0.0261052558539724	0.00847252176272837	0.00184694484718049	0.0195757103943061	0.0113972114394511	0.00412596520063439	0.00932258421427	0.00993951268707106	0.01048070900002	0.00247544473268424	0.00795947588488959	0.0178872531097076	0.00375282659967511	0.00220898238143771	0.00862477110119633	0.00174951253973032	0.0100982166663122	0.0122486978474301	0.00284665116369083	0.00543214152275894	0.0144957470398198	0.0174550412874312	0.003388008890331	0.00644797381497419	0.00910044965716188	0.0186721788921316	0.00387269961078203	0.0119458023582515	0.0116209157990583	0.00378080095022142	0.0194170938853654	0.0106286219783545	0.00230439614920814	0.00173726137045945	0.00798718321410253	0.00273146279743948	0.0102482135266021
HT29_G1_4A_1	0.00584101339149933	0.0184457475537216	0.0397744836909023	0.0174235585512818	0.0107314292493123	0.0152823778412824	0.0103592599888067	0.0181424445591162	0.0200793629825764	0.00933161050933076	0.00467611052531601	0.0200619141706119	0	0.0146739616827363	0.0198096369629191	0.00763847558446654	0.0112819677764359	0.0236711703028865	0.0105964695572156	0.00816409832273014	0.0177254602684143	0.0219763200403932	0.0091540429925921	0.0335269486680662	0.0133115317344316	0.00170899851283593	0.0143341257936525	0.010179972928447	0.0135717379209958	0.0114164302349026	0.00509162504683584	0.00757146504995866	0.0130344620697553	0.0107229339115331	0.0167155953976392	0.0200524067239373	0.00291634003256315	0.0193790976531598	0.0199695883372961	0.0229229879410149	0.0174427314747069	0.0116070504118401	0.00682647021671192	0.0175626684435118	0.0123654549670949	0.0131318834762307	0.00526849507327476	0.0177790064746056	0.00942392588670468	0.00718378546773171	0.0314293715902768	0.0249513152064244	0.0172281592141776	0.00489007722149146	0.00613185761871611	0.0182930210095215	0.0214768551610761	0.00483544940454058	0.0136188400635881	0.0184622938181093	0.0109218182831425	0.0129926705313952	0.01028641932545	0.0179526027818714	0.0126629307504501	0.00295176261354589	0.0163430781132956	0.0216483232671602	0.013976290679961	0.0201198242617839	0.0127389402377316	0.00838304842804435	0.0172295895113153	0.0157629795323335	0.00615560388140201	0.00970047991888655	0.0171592863549001	0.0152912628914714	0.0109628485416626	0.00493401482904848	0.0162102321987172	0.0105566034341361	0.00883543270512775	0.017552340739634	0.00182248589194001	0.010129826085804	0.0207549561143016	0.019347093417878	0.0120928782656828	0.0224081731718827	0.0298550005946448
HT29_G1_4A_2	0.0126644741866696	0.00378429130797281	0.0286895353743391	0.00917360341318138	0.00755127716853148	0.00569697972077258	0.0113161040812782	0.00574586198232121	0.0102974839266187	0.00550819289842086	0.0105002428056115	0.00858962783273709	0.0146739616827363	0	0.00919651207919382	0.00968651784541651	0.00868224608500966	0.0142036341790397	0.00569887622916179	0.00654422582869808	0.00756433602105706	0.0189160457800406	0.00755487414128911	0.0225387394540422	0.00503861474182934	0.0135724439537734	0.00977115332744188	0.00731578271042505	0.0275307072928049	0.0100249423382124	0.00959588227895854	0.00825909826127573	0.00264740944909493	0.00830410686572119	0.00301149842483662	0.00659518840244	0.0127054701621221	0.0052350059831177	0.0145161649489324	0.0118998368690416	0.00684105751748285	0.0088404448589282	0.0118164593068187	0.00625573766663649	0.00791656708029528	0.00690542120211326	0.01097174439587	0.00851481259701383	0.00529491383211865	0.00782858391297298	0.0190951656272941	0.0156603675998566	0.0129684802720428	0.0107654934163102	0.0200723348301305	0.0136744317428841	0.0104362847991612	0.0125278856639623	0.0132119573472238	0.00495631692970368	0.00505663438639961	0.0112427826946689	0.00905185104158887	0.00617947072576412	0.00800842533284539	0.0135457535027475	0.00666926955042976	0.010790515881431	0.0106387112229805	0.00754801563844914	0.00203490383959836	0.00640174878382392	0.00692422272197113	0.00330328191982105	0.011071966231999	0.00922087489234262	0.00532950426571425	0.00224346186276389	0.00611015732324751	0.0116605226189235	0.00588258548165419	0.0115291693364084	0.00613866065783217	0.00482110311470769	0.0134311543927783	0.00479774333158763	0.0105635943547423	0.00917189188134111	0.00540639153201189	0.0113003889592976	0.0185581287044773
HT29_G1_4A_3	0.0152358065813356	0.00899927231335052	0.0203106466847656	0.00306000958233128	0.00913249381252724	0.00469193861426335	0.0112173868593562	0.00361831262073748	0.00132489160141034	0.0114261766686338	0.0151456173635569	0.00120039729989897	0.0198096369629191	0.00919651207919382	0	0.0123899775578322	0.00894320042479819	0.00500761978731241	0.00940599986989937	0.012647596432591	0.00211381655685039	0.0118017498290774	0.0106563776018348	0.0140258020596971	0.00670801642455999	0.0193825025815528	0.00675712687984581	0.00963722427130264	0.0333779882189062	0.00951227270067678	0.0152316635973134	0.0158945955148765	0.00831282419369174	0.00931187988103986	0.00641116449843817	0.00454737008457288	0.0170482168161435	0.00616370150975367	0.00713101886101055	0.00314501849426884	0.00259894555368613	0.00871958955078454	0.0140370964913259	0.00296667859249861	0.00767238189865437	0.00670721157505778	0.0180691200828078	0.00219703634819075	0.0116760870349079	0.0129177452073424	0.0116350307357183	0.00646574479995986	0.00729399420678701	0.0149436851805182	0.0258982089955593	0.00729524435646482	0.00166785320408293	0.0196151301794963	0.0104436318005017	0.00507985349884887	0.00928487609201198	0.00909328158186641	0.00996127371907819	0.0030315353491848	0.00741765298321222	0.0175160597389652	0.00351222337026679	0.00186465040051321	0.00775329810836455	0.00292741725088753	0.0105419619331051	0.0122509826307974	0.0027038803245657	0.00592943418369645	0.0140771636059329	0.0178053977711191	0.00386961896963679	0.00698381247416237	0.00890111880443365	0.0187156016134242	0.00388115175696159	0.0112292495125395	0.0115988410468872	0.00450896963537009	0.0192686503875801	0.0107107855889207	0.001369619315738	0.000625577274714496	0.00784972785387244	0.00260323441701216	0.0101686328061617
HT29_G1_4B_1	0.00312349434527993	0.0132536659275814	0.0321552737763686	0.00983493565538895	0.00328018835863759	0.00813823763907229	0.00343658501440845	0.0113101480204499	0.0125350258237921	0.00469834998739138	0.00331598616241779	0.0127939357401068	0.00763847558446654	0.00968651784541651	0.0123899775578322	0	0.00364440914479556	0.0160434652619734	0.00411356618125579	0.00453762482605277	0.0103705504747816	0.0151308907187345	0.00219961846808879	0.025919424672678	0.00638183139873787	0.00764853840458861	0.00671405000260371	0.00291867941927058	0.021122123746429	0.00391574045621365	0.00438910972441178	0.00757279518584674	0.00724444971658687	0.00311613650980165	0.0106512132830514	0.0134292356689533	0.00475272468370414	0.0132138325246102	0.0125131575851307	0.0154454690842715	0.0102061484583993	0.00396925007328886	0.00213597204990722	0.0104824243232512	0.00477567465466153	0.00569480664313489	0.00800576111780821	0.010278317927677	0.00518095557182139	0.00310449485948408	0.0240139375002038	0.0173150703711271	0.00981670761582652	0.00281978498539115	0.0137650252944139	0.0108854969831037	0.0140512467969604	0.00914468417665897	0.00685232691197449	0.0120277247503653	0.00470560651369697	0.0056745436646775	0.00265203357953837	0.0109515027803682	0.00506280558864091	0.00513188931143187	0.00904305953007647	0.0141869376107128	0.00645754292836777	0.0131462824593195	0.00836717751422825	0.00427910214797968	0.00995292289970682	0.00940045380322455	0.00170501102579768	0.0106381514360769	0.0102855292791991	0.00931001184090356	0.00405622716820286	0.00841339697138027	0.00907827316342639	0.00370601996257313	0.00403218031126967	0.0109209707459491	0.00757028775923332	0.00511487063123031	0.0132342995929056	0.0118834267906038	0.00520563940808563	0.0149595486984369	0.0222974006263971
HT29_G1_4B_2	0.00629672890988317	0.0116702490946365	0.0285164020258348	0.00623661606432511	0.00135500074546112	0.00517829076433892	0.00279500415096046	0.0084782016555993	0.00896743160797587	0.00559667578838232	0.00683443607027948	0.009486248903041	0.0112819677764359	0.00868224608500966	0.00894320042479819	0.00364440914479556	0	0.0124023421321035	0.00345507755403453	0.00623793557634914	0.00703012746030005	0.0122617743337666	0.00282320876735255	0.0222870575056603	0.00400577763993174	0.0112162985915616	0.003131906485432	0.00199021924026028	0.0247514732701715	0.0013492080913851	0.00752895483299603	0.00986237737137599	0.0060386827006459	0.00071673437221542	0.00859839727109328	0.0106859744999218	0.00839500690827971	0.0108697712412935	0.00909824481333713	0.0119211887055625	0.00700419122660272	0.000367217697235756	0.00509519756931396	0.00743973810770164	0.00130614942206759	0.00252935368758942	0.0110272839367779	0.00677523569433753	0.00611943419773026	0.00549518481712335	0.0205047489059607	0.0136711784027147	0.00651459116120292	0.006430888377538	0.017409053874832	0.00755848153057795	0.0105811225065375	0.0123522804288475	0.00477480586477413	0.0095256347128205	0.00402406684475533	0.00293205705494443	0.00103007004668487	0.00796869723012429	0.00152933074843542	0.00872260247569221	0.00581717868741633	0.0106841309095321	0.00313574167625494	0.0101029221337376	0.00810122884732037	0.00581854051205534	0.00671539512537827	0.00720394541419768	0.00524114628821327	0.0127144225509814	0.00747434016691126	0.00750117823003207	0.00275338106685762	0.0115390344883574	0.00605863352627908	0.00295444432655151	0.00521074568240589	0.00831064713238486	0.0111282046533768	0.00546769665024297	0.00968473122382038	0.00839944078577891	0.00328151658980391	0.0114623834283737	0.0186970296884045
HT29_G1_4B_3	0.0185109877791614	0.0137222993221261	0.016116631730476	0.00631277430354474	0.0130030817969103	0.00935536313431936	0.0140009343919929	0.00856432713230941	0.00401519363673741	0.0160122005594016	0.0191220507058242	0.00575774935378925	0.0236711703028865	0.0142036341790397	0.00500761978731241	0.0160434652619734	0.0124023421321035	0	0.0137925777439553	0.0171763394253645	0.00684889534788377	0.00957342090721148	0.0146846165647244	0.00990649771525722	0.0112649769307335	0.0234811804853879	0.00947839875381549	0.0136241778914852	0.0371439001612896	0.0125056986308513	0.019482001174901	0.0205991299504588	0.0131946448491667	0.0129502225506362	0.0113860478628527	0.00890480133215643	0.020795377113502	0.0107138285610206	0.00592319395848289	0.00304079166319544	0.00749027119014078	0.0120916477564103	0.0173130525575195	0.00796377327163505	0.0113178135680068	0.0107136774585289	0.0225843223375063	0.00625790848243404	0.0163264298966865	0.017195465429665	0.00902309499130485	0.00146371741804238	0.00786867919216897	0.0187938562126839	0.0298007658744518	0.00718975643862245	0.0040106529346184	0.0240861915333002	0.012034234136502	0.00987672533946247	0.0138015506498096	0.0114129559573517	0.0134162063845945	0.00803263080585711	0.0110162038459727	0.0211053982553687	0.00812518111115281	0.00361501299217904	0.010126855838809	0.00729944854049458	0.0155095974515391	0.0167564725084479	0.00750660987119198	0.0109314050437949	0.0176278199249263	0.0226840235319804	0.00887646294471384	0.0119883871597985	0.0131651542650301	0.0232013926084008	0.00869454073507908	0.013920861687532	0.0160795334089651	0.00947890199999535	0.0233803988546435	0.0153590701688598	0.00364221213446789	0.00509355309916234	0.0122680629237088	0.00346603068787173	0.00656713743553519
HT29_G1_4C_1	0.007213529730241	0.00915815077684728	0.0296730769051757	0.00752734330775412	0.0021163846011105	0.00474778827856434	0.00575164044919706	0.00756580030751833	0.00990259476961322	0.00240471953355533	0.00594042472264982	0.00952379472285738	0.0105964695572156	0.00569887622916179	0.00940599986989937	0.00411356618125579	0.00345507755403453	0.0137925777439553	0	0.00342324817819258	0.00729239425833457	0.015403850244574	0.00191614440570667	0.0233861918756779	0.00273580016994579	0.0100131957524603	0.00583994094633185	0.00167307168612904	0.024116623032665	0.00475711567302224	0.00583042407669145	0.00702251493998785	0.00315211636795213	0.0028741034089395	0.00656655428244578	0.00956320726566065	0.00804318035529821	0.00917145019999183	0.0117420175719423	0.0125508395564362	0.00691808822588795	0.00373745194218625	0.0062415322413024	0.00697622127502124	0.00335038185608194	0.00322496050172007	0.00879539285025042	0.00757435127789752	0.00286471884632928	0.00351926868424142	0.020930015644955	0.0151937015432743	0.00943617652006215	0.00591357721538511	0.0165920826738734	0.0103996581850528	0.0110535518744097	0.0102971376704145	0.00822947704193645	0.00806168291468248	0.000647869965021795	0.00636464236150402	0.00350005588426633	0.00735679545840735	0.00360781272241557	0.0087054649696845	0.00589386539886546	0.0112700236648794	0.00628353566733962	0.00952670648860278	0.00474729415822165	0.00299066331758561	0.00673663361363672	0.00537690048322502	0.00567910159517935	0.00961596200263391	0.00657020726840955	0.00520380410440586	0.000785095594985687	0.00941052752105733	0.00565170648073418	0.00598967749963133	0.00230602672219597	0.00703937228770301	0.00989440462459035	0.00206403517215148	0.010501419364231	0.00901785705498971	0.00155672383407718	0.0120014947080798	0.0195694130461114
HT29_G1_4C_2	0.00680821581101809	0.0103281935078083	0.0329536966156377	0.0109402108520661	0.00496558856083269	0.0079568256991636	0.00761530630127835	0.0103327260120434	0.013243820801409	0.00125797984733735	0.00403205647790604	0.0126254788513535	0.00816409832273014	0.00654422582869808	0.012647596432591	0.00453762482605277	0.00623793557634914	0.0171763394253645	0.00342324817819258	0	0.0105442691390282	0.0184932257053219	0.00347593014376761	0.026669163113244	0.00595353165647214	0.00720554546611613	0.00907892246355066	0.00426988882055659	0.0213492454986062	0.00728728299210182	0.00307256430322643	0.00365994799782415	0.00495721983332107	0.00552797405418462	0.00860346686501436	0.0120679290370843	0.0062062875368151	0.0112554434335506	0.0150675037064704	0.0157805733438314	0.0100851743118043	0.00659023318431155	0.00632138951764668	0.0100013238448737	0.00657556305767732	0.00664049425651832	0.00542715720207338	0.0109311408299222	0.00126007136942652	0.00157527011601591	0.0239966728225572	0.0185891949111243	0.01264536630273	0.00442510130419844	0.0138171354972115	0.0136501163799284	0.0142618398190631	0.00696845995589257	0.010738988091834	0.0104281794530894	0.0033815894982893	0.00910025350487097	0.0057781446842147	0.0102916734413946	0.00686512813584179	0.00708885502991974	0.00916097274124106	0.0145075848678054	0.00933936853580115	0.0123578831775703	0.00470316863244365	0.000438389211124634	0.00994588094171869	0.00777365709388632	0.00526992261988952	0.00648618069722466	0.00942183054642247	0.0071877786856659	0.00414181645025793	0.00606880259443966	0.00879264020260859	0.00789035526660865	0.00112058144883749	0.00963382162432947	0.0070709023950964	0.00205357226057274	0.0138097910857311	0.0123079671154982	0.00491071535125903	0.0152127971835102	0.0228052907858923
HT29_G1_4C_3	0.0132847423776618	0.00811663585183473	0.022413969220159	0.00216182452683911	0.00709543750969811	0.00258877925097391	0.00947785444163826	0.00273468711614506	0.00283542243510327	0.0093297082934239	0.0130555571909836	0.00245629216156052	0.0177254602684143	0.00756433602105706	0.00211381655685039	0.0103705504747816	0.00703012746030005	0.00684889534788377	0.00729239425833457	0.0105442691390282	0	0.0121002085432793	0.00857443737952325	0.0161272845740649	0.00459757259977494	0.0172753391177452	0.00527577639174366	0.00756939082681667	0.0312931056721539	0.00774775677845111	0.0131190861202182	0.0138342324551837	0.00634613065373058	0.00733445267841678	0.00509368110070876	0.00457967897742795	0.0149868806917135	0.00571747935845451	0.00743712108117139	0.00525879552974525	0.000741437929515513	0.00684288809234781	0.0120965857488825	0.00151062856758547	0.0057323398614938	0.00467620734372397	0.0159689800749946	0.00112657369508	0.009593855922648	0.0108052732251447	0.0137069562482593	0.00830885120499868	0.00679276020905575	0.0128722453502917	0.023803169139292	0.00710391440752631	0.00376664019682281	0.0175108068706241	0.00920397416702548	0.00435948233879174	0.00717566870267013	0.00761947876412509	0.00802646582879405	0.00194609905491009	0.00550323002784989	0.0154815109541864	0.00139878996633566	0.00397833450292365	0.00634762219681072	0.00339074345388801	0.00869495843978757	0.010144542602515	0.000660845147516747	0.00426646957704168	0.0120683436226445	0.0158392419649736	0.00240837297707373	0.00532141632769203	0.00679538898910089	0.0166123332585604	0.00184638829262213	0.0095223382220199	0.00948944945186558	0.00336772165877775	0.0171607092141422	0.00862620670184108	0.00329569531641137	0.00178489535134484	0.00573625922912161	0.00471156183499767	0.0122814369680499
