	HT29_G1_1B_1	HT29_G1_1B_2	HT29_G1_1B_3	HT29_G1_2A_1	HT29_G1_2A_2	HT29_G1_2A_3	HT29_G1_3E_1	HT29_G1_3E_2	HT29_G1_3E_3	HT29_G1_3F_1	HT29_G1_3F_2	HT29_G1_3F_3	HT29_G1_4A_1	HT29_G1_4A_2	HT29_G1_4A_3	HT29_G1_4B_1	HT29_G1_4B_3	HT29_G1_4C_1	HT29_G1_4C_2	HT29_G1_4C_3	HT29_G1_4F_1	HT29_G1_4F_2	HT29_G1_4F_3	HT29_G1_5A_1	HT29_G1_5A_2	HT29_G1_5A_3	HT29_G1_5B_1	HT29_G1_5B_2	HT29_G1_5B_3	HT29_G1_5C_1	HT29_G1_5C_2	HT29_G1_5C_3	HT29_G1_5D_1	HT29_G1_5D_2	HT29_G1_5D_3	HT29_G1_5E_1	HT29_G1_5E_2	HT29_G1_5E_3	HT29_G1_5F_1	HT29_G1_5F_2	HT29_G1_5F_3	HT29_G2_4G_1	HT29_G2_4G_2	HT29_G2_4G_3	HT29_G2_4H_1	HT29_G2_4H_2	HT29_G2_4H_3	HT29_G2_5A_1	HT29_G2_5A_2	HT29_G2_5A_3	HT29_G2_5B_2	HT29_G2_5B_3	HT29_G2_5E_1	HT29_G2_5E_2	HT29_G2_5E_3	HT29_G2_5F_1	HT29_G2_5F_2	HT29_G2_5F_3	HT29_G2_5G_1	HT29_G2_5G_2	HT29_G2_5G_3	HT29_G2_5H_1	HT29_G2_5H_2	HT29_G2_5H_3	HT29_G2_6A_1	HT29_G2_6A_2	HT29_G2_6A_3	HT29_G2_6B_1	HT29_G2_6B_2	HT29_G2_6B_3	HT29_G2_6C_2	HT29_G2_6C_3	HT29_G2_6D_1	HT29_G2_6D_2	HT29_G2_6D_3	HT29_G2_6E_1	HT29_G2_6E_2	HT29_G2_6E_3	HT29_G2_6F_1	HT29_G2_6F_2	HT29_G2_6F_3	HT29_G2_6G_1	HT29_G2_6G_2	HT29_G2_6G_3	HT29Root1_1	HT29Root1_2	HT29Root1_3	HT29Root2_1	HT29Root2_2	HT29Root2_3
HT29_G1_1B_1	0	0.00679736196991424	0.0177447635608892	0.00635939567353531	0.00945761439374695	0.0137674248471226	0.00854717251202599	0.0102949851661117	0.0121507950595058	0.0077247252771861	0.00835934491634303	0.0244837625886386	0.00679386451239492	0.0124677803745867	0.01182462543805	0.0121184750694293	0.0208072230899075	0.00530286400739764	0.00612073134709762	0.0063258435508562	0.0123098197108053	0.0129888988166871	0.00828851922191239	0.00425971162823734	0.0105870108439874	0.00194584109941205	0.00565229780742966	0.0018701251788519	0.0036035242841944	0.00961507652916903	0.00255460687236214	0.00198369324341424	0.00694445864008327	0.00473193237640988	0.00733105007297881	0.00616528075040084	0.00639654457084668	0.013851281669107	0.00896544466832628	0.00779284395803183	0.00639179145318461	0.0092656261492241	0.0118877336198714	0.01839050966774	0.00999369915605306	0.00846042877380409	0.0161045869024012	0.00590877321178515	0.0067384425694907	0.0234448249569086	0.00553619016698876	0.0195378668368445	0.00964208905782751	0.00217040664441216	0.0179375430235541	0.00829454282962206	0.0112687717252125	0.0155676094688393	0.0112060122128407	0.0146450469594884	0.0251526688003056	0.00915180976675356	0.0057707905267042	0.0305815871109407	0.00300150544456832	0.0097260619038545	0.00654418013262098	0.00975869313581763	0.0063195465176951	0.00881045355183366	0.00975762840535718	0.0183503593823508	0.00556979723628122	0.00364430285085682	0.00647117084459719	0.00658221387330464	0.00659103227321256	0.00554674967062393	0.0103266878646754	0.00913476221389828	0.00994132920840578	0.00657413717091821	0.00754700699795942	0.00750283072116419	0.00712098244737045	0.00297777070721432	0.0215326257821661	0.0104780638992903	0.0187309895377254	0.0288829289662801
HT29_G1_1B_2	0.00679736196991424	0	0.0111843290837431	0.00464880657545868	0.00672719270562959	0.00826390692740195	0.00622766614453098	0.00351747140789037	0.00841009150888491	0.00314732373798213	0.00807417248451507	0.0186601344993546	0.012162924331628	0.00707446612929684	0.00740171244290327	0.0080162718514169	0.0140435937814023	0.0117036226030758	0.00327984896015579	0.00719583273682311	0.0180127506580933	0.0195096541101302	0.00451987089387424	0.00332400927213174	0.00462711137176802	0.00755703789174977	0.00838829543121066	0.00852765531375859	0.00709245906757062	0.00742339124345481	0.00520730109573114	0.00486817363490363	0.0134597870675419	0.00736943230817662	0.0130110510888687	0.00987841603308022	0.0128240826823524	0.010077368758709	0.00771467225052018	0.0098245162253737	0.00516800557296867	0.00462186677444685	0.00810975373525494	0.0118737400865559	0.0071104584006396	0.0147249110946135	0.0103170821552196	0.00263108300347599	0.00324709124724232	0.0170624338562614	0.0108439776789648	0.0135676641880803	0.00680842650622133	0.00593165935702912	0.0136571761489601	0.0088751049836876	0.00462700980815832	0.00887982065798439	0.00465433618126973	0.00898831146049337	0.0184373414933591	0.0135408400409978	0.0050234278608703	0.0248186816908924	0.00922091453415447	0.00705898536061846	0.0015846571968636	0.00568715774924215	0.0130089561485995	0.00526386367751345	0.00385659253962804	0.0133842619008686	0.00642387899195291	0.00456299792560469	0.00811995740628757	0.0129234412422466	0.00566769450862132	0.0114492387057257	0.00566293968237255	0.0153242948811684	0.00757596545007393	0.00389045504163478	0.00547779715719412	0.00762335881493093	0.00773221750396201	0.00870724866707899	0.0150926624817781	0.00593285914710191	0.0120007919562935	0.0234873673812451
HT29_G1_1B_3	0.0177447635608892	0.0111843290837431	0	0.0144073541750038	0.0111383578933585	0.00684298556855445	0.0140548645245397	0.00797493999033024	0.00940963672993443	0.0115808469136384	0.01415182535796	0.0118661056190036	0.0215348999485743	0.00840315399617426	0.00900381276538684	0.00891767128295524	0.00629947760700477	0.0220899909891223	0.0132789947326502	0.0150587696925475	0.0279030887140273	0.0303336681956004	0.0105442482492213	0.0137221602662173	0.00801527392922704	0.018524469579037	0.0172073483469376	0.0193063605914457	0.0168819348509069	0.0148090130355002	0.0163039992984296	0.0157637268965462	0.0240624966397925	0.0182084792455083	0.0227281096757012	0.0197997086028414	0.0232464002657458	0.0102621177260367	0.0160345946742484	0.0182345479215974	0.0129680959825258	0.00932659727760049	0.00937633581689023	0.00161979511261952	0.010892238806904	0.0248700989617362	0.0042097658208988	0.0120489896451315	0.0114812286777768	0.00832214219476282	0.0204631660697015	0.00491857692229872	0.0110750187633464	0.0170637943908132	0.00963713792703031	0.0153686514228796	0.0071860690235019	0.00262420836515565	0.00833070761883935	0.00512350925511351	0.00807260827664486	0.0232779603419799	0.0141126010414167	0.0155598145163795	0.0199023585641693	0.0112696729416204	0.0114367682086352	0.00967577434471975	0.0239723903685373	0.0121754959780088	0.00827373238005584	0.0081581340659624	0.0169300621167587	0.0147335806763302	0.0176451874537645	0.0231605005459164	0.0132761301190853	0.0215651043895467	0.0116772227345987	0.0256935815391577	0.0116222686605742	0.0123832906542454	0.0147210332755229	0.014985214263033	0.0158612469290053	0.0190718550167023	0.00670520078281463	0.0108950310854836	0.00268059630207413	0.0141215030288473
HT29_G1_2A_1	0.00635939567353531	0.00464880657545868	0.0144073541750038	0	0.00991309227283045	0.0127854719248636	0.0027319133088721	0.0071574896559985	0.0119155463177347	0.00295515635353057	0.0108505010632623	0.0226414377021157	0.0120698894783474	0.0115509574372711	0.0119812147812445	0.0108819159261422	0.0164248974805234	0.0105723955426302	0.00146542650113679	0.00982270482574941	0.0153558790742133	0.0170035847202252	0.00862441177241093	0.00590687989330298	0.00914140067296506	0.00749367979686142	0.00791642530159298	0.00816259165526878	0.00676675857918153	0.00358395455719007	0.00386416334200449	0.00520469329452774	0.0116519675911263	0.00434169788019298	0.011807682667533	0.00661384490796603	0.011348142921967	0.0146407300649968	0.00329980635264688	0.00742263965361147	0.00812618289694407	0.00778993664634413	0.0114656512877973	0.0153937383145257	0.0105360781563642	0.0131948758716771	0.014224145040502	0.00630533213257468	0.00596407986779702	0.0207501058827163	0.01034887584343	0.01760030163925	0.0106440191622975	0.00567074286914161	0.0179482347624695	0.0117171794500658	0.00850705441640648	0.0122179930191003	0.00762295880324106	0.0130986158132623	0.0214952704423286	0.0100897392509747	0.00830667437621209	0.0289705477611084	0.00773079670471578	0.00963771449251645	0.00592562192164992	0.00840938485172105	0.0112005503102014	0.0092169430902129	0.00832176196061692	0.0178133817505267	0.00315418232466673	0.00495315690554912	0.00427189305542357	0.0117789061203258	0.00750600682141566	0.0101265687927852	0.00423891245838798	0.0130539122092158	0.0111133471513231	0.00460527128850926	0.00193815101593159	0.0110384951533626	0.0108942226871738	0.00776450050026537	0.0187416040927827	0.00511798439016935	0.0151660935536996	0.0274200675438232
HT29_G1_2A_2	0.00945761439374695	0.00672719270562959	0.0111383578933585	0.00991309227283045	0	0.00791261131006829	0.0104295466678759	0.00765064723637197	0.00278544363038049	0.00789544222844884	0.00320259974093767	0.0194382077723905	0.0108534158012417	0.00872616834891999	0.00571003587642201	0.00345028318095472	0.0163894255355393	0.0122731759369737	0.00854544321116035	0.00481446422884356	0.0184519531975862	0.0210468281453108	0.0030872518564014	0.00634424340271024	0.00669812664502558	0.0106075692748042	0.00745854421734392	0.010373570545907	0.00747034912735958	0.0119805743962178	0.00940200768021144	0.00789683733708621	0.0145293174964719	0.0123803989685088	0.0124962617019906	0.0121211234802392	0.0134674606807406	0.00736011137124913	0.0127316091890149	0.0103133119992993	0.00322645997975165	0.00310203314841899	0.00256342623204814	0.0117345318050753	0.000802620935280377	0.0147751827339836	0.00818701069364326	0.00495290074310766	0.00397538624193679	0.01769433779153	0.01013114048821	0.0119890123833215	0.00210468343959712	0.0100347159790872	0.00943997076143247	0.00484024359972069	0.00799418482930247	0.00999749220781308	0.00954715921528785	0.00700329388336372	0.019005109822721	0.0153065380973454	0.00724007152121827	0.0231523293385307	0.0109340854770504	0.0015831571126753	0.00611139842211056	0.00277799991733363	0.0149724935226025	0.00881521480636436	0.0052727061030668	0.0105637610812901	0.011996436193751	0.00645095955670721	0.0112820793899193	0.0131043235761299	0.00339801629110536	0.0117245798826107	0.0108903191811876	0.0161633442136494	0.0017023872607503	0.00557599421136049	0.011464262798821	0.00661745249268224	0.00845721426260902	0.00969543765344309	0.0159915105385902	0.00911808460547421	0.0130735635331235	0.0200899645964708
HT29_G1_2A_3	0.0137674248471226	0.00826390692740195	0.00684298556855445	0.0127854719248636	0.00791261131006829	0	0.0136782554031871	0.00614293902116099	0.00692828293405903	0.0104297680794966	0.00991708072155016	0.011617802955582	0.0173816148642743	0.00272877112266646	0.0029144859223079	0.00798457504771352	0.0109894809273142	0.018158493947673	0.0114091123858303	0.010241787079315	0.0251150028164285	0.0266653961256996	0.0061706744768223	0.00952149385346063	0.0037095026020672	0.0140665767859065	0.0144128439765916	0.0150027635006838	0.0135924942350152	0.0147972297358441	0.0130605574428402	0.0119693403107204	0.0203231423893298	0.0154254301667636	0.0192004858766323	0.0176939633846855	0.0194397310290389	0.00420145090883765	0.0154969784985812	0.0167794345354311	0.00882335196951266	0.00724363394204937	0.00718332304411703	0.00639523491707523	0.00742656957217753	0.0211499609211669	0.00459431891123901	0.00803547246869558	0.00865893806591369	0.0104226986515007	0.0166887085381854	0.00627854127926756	0.00662334950304494	0.0130561140011377	0.00694154283432098	0.0104693834353085	0.00499025872701458	0.0054742359120596	0.00695365488078741	0.00332029556170643	0.0129352468722778	0.0212927843911495	0.0087657685357278	0.0168396102280191	0.0163244171194345	0.00896995940303259	0.00755582631652129	0.00801197239071664	0.0199936448657769	0.00677462356824369	0.00459774652562881	0.00556844176908543	0.0145169504739708	0.0115451228920634	0.0161138327489886	0.0192141960863651	0.0102375042589841	0.0180077911896766	0.0119104005623513	0.0223616708680247	0.00754789542207065	0.0104602936951555	0.0133144692983403	0.00907442210706503	0.00980202587886713	0.0154487483488762	0.00878014442854985	0.0115902052126943	0.00752503251344779	0.0161123956490533
HT29_G1_3E_1	0.00854717251202599	0.00622766614453098	0.0140548645245397	0.0027319133088721	0.0104295466678759	0.0136782554031871	0	0.00791796950713475	0.0121251942034906	0.0032920430689118	0.0118265954780623	0.0233840482777396	0.0133445589799653	0.0128524506068045	0.0130818730705274	0.0106162337142328	0.0160876771458659	0.0120424641997895	0.00332471195937205	0.0113136405796594	0.0158005134851004	0.0181940897865816	0.00975726062069522	0.00796016086894303	0.010254336956528	0.00994250347649019	0.00848569009950827	0.0102514506628061	0.00797209270204663	0.00158709510898733	0.00625345497784979	0.0073843568892165	0.0130125073955119	0.00657835567422009	0.0127746898412076	0.00704285960845487	0.0127017104884466	0.0157676878914282	0.00264764402538135	0.006906242754103	0.00937322999133643	0.00804474362466521	0.0115905285002301	0.0152596839837433	0.0111026884664436	0.0143166792219749	0.014258835650417	0.00792334721160293	0.00681392943005441	0.0210201157237401	0.0115313349491446	0.0177292496581725	0.0115658991365235	0.00824291769766103	0.0184106093845172	0.0130046156665173	0.00930509466509133	0.0121673329495716	0.00845876156985621	0.0133729251831915	0.0211612725546675	0.0101975609472683	0.0105107851439563	0.0292086548509047	0.00933876748105796	0.0097714764495279	0.00767329116481766	0.00839583218540072	0.0129197402348181	0.0112849628132821	0.00926715315942372	0.0183608236877181	0.00549495095638114	0.00645653393364995	0.00433239230909375	0.0131369954079348	0.00819792681841497	0.0113047696598947	0.00355035731418374	0.0140168782236996	0.0118859190297454	0.00498055246389407	0.00359597558826171	0.0129467926124212	0.0131277166319144	0.00926176274030561	0.0190236149959836	0.00343661502638222	0.0150014311161002	0.0272255968671679
HT29_G1_3E_2	0.0102949851661117	0.00351747140789037	0.00797493999033024	0.0071574896559985	0.00765064723637197	0.00614293902116099	0.00791796950713475	0	0.00818057422464225	0.00482607435884212	0.00988177385415567	0.0156638821118145	0.0153904857680145	0.00520636888997922	0.00655391302993672	0.00771697500962645	0.010584572382943	0.0151756029778117	0.00596518406940865	0.00958412570147824	0.0213629499697357	0.0230051639887997	0.00548540385321431	0.00650735895894308	0.00289281941015776	0.0109116247125859	0.0113736864192613	0.0119920578523938	0.0103652415682889	0.00884168918804611	0.00864986637122118	0.00836523410163939	0.0169650384303673	0.0104277199452911	0.0163588528744486	0.0130301479613892	0.0163084282671265	0.00922959527200073	0.00951710682841739	0.0125552262772044	0.00739517675610616	0.00503330082323034	0.00794798377033822	0.00861911796333785	0.00778705009456313	0.0181721160030927	0.00789653136835099	0.00526075640397837	0.0054448640861907	0.0137300490813226	0.0141389556641139	0.0107203559668286	0.00751567711044675	0.0092818801462082	0.0121716786131281	0.0108340390070496	0.0013931652608334	0.00551229040357254	0.00191790881781213	0.00679136040536825	0.0149496031740002	0.0166756659715942	0.00731567783768809	0.0218659116452081	0.0127233749022194	0.00801563258131955	0.00408455952451261	0.00614702815175577	0.0165167553185678	0.00577743604496581	0.00286894458115735	0.0113357245670764	0.00920499588737575	0.00787980274191646	0.0109536728296849	0.0163758087224726	0.00797748176571253	0.0148710671742126	0.00582131303981303	0.0187852393135441	0.0084057996184008	0.00628266136973449	0.00743450441492965	0.00950342112118276	0.00974019795100908	0.0121590536240127	0.0117365617653274	0.00617176779997008	0.00852832869122208	0.0209125986549246
HT29_G1_3E_3	0.0121507950595058	0.00841009150888491	0.00940963672993443	0.0119155463177347	0.00278544363038049	0.00692828293405903	0.0121251942034906	0.00818057422464225	0	0.00947705044870636	0.00543304566278214	0.0178938450784605	0.0134701884116075	0.00856360646517954	0.00526579716242603	0.00235700307265173	0.0152061112944034	0.0150394638251469	0.01051246146792	0.00729050330367593	0.0210510129871856	0.0238092552586536	0.0046707686638895	0.00870386113763011	0.00695016255479525	0.0132206261084013	0.0100667637951792	0.0131164649118481	0.0102172204769443	0.0135973094504014	0.0119058919156052	0.0104969841042944	0.0172976622809502	0.0147957111867868	0.015155388721189	0.0146531097842182	0.0162255641683147	0.00641214608194005	0.0145576388944799	0.0125832547653773	0.0058614793899716	0.00419680168135973	0.000628483356615719	0.00990745719762483	0.00229240104700261	0.0174740440156781	0.00599717952699782	0.00709297938314064	0.00614975233715776	0.0159316270798765	0.0128332126432153	0.00975105236566123	0.00328207124297838	0.0125415007188659	0.00710433633238158	0.00685447168044181	0.00816388873841439	0.00883430951366876	0.0100182364908657	0.00511375024476595	0.0170851373157633	0.0178333419844358	0.00924958132388439	0.0207766587392612	0.0137045141090586	0.0032502131089535	0.00787643596664387	0.00375295582430632	0.0177558960489015	0.0099866241547984	0.00578935887296108	0.00839505928133654	0.014234850616464	0.00906906069735557	0.0135950484919945	0.0158404896044539	0.00608109702040486	0.0144638729936459	0.0120349978582625	0.0188813850282767	0.00297530417247954	0.00767033487895476	0.0133090355101189	0.00844456541994588	0.0103147011498374	0.0124732221144424	0.0143667153972101	0.0101116279326304	0.0115876310541984	0.0173669192129872
HT29_G1_3F_1	0.0077247252771861	0.00314732373798213	0.0115808469136384	0.00295515635353057	0.00789544222844884	0.0104297680794966	0.0032920430689118	0.00482607435884212	0.00947705044870636	0	0.00957903872899554	0.0204695269583373	0.0128151189708224	0.00961470515921785	0.00983808370982995	0.00829433854801374	0.0141570833204832	0.0120555771645099	0.00191399011582426	0.00909351097416626	0.0172141138992466	0.0193145625705065	0.00672957097864527	0.00558730306024189	0.00697884656205915	0.00894376746271776	0.00811532145383176	0.00954032815515207	0.00728949769945488	0.00456090782179584	0.00558656758952931	0.00600829114937996	0.0135187920862472	0.00707362089470483	0.0130055454827618	0.00857595831528756	0.0129903116430855	0.012548246560594	0.00528950259300234	0.00817524262740772	0.00690805795617994	0.00528104933557194	0.00901070218496182	0.0126203783298624	0.00846232194668542	0.0147591618935128	0.0113897267152351	0.00509161973329065	0.00418039881557339	0.0183149906714272	0.0112041731950039	0.0148333993929212	0.00871582239800045	0.0071799404156409	0.0153966210173961	0.0107299638544979	0.00621322750355206	0.00951206944007989	0.00572722459015447	0.0103574795145254	0.0189201978240449	0.0121343113672015	0.00790448434205679	0.0263134241618333	0.00938921441609976	0.00757065298625038	0.0046479962082189	0.00595341042839038	0.0133084073303942	0.00833889218983255	0.00599014287415633	0.0152373712236214	0.00590600540656559	0.00504657025316612	0.00626877004194309	0.0132316246414191	0.00628064248372817	0.0114925783294093	0.00332259447597324	0.0149744921503014	0.009212248410533	0.00311882314963094	0.00404570520957693	0.0103157424968798	0.0105930588647647	0.00899816098542535	0.0163159291624232	0.003086070645687	0.0125531945840422	0.0245449939032008
HT29_G1_3F_2	0.00835934491634303	0.00807417248451507	0.01415182535796	0.0108505010632623	0.00320259974093767	0.00991708072155016	0.0118265954780623	0.00988177385415567	0.00543304566278214	0.00957903872899554	0	0.0213994463143594	0.00832610655796148	0.0103338133165831	0.00719395166605732	0.00650012593253915	0.0192569601492638	0.010258086130808	0.00962055415624207	0.00250684839707567	0.0168152411396681	0.0190926693259183	0.00456447577080566	0.00625377605304434	0.00866090658631277	0.00934175924669841	0.00649423810282026	0.00872764269491051	0.00643291067447797	0.0133998577773673	0.00917343565052434	0.00733242568081369	0.0126280345542299	0.0122515658505259	0.010460525420669	0.0116844824053899	0.0114759291328644	0.00827632808234695	0.0138290430410721	0.0102579986345877	0.00296159950871351	0.00587457457064762	0.00542372387485255	0.0146046959145905	0.00334435583758708	0.0126453583184747	0.0109568897740402	0.00562554035107787	0.00543134766316669	0.0201426416468719	0.00802959550225519	0.0145013773079506	0.00333856771249267	0.00938102130942502	0.0109811127307007	0.00184102736597477	0.0102621241272042	0.0128783806875476	0.0116617269826882	0.00966758733328019	0.0218594461284109	0.0145647201700598	0.00671187457247873	0.0251905919799157	0.00954266308248337	0.00406308520691455	0.00711800743028313	0.00569015522748358	0.0131659837520582	0.00934646348938441	0.00744129351862071	0.0123827708087577	0.012276365676658	0.00630766882125838	0.011545643352077	0.0109419652558641	0.00369584264647825	0.00989361216096392	0.0128358663730866	0.0143675963096526	0.00272880622991997	0.00688579513397073	0.012497949861426	0.00503400445408986	0.007091168343756	0.0082076530465333	0.0184846378262573	0.0113341603669627	0.0159469240537574	0.0221851377745728
HT29_G1_3F_3	0.0244837625886386	0.0186601344993546	0.0118661056190036	0.0226414377021157	0.0194382077723905	0.011617802955582	0.0233840482777396	0.0156638821118145	0.0178938450784605	0.0204695269583373	0.0213994463143594	0	0.0287403270624738	0.0120679886623773	0.0142232600558308	0.0187336367288843	0.011015286298119	0.0292775898174422	0.0215336817179852	0.0215995217620922	0.036379540640141	0.0373699001643237	0.017726227819365	0.0203979045319373	0.014315732664907	0.0243584616162521	0.0259159105999422	0.0257605366450143	0.0249417616306749	0.0240259330709339	0.0234961450276657	0.0227758343310289	0.0313197445595753	0.0251644772075853	0.0306036099894479	0.0285269934678144	0.0305505677696854	0.0137509373844427	0.0246966349047118	0.0279070965966756	0.0203626523593919	0.0184794208866295	0.0181964162327231	0.0103302063238223	0.0189042835431731	0.0323901535802651	0.0126843638006553	0.0191703892359175	0.01995168894494	0.00441067301200239	0.0280942283129748	0.00941502970055574	0.0181380631369684	0.0232380266716564	0.0137758186116809	0.021715391186046	0.0142951212435098	0.0120887619444086	0.015111520137564	0.0129939292016378	0.00895700139323773	0.0321878204734932	0.0191837922500203	0.00966607873559841	0.0272988436261784	0.0203698348625887	0.0182435773789328	0.0192092285349367	0.0306095277357212	0.0159567524644733	0.0156659838263803	0.0109240997791811	0.0240091667352595	0.022700969380393	0.0265908391093093	0.0303917939406323	0.021796397104065	0.0292832214051631	0.0204945454938056	0.0334816281217585	0.0189849798319239	0.0214810386623342	0.0224327658101517	0.0196861656366816	0.0197576712391545	0.0266173555554604	0.0054723365017417	0.0210132677546782	0.0101055156372907	0.0144727403154129
HT29_G1_4A_1	0.00679386451239492	0.012162924331628	0.0215348999485743	0.0120698894783474	0.0108534158012417	0.0173816148642743	0.0133445589799653	0.0153904857680145	0.0134701884116075	0.0128151189708224	0.00832610655796148	0.0287403270624738	0	0.0168852101570218	0.0147579777969214	0.0137451166808919	0.0258224931122155	0.00339707802349682	0.0117094302034946	0.00723718757803988	0.00945135548012697	0.0112534472978353	0.0113846544130805	0.00928438499888173	0.0150635902294381	0.00762422558799207	0.00553180044882235	0.00551470499548072	0.00554645556325865	0.0145850797936054	0.00895584420184285	0.00785880395125222	0.00537626114910726	0.0108630035378528	0.00300876651279295	0.00845252794586679	0.00414997902442844	0.0159989739662211	0.0142538461377149	0.00863047262102124	0.0087227159007323	0.0122851889010308	0.0132833434901754	0.0221825822431017	0.0113352975229093	0.00463834898506718	0.0189381716078805	0.0102753928124642	0.0103395479542724	0.0277010443985838	0.00188579607070646	0.0225858984529686	0.0113468103922116	0.00889850429502334	0.0192410621720122	0.00785924104348657	0.0162359494472941	0.0198594584687619	0.016784186978426	0.0175917542536672	0.0293805172580229	0.00957013741456013	0.0102339321967054	0.0333767227224466	0.00525769124903443	0.0109130178744434	0.0116161045147472	0.0121620883128207	0.00669958436768286	0.0139197981903891	0.0139158601291342	0.0205804767882427	0.0119148716888156	0.00785635862345414	0.0102735824355761	0.003245845865792	0.00836208251442214	0.00337331041259973	0.0158404887120129	0.00686398667979426	0.0109858729344955	0.0103067612278672	0.0136778580784322	0.00952723683889715	0.0101625357088169	0.00447609701975104	0.0259082930026202	0.0148760352673085	0.0231056250254698	0.0304763889205829
HT29_G1_4A_2	0.0124677803745867	0.00707446612929684	0.00840315399617426	0.0115509574372711	0.00872616834891999	0.00272877112266646	0.0128524506068045	0.00520636888997922	0.00856360646517954	0.00961470515921785	0.0103338133165831	0.0120679886623773	0.0168852101570218	0	0.00394044754069901	0.00943570991799971	0.0112589032624342	0.0172293922193134	0.0102790170291184	0.00999362892751453	0.0243574625856036	0.0254084372083153	0.00616638367215184	0.00834230213465844	0.00278852874634585	0.0124962773046808	0.0141440601576753	0.0137535882635859	0.0129731012794538	0.0138568475321121	0.0116648652284195	0.010752936470804	0.0192698887661793	0.0137545787899316	0.0186080138905539	0.0167902151660268	0.0184960632711141	0.00567123895839534	0.0143031250645049	0.0164390172955755	0.00864291470378544	0.00769265678130359	0.00871957473835515	0.00805949357776602	0.00839686583978074	0.0203511028358487	0.00706705562351336	0.00718523326993052	0.00837886993970968	0.0113437473998529	0.0161273084967027	0.00858894185529438	0.00735440840002817	0.0114120659560412	0.00948940984356664	0.0106640072929816	0.00405405058609753	0.00636459467238824	0.00554994717048121	0.00575047560236468	0.0140979884297048	0.0204244507892624	0.00729927414083699	0.018586759037098	0.0152498946246849	0.00983757145725512	0.00631364697332989	0.00872271340284731	0.0186586409488578	0.0044897408488207	0.00430521687464308	0.0080712733376171	0.0128362227924824	0.0107668058111507	0.0151875356162508	0.0183611943992906	0.0102706981270562	0.0172347661572376	0.0109253897858065	0.0214221762950213	0.00844909689649245	0.0100984231530429	0.011815162480687	0.00838268766738607	0.00850112734321199	0.0145585326726837	0.00960194201126009	0.0112728576457257	0.00849018102034556	0.0185893401483057
HT29_G1_4A_3	0.01182462543805	0.00740171244290327	0.00900381276538684	0.0119812147812445	0.00571003587642201	0.0029144859223079	0.0130818730705274	0.00655391302993672	0.00526579716242603	0.00983808370982995	0.00719395166605732	0.0142232600558308	0.0147579777969214	0.00394044754069901	0	0.00683680793875626	0.0136201525939486	0.0158111906991004	0.0105400893880075	0.00753822710272865	0.0228982825519943	0.0244715718080357	0.0040299617322068	0.0077217668045405	0.00383931810873448	0.0121691773707105	0.0122338882366639	0.0128519519140088	0.0114523520044495	0.0143914859956231	0.0115552266657414	0.0101480751543934	0.0180666742221106	0.014237325880604	0.016764307467147	0.0160326214398303	0.0171108221049191	0.00274542491568182	0.0149855459673211	0.0150806756373298	0.00644279807085136	0.00597871307281586	0.00559058720934115	0.00884217309882497	0.00515271648581879	0.0187293614108344	0.00591168328164898	0.00628936660365562	0.00705277827079213	0.0132619894837237	0.0142197418532311	0.0084439776954327	0.00401678612063527	0.0114463672104861	0.00681082354465261	0.00760215322805746	0.00587398170406655	0.00761845374168215	0.00785886708693771	0.00434878671772741	0.0156924825692814	0.0195273886462591	0.00684261824088179	0.018928180902127	0.0142470619203733	0.00705348579709628	0.00632172940430035	0.00665918002238615	0.0178708344778808	0.00604538441865889	0.00398009126076415	0.00658830061214035	0.0135827168509023	0.00970266222646525	0.0148145836642748	0.0167942659826171	0.00811174367662688	0.0156891091096974	0.0120406586326831	0.0201217884143609	0.00498491184560364	0.00909525200228556	0.0128412135472346	0.0064586834121415	0.00758310973577607	0.013262639620206	0.0116707568902902	0.0114153435514428	0.0101372626024713	0.0175026919400912
HT29_G1_4B_1	0.0121184750694293	0.0080162718514169	0.00891767128295524	0.0108819159261422	0.00345028318095472	0.00798457504771352	0.0106162337142328	0.00771697500962645	0.00235700307265173	0.00829433854801374	0.00650012593253915	0.0187336367288843	0.0137451166808919	0.00943570991799971	0.00683680793875626	0	0.0145670094131687	0.0150216621737923	0.00957315087712029	0.00824040670368997	0.0204645590212003	0.0235700274283665	0.00540759035907866	0.00887693949904886	0.00734687568413095	0.0134220436289762	0.00954499395243999	0.0132640146609473	0.00990372838333113	0.0120358802011141	0.0115068389461744	0.0103948913108853	0.0171377114680994	0.0142040185653759	0.0149993994324667	0.0136932360571924	0.0161290127270052	0.00844428458876908	0.0131735999641284	0.0113463946563781	0.00636529174965577	0.00340640220465167	0.00178335534996092	0.00977640703153501	0.00350984790868302	0.0173651825525007	0.00636880247605453	0.00724855026640015	0.00566064849186162	0.0163120495986931	0.0128400333808005	0.0103544028767217	0.00484654842250432	0.0125175040733143	0.00885554280320126	0.008194436163735	0.00797129996437107	0.00839002222633997	0.00956032129402699	0.00576004321687067	0.0168677230425655	0.0168378032089901	0.0100376260985071	0.0216982758492986	0.0134624507079304	0.00283444779981907	0.00792999901135772	0.00254659691505604	0.0176797816688286	0.0107429274117716	0.00597699771256786	0.00988179877702498	0.0135292861159189	0.00867838898145548	0.0124048881346797	0.0158494028548864	0.00581540843896072	0.0142695892633325	0.0106340727613746	0.0185258679646211	0.00458131543396965	0.00662677572367926	0.0122989385250766	0.00985686776791851	0.0115679653499091	0.01229311577014	0.0146590802558614	0.00833895896177343	0.0112343905784237	0.0181100653487179
HT29_G1_4B_3	0.0208072230899075	0.0140435937814023	0.00629947760700477	0.0164248974805234	0.0163894255355393	0.0109894809273142	0.0160876771458659	0.010584572382943	0.0152061112944034	0.0141570833204832	0.0192569601492638	0.011015286298119	0.0258224931122155	0.0112589032624342	0.0136201525939486	0.0145670094131687	0	0.0256948895878518	0.0156754370862988	0.0195948355237043	0.0313501167640948	0.0332365665626169	0.0150263581212061	0.0170663302743762	0.0114384728977327	0.0213121465305862	0.0214006056111156	0.0225425401685176	0.0207284076460877	0.0162769117514552	0.0189188361104953	0.0189083866164784	0.0273949219607667	0.0199951413822506	0.026721816379038	0.0226876563652836	0.0267857904139521	0.0150376011790194	0.0172977239604738	0.021808373176014	0.0174318004538191	0.0139971363295463	0.0151179339466158	0.00630557106066146	0.0162512262318112	0.0286115634281299	0.0102280645662154	0.0157280213955932	0.0155402405123108	0.00738578483314974	0.0245605821852242	0.0094437235733623	0.0161978131702379	0.019587894283023	0.0152392519560827	0.0203310569599985	0.00983362250467219	0.00643815233585741	0.00970957840632326	0.0107733031377265	0.00605265013827433	0.0261454980365252	0.0173745651327933	0.0166292889231006	0.0231587942728029	0.0165439172412232	0.0146055374134061	0.0146240119904389	0.0269070087205637	0.0145674988070857	0.0122036827329024	0.0130824303989573	0.0184840304524273	0.0183045302696594	0.020188112652119	0.026888130761652	0.0178278234021982	0.0252899054418152	0.0128236318747462	0.0290572462505242	0.0169549157311363	0.0160868850501506	0.0159794580526453	0.019083370706292	0.0193293759713737	0.0226368437375546	0.00607695280240452	0.0133368027161148	0.00400474066049177	0.0175464634047392
HT29_G1_4C_1	0.00530286400739764	0.0117036226030758	0.0220899909891223	0.0105723955426302	0.0122731759369737	0.018158493947673	0.0120424641997895	0.0151756029778117	0.0150394638251469	0.0120555771645099	0.010258086130808	0.0292775898174422	0.00339707802349682	0.0172293922193134	0.0158111906991004	0.0150216621737923	0.0256948895878518	0	0.0105882990931566	0.0086889551182554	0.007838235535607	0.00885964021437138	0.0121962451281151	0.00902832982579445	0.0153204806157394	0.00600600197290242	0.0059905010249966	0.00390577367413152	0.005342317160856	0.0130301738237919	0.00734125567112193	0.00693846861814776	0.00240140214842671	0.00842284783905863	0.00269220635482098	0.00632082707048954	0.00131713323180816	0.017431965508607	0.0123585447008453	0.00789303571249192	0.0096696871418966	0.0129407008680709	0.0147779112394533	0.0228112300800318	0.012844259979809	0.00321229015020771	0.020019062061512	0.0103933481629436	0.0106190551416878	0.0282173829912443	0.00271389713830801	0.0236666557256025	0.0127819258429539	0.00727992006718993	0.0210815470975301	0.00994412463898532	0.0161696184666042	0.0201597732855096	0.016288345635814	0.0186265595073178	0.0298190919290507	0.00724497861679458	0.0102626950705067	0.0347012778549382	0.00286878714843361	0.0122704089212792	0.0114256819601753	0.0130175104578615	0.00346366778800127	0.0137432872272702	0.0142761447604433	0.0220594424578054	0.00973392124569675	0.00746231690864811	0.00843956273962144	0.00129044752646661	0.00925538258337814	0.0014908631761617	0.0146885504909622	0.0045615006056679	0.012654998662775	0.01016757716456	0.0119256296294967	0.010607058192281	0.0106391982804995	0.00310165382539205	0.0263378814834452	0.0142468133928346	0.0234058366987497	0.032262108807339
HT29_G1_4C_2	0.00612073134709762	0.00327984896015579	0.0132789947326502	0.00146542650113679	0.00854544321116035	0.0114091123858303	0.00332471195937205	0.00596518406940865	0.01051246146792	0.00191399011582426	0.00962055415624207	0.0215336817179852	0.0117094302034946	0.0102790170291184	0.0105400893880075	0.00957315087712029	0.0156754370862988	0.0105882990931566	0	0.00868927820100667	0.0158811880725463	0.0176228153702711	0.00718030834416108	0.00479231073171132	0.00779604821725765	0.00729060238734574	0.00744435421742175	0.00796787353260938	0.00627521839515853	0.00451354401755501	0.00379459912653047	0.00459820518824452	0.0119379362783041	0.00518626244139045	0.011783329414633	0.00725521618618431	0.0114922671171047	0.0131999176934353	0.00461634056170236	0.00758673796416936	0.0068409265493739	0.00639443186260974	0.0100798796538693	0.0142226476059272	0.00914214535811028	0.0133494329641849	0.0128693751312777	0.00494473985303156	0.00457964649426703	0.0196643259961719	0.01006807446489	0.0162870250617824	0.00922174185967485	0.00547868049304259	0.0164914133731518	0.0105338711826754	0.00730822619785266	0.011093241436006	0.00668402436734204	0.0117049940063548	0.0205305568700168	0.0108619401579502	0.007230468035687	0.0276914877548177	0.00782075105028151	0.00835317959137056	0.00458211456077127	0.00708199865308234	0.0115642469479294	0.00813289263951478	0.00690109820951529	0.0163859994168592	0.00411467892933384	0.00410843920369585	0.00510067023431078	0.011804927446504	0.0063498331703698	0.0101453172832157	0.00425867027069963	0.0134767762786981	0.00972347659513938	0.00346039251762623	0.00296429067725932	0.00986919576690533	0.00987665865211097	0.00761403956978511	0.0176622732682132	0.00470450473968567	0.0141368675356145	0.0260775076740634
HT29_G1_4C_3	0.0063258435508562	0.00719583273682311	0.0150587696925475	0.00982270482574941	0.00481446422884356	0.010241787079315	0.0113136405796594	0.00958412570147824	0.00729050330367593	0.00909351097416626	0.00250684839707567	0.0215995217620922	0.00723718757803988	0.00999362892751453	0.00753822710272865	0.00824040670368997	0.0195948355237043	0.0086889551182554	0.00868927820100667	0	0.0158826466762902	0.0175003737553593	0.0045984107506128	0.00457425507742448	0.00842463829008067	0.00703079675455645	0.00613270937994569	0.00659678773184521	0.00532208382321863	0.0128168336221441	0.00747141887556405	0.00550162495550025	0.011064807385071	0.0105039641747509	0.00946887814418388	0.0106676184680235	0.00998096698845159	0.00884853221348182	0.0129518109949904	0.0100463087591891	0.00246164116043575	0.00659301926968009	0.00726102287486234	0.0154591828893706	0.00502743490716222	0.0114011549332661	0.012168357923455	0.00459695950636776	0.00527065253428462	0.0206417996857804	0.00691308020558782	0.0155726350930847	0.00442955801149292	0.00727216472840693	0.0124801089372606	0.00207046651173141	0.0100424675901996	0.0134143252767203	0.0111571053075081	0.0107110384373559	0.0226345208507239	0.0136245364417623	0.00474207451398446	0.0262334439026979	0.00787106315194372	0.00575374129559876	0.00606339272763721	0.00679770948241965	0.0112717312931377	0.00796099650956865	0.00740345643108433	0.0134942072053229	0.0106847537654976	0.00514401778354711	0.0106622874115798	0.00950638085114042	0.00399756726753384	0.00861338187857051	0.0123489511080585	0.0130774329634323	0.0044365829112863	0.00669758468493307	0.0113442244479939	0.00330833504397551	0.00500666670556516	0.00666529646376358	0.0189207413007745	0.0113982773230579	0.0165368307698905	0.0238527323578889
HT29_G1_4F_1	0.0123098197108053	0.0180127506580933	0.0279030887140273	0.0153558790742133	0.0184519531975862	0.0251150028164285	0.0158005134851004	0.0213629499697357	0.0210510129871856	0.0172141138992466	0.0168152411396681	0.036379540640141	0.00945135548012697	0.0243574625856036	0.0228982825519943	0.0204645590212003	0.0313501167640948	0.007838235535607	0.0158811880725463	0.0158826466762902	0	0.00583862575190263	0.0190127206051381	0.0160565593133321	0.0221131907209865	0.0132091307402976	0.0110513874494099	0.0113911785363869	0.0115261270291732	0.016311838944644	0.0134219375410124	0.0137545767149374	0.0060732614986594	0.013265395081051	0.00657202377219526	0.00882702639093776	0.0066347614160738	0.0246457720280446	0.0156079012662078	0.0101238871034892	0.0164802926214609	0.018854439641317	0.0206722039205607	0.0288988114971126	0.0191373618275966	0.00524037018274019	0.0262178559275177	0.017224033430713	0.016758010943546	0.0348376718066781	0.00902509048504512	0.0301094578261286	0.0195144583684827	0.0140348058479349	0.0276723490018993	0.0168795311378802	0.0225608139039933	0.0261665945688137	0.0224159793212057	0.0250233785553573	0.0357725962829506	0.00595070859705652	0.0177954260782561	0.0414871723204141	0.00931587823344752	0.0179218778713994	0.0181897365289981	0.0186495601744741	0.00784671470853547	0.0210792716529519	0.020885300825529	0.0288736466231296	0.014580724176922	0.0137241625388236	0.0115173262507459	0.00707346654024189	0.0152771982005279	0.00738002684541446	0.0191650888417953	0.0035566418888153	0.0191780849382016	0.0155732059370489	0.0165484301306864	0.0182689146868587	0.0184461505724746	0.00986504999321189	0.0329015723115205	0.0184558639629685	0.0293936680901599	0.0383389042157077
HT29_G1_4F_2	0.0129888988166871	0.0195096541101302	0.0303336681956004	0.0170035847202252	0.0210468281453108	0.0266653961256996	0.0181940897865816	0.0230051639887997	0.0238092552586536	0.0193145625705065	0.0190926693259183	0.0373699001643237	0.0112534472978353	0.0254084372083153	0.0244715718080357	0.0235700274283665	0.0332365665626169	0.00885964021437138	0.0176228153702711	0.0175003737553593	0.00583862575190263	0	0.0208610089566468	0.0172164755827511	0.023562107356943	0.0130457970128498	0.0141211170179456	0.011720071515844	0.0137610506425789	0.0185706619069541	0.0144002723290997	0.0148577872344638	0.00652699010914428	0.0136218738271658	0.00917864427987588	0.0114362039700516	0.00762861868751726	0.0261328119810734	0.0174351001693195	0.0139874571189486	0.0184367654346328	0.0213973246067776	0.0235071113704576	0.0311439305816255	0.0216532881563327	0.0068252279088363	0.0286565946594507	0.0187593948993043	0.0189926149414625	0.0364115656271558	0.0111866711952899	0.032300021350919	0.0216167705698802	0.0142524363761029	0.0299313797125645	0.018696800877055	0.0241098888022328	0.0282721365351566	0.023764291342111	0.0272760410783371	0.0379056114347229	0.00927799977485032	0.0183454240866145	0.0433737533325183	0.0104889723098938	0.0208952727611876	0.0194989401588202	0.021483598112014	0.00677007874587021	0.021471348747504	0.0226342542187339	0.030841242297763	0.0151945672658175	0.0156492601218325	0.0139662845275595	0.00819598547182713	0.0178756217719588	0.0093857974467811	0.0211176644599684	0.00527773581191897	0.0215065695336575	0.0181077180650249	0.0177764728307026	0.0190300411091304	0.0185710446273704	0.011477566768878	0.0344844686946332	0.0211789046070931	0.0314578969448327	0.0410862422896609
