	A549_G1_1A_1	A549_G1_1A_2	A549_G1_1A_3	A549_G1_1B_1	A549_G1_1B_2	A549_G1_1B_3	A549_G1_1C_1	A549_G1_1C_2	A549_G1_1C_3	A549_G1_1D_1	A549_G1_1D_2	A549_G1_1D_3	A549_G1_1E_1	A549_G1_1E_2	A549_G1_1E_3	A549_G1_1F_1	A549_G1_1F_2	A549_G1_1F_3	A549_G1_1G_1	A549_G1_1G_2	A549_G1_1G_3	A549_G1_1H_1	A549_G1_1H_2	A549_G1_1H_3	A549_G1_2A_1	A549_G1_2A_2	A549_G1_2A_3	A549_G1_2B_1	A549_G1_2B_2	A549_G1_2B_3	A549_G1_2C_1	A549_G1_2C_2	A549_G1_2C_3	A549_G1_2D_1	A549_G1_2D_2	A549_G1_2D_3	A549_G1_2E_1	A549_G1_2E_2	A549_G1_2E_3	A549_G1_2F_1	A549_G1_2F_2	A549_G1_2F_3	A549_G2_2A_1	A549_G2_2A_2	A549_G2_2A_3	A549_G2_2B_1	A549_G2_2B_2	A549_G2_2B_3	A549_G2_2C_1	A549_G2_2C_2	A549_G2_2C_3	A549_G2_2D_2	A549_G2_2D_3	A549_G2_2E_1	A549_G2_2E_2	A549_G2_2E_3	A549_G2_2F_1	A549_G2_2F_2	A549_G2_2F_3	A549_G2_2G_1	A549_G2_2G_2	A549_G2_2G_3	A549_G2_2H_1	A549_G2_2H_2	A549_G2_2H_3	A549_G2_3A_1	A549_G2_3A_3	A549_G2_3D_1	A549_G2_3D_2	A549_G2_3D_3	A549_G2_3E_2	A549_G2_3E_3	A549_G2_3F_1	A549_G2_3F_2	A549_G2_3F_3	A549_G2_3G_1	A549_G2_3G_2	A549_G2_3G_3	A549_G2_3H_1	A549_G2_3H_2	A549_G2_3H_3	A549_G2_4A_1	A549_G2_4A_2	A549_G2_4A_3	A549Root1_1	A549Root1_2	A549Root1_3	A549Root2_1	A549Root2_2	A549Root2_3
A549_G1_1A_1	0	0.00554269978278509	0.0117894849339574	0.0155565594906085	0.00934190274068646	0.00970369579307125	0.00657507896865446	0.0106511446848263	0.0112677627073195	0.00600239168446489	0.00991519853510203	0.00574930720547679	0.00102698798356644	0.0111542222297169	0.00738230444824884	0.0084982330747873	0.00636640581917402	0.00677971072410347	0.0102625214537246	0.0123615005778963	0.00556984308420799	0.0130526318520082	0.00837195522720386	0.0125712180890191	0.0147882625188108	0.0147448391312847	0.0122231765261558	0.0238382651280202	0.00284127146156571	0.0182319852528772	0.0167308526818703	0.0104594280178568	0.0176981081067165	0.0094424960301834	0.00769861844339215	0.0110639083149926	0.0141167955610844	0.00512114662660322	0.00780046951899549	0.0113343862721617	0.00614803569893273	0.00433769174407511	0.00682266959869903	0.00656570049830829	0.00759417042496334	0.00455438064497053	0.00738015045081809	0.00552495072077348	0.00754121238219711	0.0055744858096236	0.00623318601491061	0.00261539295512116	0.00224967533199024	0.0218561261155569	0.0191562744086273	0.0224991662487849	0.00432861008190993	0.00350344120555292	0.00713503141785274	0.00324926541319421	0.00792650118869542	0.00705837805836979	0.00664890723911128	0.00270060010967603	0.00805851768443649	0.0107385549992921	0.0138802772106075	0.0145886029598919	0.0145504419975492	0.00767524262643869	0.00704752549507743	0.00508694074296166	0.0108757525014259	0.011712051615349	0.00815163156987797	0.0126708407399787	0.0150597909617453	0.00911733383525854	0.00926380555909727	0.00949703047242145	0.00459904474882436	0.00781023650451356	0.00471636325315315	0.00684040955148802	0.00964291515479843	0.00817865854931003	0.00801621672894299	0.00312579120266952	0.0111986179026564	0.00625975192886125
A549_G1_1A_2	0.00554269978278509	0	0.00808591765627131	0.010280037529157	0.00382186152707417	0.00595544115078849	0.00795509594160464	0.00678158911439974	0.00851367817027087	0.00175848796601261	0.0047854147598259	0.000799518767303457	0.00530576176075862	0.00661445233497698	0.0041052928601924	0.00379504742984979	0.00383638756470753	0.00146436805368318	0.00635866117508764	0.00890260199811159	0.00447132772826727	0.0104006702805619	0.00436321155157827	0.00710613647002917	0.00929923434724837	0.0113238440258787	0.0157692639036981	0.0216534489374289	0.00441003277630947	0.013259549701562	0.0138876670680522	0.00668479440035058	0.0150692752917175	0.0074139225095352	0.00256269665872231	0.00588392005556844	0.00862046259073127	0.00550973303472896	0.00271526562858995	0.010343790730969	0.00191821599655226	0.00272803218429959	0.00136573563029554	0.00742267784644781	0.00647465196458388	0.00135125075724201	0.00406592544534434	0.00808305171162739	0.0022152041974407	0.00442088034599351	0.00374071385442249	0.00412853659234514	0.007703684269724	0.0185327629202143	0.0136141800358672	0.0171853187454143	0.00886209920991549	0.00420302968761934	0.00798910089143621	0.00568009432737581	0.00324553978550436	0.0106127146428982	0.00380192006660234	0.00435210804129724	0.0104145314609352	0.00545199410626125	0.0086460176873376	0.0130989866383624	0.0100206254054598	0.0056479862115183	0.00180652580278882	0.00417406903702191	0.00614547449282743	0.00822294234989408	0.00521949688658853	0.00713913346702235	0.00964283635986751	0.00646873514318427	0.00477450905687955	0.00451056944168989	0.00170565625287641	0.00228429343504086	0.00638230437710819	0.00132466607877892	0.00416499252271907	0.0111686524427727	0.00280946421953823	0.00555725371076137	0.0064781747047214	0.00351909136751831
A549_G1_1A_3	0.0117894849339574	0.00808591765627131	0	0.00651987527095292	0.00763886474886	0.002172688667255	0.01601419454372	0.00130720283521989	0.00206793969061349	0.00648995915737245	0.00967944239122597	0.00871679004147622	0.0109575346015353	0.011959235636336	0.0116195555652504	0.00443241776480295	0.00542338441231394	0.00840620672863074	0.00172804992500491	0.000920348415906801	0.0125452328332605	0.00308246527116177	0.00374281236580144	0.00919661354261106	0.0101999154026414	0.00324103985627745	0.0235468399716472	0.0138461063774075	0.0120851978912484	0.00749115758770852	0.00594951592141513	0.00141079696780194	0.00720522624455413	0.00356901301885583	0.00579238977970477	0.00443957308183421	0.00969764440469641	0.007471092884504	0.00906148428045676	0.00569423572184235	0.00630884182255441	0.0107750008152944	0.00707124702808522	0.015503886481237	0.0144104238795463	0.00934125448299978	0.0115700256155092	0.0159602505708354	0.00629908208632275	0.0124932244251956	0.0116639443308635	0.0117146693191591	0.0139470283599136	0.0104537321551521	0.0120899893001271	0.0124790554567605	0.0159997090084629	0.0120815743385258	0.0160739483379987	0.00946417364973881	0.0098860131947645	0.0182946199628873	0.00515160443842783	0.00918373947875468	0.0184091524700309	0.00493493771205899	0.00531926843340406	0.00664087681965298	0.00340666844135864	0.0134135874551784	0.00646108247487573	0.0122597585003006	0.00297227899166664	0.000498822253466161	0.0126495221075713	0.00727118265006505	0.00708780391896668	0.0138093428487753	0.00345274591509898	0.00430528920927123	0.00766861506272385	0.00696110051804844	0.0143378461668258	0.00783169114863162	0.00613954006126454	0.0190456748120465	0.00572167750942616	0.0132321118758032	0.0115323490880846	0.0114112900052961
A549_G1_1B_1	0.0155565594906085	0.010280037529157	0.00651987527095292	0	0.0072349165227004	0.00716988227406076	0.0175055131291114	0.00654471670079641	0.00858459358817448	0.00956420087218201	0.00846552973552608	0.0104626200601619	0.0150229470955235	0.0100480605914624	0.0119146136632548	0.00714765636263277	0.00997034047926209	0.00959096863833831	0.00666597930238295	0.00702693607653625	0.0138274279764079	0.00908188978637649	0.007694097618029	0.00602216613696145	0.00549587829004818	0.00748551541885521	0.0256734127212395	0.0172127097901532	0.01465588539982	0.00350016358485048	0.0100946368703476	0.00678724892400821	0.0113011461503416	0.00987293100630919	0.00786948656009338	0.00449472312265219	0.00537836477971105	0.0126886819678124	0.00936296543858866	0.0122044453052972	0.00942856225383925	0.0127501158608718	0.00891446288002111	0.0168274420311841	0.0149069958076067	0.011585261027099	0.0118658537142595	0.018061171989525	0.0080927210740638	0.0137700752710699	0.0125832592487226	0.0143991354610985	0.0177992827911065	0.012148495866321	0.00566050026594934	0.006943559040876	0.0191410044352033	0.0143499082533606	0.0172678294398431	0.0142745428114794	0.00995896044110021	0.0207063928766471	0.00961497771776259	0.0134674297434158	0.0200826442034058	0.00484120058247664	0.00168389771192191	0.0125810616817231	0.00378326662833727	0.0136925558084396	0.00856220362291041	0.013770448051944	0.005046511189099	0.00700670773662667	0.012577717161248	0.00406207487672508	0.00133403545320629	0.0133703758549084	0.00661410889708599	0.00608952886190151	0.0109610671708804	0.00808037373003925	0.0163216929993464	0.00922534997253574	0.00619493889934424	0.0210448326212406	0.00756185787115177	0.0157746612683518	0.00953822063883564	0.0123221341933245
A549_G1_1B_2	0.00934190274068646	0.00382186152707417	0.00763886474886	0.0072349165227004	0	0.00606501860459475	0.0102735568693868	0.00647203130850142	0.0089296625478395	0.00425062652261302	0.0020547941274802	0.00363931365839232	0.00912547714623401	0.00436429689090051	0.00472912003844005	0.00369277071810616	0.00606445240692549	0.00262254730233671	0.00614023063679408	0.00855905643551054	0.00660478142651426	0.0105859137529806	0.00490175936907133	0.00331183875413339	0.00548121091465167	0.0106635637011992	0.0184567151445114	0.0214223409387114	0.00777033076699526	0.0105762981888922	0.013524962732896	0.00651781502413679	0.0148038229934955	0.00867036200896905	0.00281371770436475	0.00365164239627021	0.00480064747987711	0.00858058679089138	0.00212896543545291	0.0117902361643466	0.00424330422978937	0.00574450160906464	0.00274024559859531	0.00959301133086322	0.00774138628198499	0.00485754144783957	0.00467892881524743	0.0108968148673981	0.00249191506511625	0.00654761481595061	0.00534917971085795	0.00758943964823139	0.0114537467290675	0.0174536371848191	0.0098423350735201	0.013890494010519	0.0122974660918458	0.00735287609319736	0.0100367149272207	0.00927607125992906	0.00275960133903963	0.0135701870089419	0.00581497831630799	0.00804433299044408	0.0128515335631827	0.00305472860078065	0.0058053465463399	0.0138948166351846	0.00821162420983282	0.00655508395195582	0.0028937342155393	0.00657954828279797	0.00478487102797047	0.00798247867917797	0.00552250565421016	0.00351768245994576	0.00632066175872668	0.00650788118557254	0.00440719980289123	0.0033562079640462	0.00523590292734266	0.00175190303552313	0.00916494923296529	0.00250423706990235	0.00152539450612685	0.0138347878944322	0.0025901093165371	0.00881134535136505	0.003980645790928	0.00508893631349238
A549_G1_1B_3	0.00970369579307125	0.00595544115078849	0.002172688667255	0.00716988227406076	0.00606501860459475	0	0.0138575209306243	0.000947499970377854	0.00287044360274392	0.00432462361662085	0.0081137527608993	0.0066182979095788	0.00891280703326949	0.0104267815423957	0.00964057036387809	0.00249263481498072	0.00336254795698524	0.0064014976982227	0.000583176049177228	0.00294840838376372	0.010425538936277	0.00462212248881614	0.00159236605353204	0.00824322007064476	0.00965571731855254	0.00538239755337962	0.0213783766743919	0.0157879052876942	0.00991311849945922	0.00895090701251052	0.00795317625968949	0.000769755475668076	0.00916271736884816	0.00298943328316817	0.00380941336621082	0.00365638104994765	0.00906496271667958	0.00573384495008163	0.00718725210475025	0.0059530677536561	0.00414379361851021	0.00862190107915701	0.00502779649163747	0.0133584865016298	0.0123496584700143	0.00718617679419464	0.0095923103028596	0.0137878671580417	0.00432575183050929	0.01037459721247	0.00959576524470145	0.00954359968779183	0.0118936139712346	0.0126139343493225	0.0123573490520794	0.0137327788366145	0.0138693406027873	0.00991081936536467	0.0139339024488522	0.00759342998878578	0.00801231726998523	0.016128227629193	0.00305870334504386	0.0071583042880833	0.0162407097040025	0.00394411016813201	0.00563870109230862	0.00783028821909063	0.00497836548081541	0.0113964315835156	0.00441253682767702	0.0101242731708301	0.00230569377973936	0.00226763174253407	0.0107025926994537	0.00664279139882726	0.00735118974086666	0.0118964236782649	0.00165875762060142	0.00277493899393757	0.00549856891101542	0.00507377104256713	0.0121685152634625	0.00582142947260209	0.00468728373220649	0.0168733244185889	0.00380614174479646	0.0110610768228681	0.0100438227177542	0.0093492434446246
A549_G1_1C_1	0.00657507896865446	0.00795509594160464	0.01601419454372	0.0175055131291114	0.0102735568693868	0.0138575209306243	0	0.0147169012737101	0.0162038660262245	0.00953583488250523	0.00946439831131793	0.00742386833341082	0.00750470857255284	0.00923644947645958	0.0057512227878222	0.0117404087630788	0.0111136964849058	0.00806228203508758	0.0142929942988151	0.0168002361367559	0.00369140739204772	0.0180996926050688	0.0122726396382815	0.0125220635773056	0.0145780396096502	0.0192391915713835	0.00820892620113881	0.0293029357765104	0.00433344145650369	0.0207878602702989	0.0216974658446303	0.0146054510592846	0.0228260407659148	0.0147466985363427	0.0104466293118185	0.0134950355433228	0.0140362468739717	0.0111218237272538	0.00814466424908539	0.0172258791064508	0.00971605593933209	0.00524061301599682	0.00914083684320305	0.000744805946476039	0.00323427501437076	0.00667344357948662	0.00579367315698255	0.00166010167414978	0.0100100301420457	0.00374879703304402	0.00492549790829805	0.00474037801474226	0.00654257751774218	0.026465661600749	0.0193024897414576	0.024083685397835	0.00471456478112801	0.00406948704344661	0.000784008162265343	0.00965111966130484	0.00760652125407669	0.0038577553894168	0.0112418352210245	0.00861909842226433	0.00257826504476297	0.0129642106745444	0.0160240877776974	0.0203339450715661	0.0178880609429899	0.00433285697541278	0.00970151391093502	0.00383519426857189	0.014026633883886	0.0161167605788883	0.00551129584258393	0.0136795950808359	0.0165702211084725	0.00553385358289957	0.0127266290655297	0.0123486392411141	0.00851753878610037	0.00966789602366167	0.00192398974343701	0.00854560181829091	0.0114138916087078	0.00364902880580021	0.0106349755025907	0.00350241181481892	0.00957076407655061	0.00518474320435093
A549_G1_1C_2	0.0106511446848263	0.00678158911439974	0.00130720283521989	0.00654471670079641	0.00647203130850142	0.000947499970377854	0.0147169012737101	0	0.00260112767444928	0.00520424393801412	0.00852493458536182	0.00740963527277494	0.00985847142226339	0.0108247213416688	0.0103302296843562	0.00313668548615253	0.00430681132833417	0.0071089475233839	0.000423984928241554	0.00217446074054259	0.0112387062348466	0.00411636912152872	0.00245417036194691	0.00831619410608089	0.00953799500231425	0.00454818806927208	0.0222957961305526	0.0151099217810044	0.0108230357026607	0.00809544834685179	0.00722761575614871	0.00024861810732303	0.00846888469012187	0.00335049238980982	0.00449483257916152	0.00357438999155948	0.00898526766753593	0.00660633283119083	0.00779684059889086	0.00604230549362298	0.00502306346322637	0.00947676839965055	0.00576701927088208	0.0142017136519818	0.0131066807816893	0.00804463926768696	0.0102809621959858	0.0146877749813237	0.0050044248109548	0.0111866201362084	0.010358819888966	0.0104579987179878	0.0128402711109417	0.0117535614851592	0.0119063275179114	0.0129454930997968	0.0148116970168343	0.0108014386917653	0.0147702370338167	0.00850726598749218	0.00862297100314214	0.0170500205697616	0.00400573211822789	0.00810136898538911	0.0171230754285464	0.00398315665529503	0.00511193370333394	0.0075290345579142	0.00407534136696424	0.0121168910908882	0.00515586578286047	0.0109554038164892	0.00208705633828367	0.00153437630939107	0.0113688363661272	0.00654074792689956	0.00687008869641549	0.0125388833474972	0.00217168544404945	0.0031159014975502	0.0064185891456049	0.00568767221786367	0.013053838745483	0.0065328707920032	0.00500805500184569	0.0177767228110992	0.00443696289753116	0.0119749314640809	0.0104151498537351	0.0101067878530529
A549_G1_1C_3	0.0112677627073195	0.00851367817027087	0.00206793969061349	0.00858459358817448	0.0089296625478395	0.00287044360274392	0.0162038660262245	0.00260112767444928	0	0.00677709553469725	0.0109809259814888	0.00924113343984021	0.0103415906438657	0.013293125340557	0.0123901074203687	0.00534499907221938	0.00512859032554926	0.00915500008710292	0.00283756281389671	0.00173432252461305	0.0129499634268502	0.00189845725486017	0.00429167914888522	0.0109169090631045	0.0121011664441816	0.00360202317851498	0.023347448594652	0.0131501265596756	0.0120480005554084	0.00931737393951133	0.00553073187078708	0.00247791804575957	0.00662425810155004	0.00201034555504053	0.00661791475377005	0.00617157926020876	0.0115639332587744	0.00646193604130441	0.0100172566601763	0.00362669820643314	0.00660646055339686	0.0110432889926683	0.00776190860028234	0.0157679459430233	0.014984195590709	0.00962181292732724	0.0123432664038293	0.015936953896815	0.00713163748629331	0.0129024875686746	0.0122376582058581	0.0116534189082968	0.0132978022064623	0.0105895132104553	0.0141555994364741	0.0143602333648685	0.0155805333633853	0.0121602707996668	0.0163622667576225	0.00855453175876694	0.0108383002768702	0.0180925387618231	0.00496765206946436	0.00857363794067244	0.018467572689934	0.00658275542617361	0.00737316822073733	0.0049708590123861	0.00529926416529771	0.0140966074112098	0.00715327959960127	0.0126018176422026	0.00467794330617017	0.00157793362107747	0.0134727771459033	0.00911997403400904	0.00914525955403826	0.0146854701745567	0.00452342005268757	0.00560535929054375	0.00768785502335983	0.00791292342678977	0.0144152680795158	0.00857704361113771	0.00752231685934587	0.018974762073027	0.00664763724039432	0.0131488984055365	0.0129047167883671	0.0120031065716574
A549_G1_1D_1	0.00600239168446489	0.00175848796601261	0.00648995915737245	0.00956420087218201	0.00425062652261302	0.00432462361662085	0.00953583488250523	0.00520424393801412	0.00677709553469725	0	0.00577838094251383	0.0025323152771059	0.00547045982876508	0.00787164017994267	0.00582009275106569	0.0025247213670577	0.00216138548562941	0.00279046595905354	0.004781175069121	0.00726501971779995	0.0061751520370895	0.00867017281811197	0.00275016842361235	0.00750427223894169	0.00956965531381726	0.0097057678796658	0.0171255205355394	0.0199250726826465	0.0056473517691718	0.0122659045334869	0.0121972460853081	0.00507920113983427	0.0133607907407743	0.00566138311424474	0.00178728430124536	0.00506964044262397	0.00888623149044951	0.00434694135411863	0.00398190692005178	0.00862529259455844	0.000181196452641167	0.00430788518133303	0.00161526310158617	0.00904963592903832	0.00822667743315207	0.0028722872238628	0.00577820507850218	0.00948955443034806	0.00183029614565315	0.00612713253616383	0.00549871099542848	0.00529804739074143	0.00825083538739094	0.0169380894901432	0.0135348806869364	0.0165058554653149	0.00984494196781826	0.00559812903685118	0.00963229949453871	0.00512382218642904	0.00468221375839848	0.0118989858102725	0.00207379921370154	0.00403575517955587	0.0119204176222308	0.00478060573708952	0.00788416143822759	0.0113423981218351	0.0087465833833375	0.00740442968411106	0.00136565456376133	0.00583975227683929	0.00494065082061168	0.00658144248343429	0.00693323314711474	0.007010247553586	0.00913580909491831	0.00817995399626839	0.00339235463853991	0.00349490675812149	0.0014050203759729	0.00250257241067976	0.00784997752842686	0.00231568602945977	0.00393118684447222	0.0125813393634125	0.00211919976345141	0.00680716168392673	0.00765026918552177	0.00527745588285192
A549_G1_1D_2	0.00991519853510203	0.0047854147598259	0.00967944239122597	0.00846552973552608	0.0020547941274802	0.0081137527608993	0.00946439831131793	0.00852493458536182	0.0109809259814888	0.00577838094251383	0	0.00427327514814336	0.00990574699529988	0.00231349548238301	0.00371425500081978	0.00570626208257277	0.00779976254218311	0.00332522897762644	0.00819492609804911	0.0105996787745438	0.00600474806110841	0.0126396695592355	0.00689655458734119	0.00306799092543377	0.00521339179920397	0.0126596342842897	0.0176562630978231	0.0234254113786425	0.00783622834033488	0.0119350974607938	0.0155375509831626	0.00857244608311787	0.016821128897329	0.0106550352594413	0.00467452016142232	0.00554058382322368	0.0046191171470431	0.0100963246809735	0.00213479135260351	0.0137757833986863	0.00581998075672159	0.00579693508365977	0.00416323398104784	0.0087376180068902	0.00656194397792268	0.00538737469152487	0.00367287121010517	0.0103669928847623	0.00425297853839332	0.00595211575499087	0.00469702112352341	0.00775783325210408	0.0118438782091298	0.0193282654400433	0.00990904400204045	0.0146947437249965	0.0122278709084557	0.00728961427089287	0.00908951821128129	0.0104649762049253	0.00208538150207095	0.0130523051272105	0.00759318301356412	0.00913182367114271	0.0120099559741431	0.00494906491256451	0.00726228290641546	0.0159429381829508	0.0100127158367407	0.0053317680649867	0.00453311941006907	0.00613615968855513	0.00678754390799456	0.0100311540886411	0.00416523298459387	0.00442285071096385	0.00734995158678044	0.00490633277506732	0.00645771933071835	0.00540967945967392	0.00644154345453297	0.00340264041252423	0.00870534039866807	0.00356659003808251	0.00354145959277649	0.0131079408706689	0.00451204727319271	0.00871772186230835	0.00195918664443021	0.0044813370862278
A549_G1_1D_3	0.00574930720547679	0.000799518767303457	0.00871679004147622	0.0104626200601619	0.00363931365839232	0.0066182979095788	0.00742386833341082	0.00740963527277494	0.00924113343984021	0.0025323152771059	0.00427327514814336	0	0.00564908830462079	0.00595086648849435	0.00330655762846516	0.0043417739563309	0.00463395504055916	0.00103195063690067	0.00698992925356015	0.00955523936058143	0.00383853985285691	0.0111197292068407	0.00503291075821905	0.00682280808208657	0.00904268104115927	0.0119575749173319	0.0153735103561481	0.0223645390664545	0.00421057496842549	0.0135546281183577	0.0145683254409843	0.00732880534993697	0.0157639799809906	0.00819362004358068	0.00302471769002466	0.00617719312804848	0.00837411873941667	0.00624969960843379	0.00214353047061024	0.0111386341996461	0.00268275948643614	0.00230737519184313	0.00171707887115545	0.00685236050259034	0.00574755368362123	0.00121862577001168	0.00326690883395125	0.00768955226958106	0.00258945588354296	0.0037852033903807	0.00299690700661173	0.0039889664828285	0.00782135244572785	0.0191407514301838	0.0134809911134505	0.017313614167811	0.00873310729439201	0.00388997440832414	0.0073997785466905	0.00626781206068898	0.00254980138251107	0.010283168211689	0.00459197209672175	0.0049005188313231	0.0099313175029715	0.00569536027067386	0.00886696706490856	0.0138721130432847	0.0104716114331223	0.0048777176820832	0.00228772733620372	0.00359624719013738	0.00660421672374491	0.00888038407219159	0.00442095051745591	0.00709671625133995	0.0097353812506712	0.00567013763287931	0.0053367573352981	0.00493087010155648	0.00242975388817407	0.0023833206924656	0.00596091569015629	0.0012393621091462	0.00427317367939331	0.0107504113656864	0.00321360203479617	0.00531389803660095	0.00585227276158086	0.0027633082122726
A549_G1_1E_1	0.00102698798356644	0.00530576176075862	0.0109575346015353	0.0150229470955235	0.00912547714623401	0.00891280703326949	0.00750470857255284	0.00985847142226339	0.0103415906438657	0.00547045982876508	0.00990574699529988	0.00564908830462079	0	0.011328192264161	0.00770840913823542	0.00789928627412387	0.00555253162064854	0.00665622609913311	0.00948180354253231	0.01149322196408	0.00613219881855113	0.0121022283037199	0.00765581170133669	0.0124094535912777	0.0146045723178187	0.0138521419648137	0.0132299573820441	0.0228310265659565	0.00351449445057485	0.0175807339476708	0.0157755025512726	0.00965705803780618	0.0167244922918427	0.00848313072232651	0.00722775716657688	0.0105321496840572	0.013925371732698	0.00411124428221947	0.00777144693489331	0.0103136024704478	0.0055982690471869	0.00463345541051689	0.00649049585611935	0.00744382850030515	0.00826517777737983	0.00452635907294048	0.00769967699566746	0.00652335814460639	0.00713317702157525	0.00612836975263219	0.00662104177699717	0.00320662635088956	0.00298995032648773	0.0209249178415496	0.0188573345658052	0.021958021589037	0.00531142463083502	0.00412372919147164	0.00802796668965801	0.00222607028142266	0.00800268914044168	0.00808098413197737	0.00585612048356977	0.00178038644522396	0.00907068898845179	0.0102498784144287	0.0133401290651706	0.0135720864027698	0.0138189599765573	0.00821798386260876	0.00663208989298744	0.00563421962040315	0.0102278276515215	0.010854797400318	0.00856916791268448	0.0123358096986832	0.0146009397959427	0.00961194838236444	0.00860104657228673	0.00893571675852245	0.00410148637372533	0.0075042274223913	0.00561294673440711	0.00662955326705257	0.00926767780566006	0.00920541414462089	0.00755464605751898	0.0040131921395959	0.0113265972278894	0.00660776136747
A549_G1_1E_2	0.0111542222297169	0.00661445233497698	0.011959235636336	0.0100480605914624	0.00436429689090051	0.0104267815423957	0.00923644947645958	0.0108247213416688	0.013293125340557	0.00787164017994267	0.00231349548238301	0.00595086648849435	0.011328192264161	0	0.00395966247135887	0.00801500764402964	0.00996811282468765	0.00518367791042347	0.0105009366113141	0.0128785285416924	0.00632527035812567	0.0149406241843334	0.00919793223152969	0.0040707247891212	0.00565671812331838	0.0148824461765106	0.0172035613080785	0.0256444302845337	0.00870079585144004	0.0135470800247945	0.0177752857468296	0.0108778215599668	0.0190635229655979	0.0129469700128304	0.00694074309538716	0.00771798644752223	0.00526278411512847	0.0120936410309662	0.00392582081667067	0.016065347611829	0.00793771826614676	0.00682753382600393	0.00627537295021233	0.00849217140186761	0.00604261217143293	0.00686422669109217	0.00394304949133267	0.0104386217706106	0.00649268270708651	0.0062847292358492	0.00516174801996917	0.00872734547370396	0.0128476907885317	0.0214019391720038	0.0102895607652752	0.0157043424287077	0.0127483292990889	0.00806542344527355	0.00870166133215814	0.0122104730113684	0.00340471449787882	0.0130406601234617	0.00978784270257444	0.0108300755326234	0.0116327721261263	0.00714125059154875	0.00907674833391493	0.0182558655716934	0.0120598404875513	0.00490536566090134	0.00671907093123702	0.00662098662462949	0.00903620240843209	0.0123222650147697	0.00375392159560072	0.00602926504220017	0.00880810180822832	0.00387860790924268	0.0087702323884465	0.00771267475796932	0.00831951515084864	0.00563628324100704	0.00894853597684644	0.00556867005076506	0.00582344908117686	0.0128414096947432	0.00679957347367526	0.00936387192433228	0.000509891275313861	0.00504106047255572
A549_G1_1E_3	0.00738230444824884	0.0041052928601924	0.0116195555652504	0.0119146136632548	0.00472912003844005	0.00964057036387809	0.0057512227878222	0.0103302296843562	0.0123901074203687	0.00582009275106569	0.00371425500081978	0.00330655762846516	0.00770840913823542	0.00395966247135887	0	0.00719438130291234	0.00794023613848465	0.00324079066267068	0.00992803953528716	0.0125044668959146	0.00240133435081448	0.0142359949307201	0.00810714733899125	0.00677740596222274	0.00887257098497519	0.0148256548202332	0.0139503734882589	0.0254221287145407	0.00478023583863823	0.0152978691096314	0.017556501515541	0.0102911725550664	0.0187889086685839	0.0114687874570492	0.00584109762966755	0.00825585767480342	0.00830826585467148	0.00937302232601332	0.00269025660788341	0.0144410652310618	0.00595953969440091	0.00307600963121839	0.00462928208512635	0.00502761234480225	0.00301256707825141	0.00364142304772553	5.11742444496496e-05	0.00669617849477099	0.00532786027964553	0.00235578541148046	0.00120657839970709	0.00484915630033264	0.0089332547667311	0.0218749581904582	0.0135917934173847	0.0183613423243146	0.00881185730763966	0.00412761031637271	0.00540204139304074	0.00897507285888806	0.00196955777688637	0.00936924317963378	0.00789051627375051	0.00758020346779207	0.00830440189659074	0.00767695515479512	0.0105313068129705	0.0171245074810447	0.0128119042360334	0.00184896035120953	0.0052407987280576	0.00266329296320166	0.00911261178008781	0.0118514829057998	0.00111451663854835	0.00798412600169038	0.0109031956020978	0.00236361978823798	0.00816702356950688	0.00745501809347972	0.00561845925951842	0.0046801655365302	0.00509131484515081	0.0038209321061803	0.00607908625379391	0.00939385901074748	0.00589844099999298	0.00540429985463192	0.00414558042081154	0.00112536874712648
A549_G1_1F_1	0.0084982330747873	0.00379504742984979	0.00443241776480295	0.00714765636263277	0.00369277071810616	0.00249263481498072	0.0117404087630788	0.00313668548615253	0.00534499907221938	0.0025247213670577	0.00570626208257277	0.0043417739563309	0.00789928627412387	0.00801500764402964	0.00719438130291234	0	0.00302647007424467	0.00397389141887961	0.00273418495492649	0.00531071348566054	0.00817936111858936	0.00711361362259231	0.00121970420586992	0.00633636005921972	0.00809534467864145	0.00765967120175714	0.01953447022374	0.0182358188477139	0.00808906714686195	0.00974479366119561	0.0103629173581669	0.00310004964899444	0.0115979734448657	0.00498298215161037	0.0013601789691024	0.00270446451870886	0.00744214329248412	0.00581888729531949	0.00469685125252084	0.00810028763947419	0.00236423444176745	0.0065230244395426	0.00265410652353128	0.0111877739253023	0.00998438474126411	0.00512479086815018	0.00714522419009869	0.0118592176304641	0.0018677762348445	0.00812566779082555	0.00724430757398793	0.00776042776310852	0.0107476261191813	0.0148082205101141	0.0115550424491594	0.0140674546611269	0.0123631597236989	0.00796318078201961	0.0117401755295508	0.00717784933968131	0.00552269673759393	0.0143404894008001	0.00268620820572041	0.0063200410670568	0.0142093259251246	0.00258076670469337	0.00546460918198904	0.0102710847898797	0.00626375543787784	0.00898172375056115	0.00205599021716739	0.00793020856082289	0.00242060849706253	0.00465832671741442	0.0082388468756484	0.00521004913505856	0.0068655370740516	0.00941991407581749	0.000996733072005741	0.00108946362502731	0.00392118430209053	0.00258214280883196	0.0101715228691274	0.00339967979564126	0.00251934483269853	0.0149500217536259	0.00131550011328579	0.00925094167587232	0.00765853789686869	0.00698878498764651
A549_G1_1F_2	0.00636640581917402	0.00383638756470753	0.00542338441231394	0.00997034047926209	0.00606445240692549	0.00336254795698524	0.0111136964849058	0.00430681132833417	0.00512859032554926	0.00216138548562941	0.00779976254218311	0.00463395504055916	0.00555253162064854	0.00996811282468765	0.00794023613848465	0.00302647007424467	0	0.00494980688721137	0.00393587411952387	0.00602236690186512	0.00802559823845779	0.00701081266206267	0.0022816325031536	0.00912875752829094	0.011030250736763	0.0084408241959654	0.018257807538841	0.0181927666824253	0.00692036920425287	0.0121826921732819	0.0106578329171187	0.0041047071728457	0.0117427744911813	0.00367523613585837	0.00326608598454407	0.00567317611964885	0.0103621172108702	0.00279398945847999	0.0061200493968803	0.00651129200542559	0.00205838234582868	0.00604926355843077	0.00369782146280352	0.0107123140733794	0.0101833765984108	0.00468400654622829	0.00790022748965976	0.0108088174709621	0.00358479308352494	0.00798316180629639	0.00751433086305242	0.00652510263828841	0.00853732564096046	0.0156352959585858	0.0145788110733236	0.0167908737371606	0.0105954886907422	0.00705256220434232	0.0113153775594878	0.00433790370620544	0.00683878165399099	0.0129975012929785	0.000355573507135644	0.00379606126075567	0.0133426927194506	0.00560447102047423	0.00831130290421251	0.0093582246172887	0.00830698281338244	0.0094492927579703	0.0032668056912344	0.00763202170813226	0.0049496411017428	0.00536087888327984	0.00905466810809452	0.0082135858397358	0.0098250124251024	0.0103037113129449	0.00335678351119835	0.00409699850861088	0.00261999379976568	0.00440935780325518	0.00929877231510962	0.00445710840589754	0.00532083266457524	0.0138510994034084	0.00353703560137767	0.00802175006534971	0.00971680098307276	0.00731250515870903
A549_G1_1F_3	0.00677971072410347	0.00146436805368318	0.00840620672863074	0.00959096863833831	0.00262254730233671	0.0064014976982227	0.00806228203508758	0.0071089475233839	0.00915500008710292	0.00279046595905354	0.00332522897762644	0.00103195063690067	0.00665622609913311	0.00518367791042347	0.00324079066267068	0.00397389141887961	0.00494980688721137	0	0.00670177360417873	0.00928132335534382	0.00438596115820645	0.0109960973070861	0.00486786537056809	0.00579174853148171	0.00801089153127728	0.0116293960115748	0.0161333716877275	0.0221867811983899	0.00516609783196707	0.0127657701900646	0.0143302156486178	0.0070610818574409	0.0155562993942086	0.00831763237218372	0.00261426066162096	0.00543379849394511	0.00734219533053803	0.00691074372538238	0.00126149022725956	0.0113553004786945	0.0028940083582524	0.00317558860736354	0.00139516297674653	0.00744111688702018	0.00602520304904295	0.00224679663483915	0.00319301419871662	0.00848022514468384	0.0021084909704876	0.00432930232920669	0.00331374593413419	0.00497165265102315	0.0088509405949655	0.0187409680086616	0.0124588026059312	0.0163925777089018	0.00969650615419925	0.00478690443224247	0.00795280910343016	0.00714326498264877	0.00189353948108814	0.0111165163973194	0.00483531931904306	0.00580675012840566	0.0106131116741372	0.00491152595977221	0.00803238274728233	0.0139312806621472	0.00986442896616718	0.00500821453688385	0.00200197235259863	0.00424084046155869	0.0060456645661689	0.00862264908143996	0.00431823474034459	0.00610939197703113	0.00880647377023853	0.00553800414215862	0.00495949519438003	0.00435957177981619	0.00315130502565662	0.00160812404768106	0.00674068672350207	0.000580221625843637	0.00340320624102197	0.011500645395522	0.00270694861768231	0.00623557584286338	0.00502619183447803	0.00305081129076878
A549_G1_1G_1	0.0102625214537246	0.00635866117508764	0.00172804992500491	0.00666597930238295	0.00614023063679408	0.000583176049177228	0.0142929942988151	0.000423984928241554	0.00283756281389671	0.004781175069121	0.00819492609804911	0.00698992925356015	0.00948180354253231	0.0105009366113141	0.00992803953528716	0.00273418495492649	0.00393587411952387	0.00670177360417873	0	0.00258002834971283	0.0108173445077948	0.00445051744834009	0.00203139376220842	0.00810552403468092	0.00940801928546044	0.00496873708268439	0.0218775390942281	0.0155033743056923	0.0104032822468518	0.00837286960965757	0.00762975860074572	0.000378548264755898	0.00886427154565984	0.00332749775648347	0.00408878399616353	0.0034100965544241	0.00883819923368356	0.00631191664215922	0.00741104037274121	0.00615504996175736	0.00460000991239831	0.00905285457399839	0.00535350970369214	0.0137783102566928	0.0126928005264247	0.00762066909655248	0.00987896013969205	0.0142660312402852	0.00460048912557771	0.0107653627880253	0.00994354588190944	0.0100393582247339	0.0124594055268669	0.0121771827479325	0.0119363972673342	0.0131729534742689	0.0144082893168686	0.0103787291960232	0.0143472355046528	0.00817656759348468	0.00823755369485985	0.0166332469235229	0.00362577154233461	0.00773175400131261	0.0166996039732885	0.00377171798086207	0.00517402610691127	0.0078002645146716	0.0043952733254603	0.0117091745268979	0.0047412146433551	0.0105325651817349	0.00196438585299817	0.00192427917316896	0.01097193946111	0.00639879499883401	0.00691097846413919	0.0121477128786478	0.00178748318944071	0.00278960699044425	0.00600236893483502	0.00529839995274104	0.0126306054173768	0.0061245692058621	0.00469959735156479	0.0173554444373389	0.00404149452282474	0.0115560256783375	0.0100995936884347	0.00969229520216501
A549_G1_1G_2	0.0123615005778963	0.00890260199811159	0.000920348415906801	0.00702693607653625	0.00855905643551054	0.00294840838376372	0.0168002361367559	0.00217446074054259	0.00173432252461305	0.00726501971779995	0.0105996787745438	0.00955523936058143	0.01149322196408	0.0128785285416924	0.0125044668959146	0.00531071348566054	0.00602236690186512	0.00928132335534382	0.00258002834971283	0	0.013371207620977	0.00223375204068267	0.00454046252991367	0.0100707004678458	0.0109997865212148	0.00244751820444797	0.0242404384467685	0.0129408569435859	0.0128067071946052	0.00758368895662926	0.00505331256416736	0.00222809155201125	0.00629894490717637	0.003603005859906	0.00666776809012236	0.00532874791915373	0.0105176044771975	0.00783135493612477	0.00996382453717433	0.00522614121513027	0.00708477053844114	0.0115678289487848	0.00793211131172936	0.0163057641743887	0.0152699754444235	0.0101317641120106	0.0124552178688866	0.0166938388445909	0.00717826772043556	0.0133199887312326	0.0125192208759184	0.0124285512878621	0.0144798643419105	0.00968449129561271	0.012660489657093	0.012629549803971	0.0166166530791864	0.0128332015853415	0.0168818203845086	0.00987948805994681	0.0107892486289443	0.0189821433844593	0.00578072052627767	0.00971305719440179	0.0191669933683499	0.00583737603605188	0.00597037866591972	0.0058256610536545	0.00358648991188613	0.0142888016509914	0.00731897164994869	0.0130724057054856	0.00387782838433414	0.000683859387573008	0.0135422947398065	0.00810727494836076	0.00771513001374665	0.0147090356914032	0.00434344737330048	0.00522290506829381	0.00838520250479502	0.0078582892801327	0.0150943230392337	0.00870440481860555	0.00705963189959472	0.0197708129666236	0.00661080594440693	0.0139441573473413	0.0124504503990449	0.0122691168371199
A549_G1_1G_3	0.00556984308420799	0.00447132772826727	0.0125452328332605	0.0138274279764079	0.00660478142651426	0.010425538936277	0.00369140739204772	0.0112387062348466	0.0129499634268502	0.0061751520370895	0.00600474806110841	0.00383853985285691	0.00613219881855113	0.00632527035812567	0.00240133435081448	0.00817936111858936	0.00802559823845779	0.00438596115820645	0.0108173445077948	0.013371207620977	0	0.014844376140495	0.00883373712316332	0.00906663123779212	0.0112106673540779	0.015785496861902	0.0118525238003651	0.0260974143056881	0.0027476345694172	0.0170972439556298	0.0183564177240254	0.0111497405178309	0.019531335542703	0.0116985719011446	0.00685037602774255	0.00981224704136996	0.0106237376823335	0.00873563555842311	0.00447993775904027	0.0144438440236863	0.00634828601952026	0.0020069825379466	0.00553768523617595	0.00305524414162249	0.00226923555531162	0.00334805779822248	0.00242870849768305	0.00436884078086189	0.00638971327794225	5.74381975793265e-05	0.0013101491881891	0.00295914731023785	0.00678626765128697	0.0229773496376476	0.0159134240122155	0.0204653659912587	0.00642358465576829	0.00207127818393662	0.00357511908672545	0.00782755278837376	0.00401569092548244	0.00705821646788939	0.00808263186340197	0.0065143801976984	0.00626192429446997	0.00927648323904401	0.0123346833455922	0.0173823330952524	0.0142415803171312	0.00210553981232172	0.00612385085263694	0.000501506996772178	0.0103986999654964	0.0126925675540525	0.00275380123032228	0.0100549003824213	0.012919353023904	0.00356564082112195	0.00917487033237784	0.00871337181335377	0.00542385922139321	0.00599405455391222	0.00270627547672335	0.00489004988442759	0.00772268457921313	0.00723213391263731	0.00701326247566226	0.0031012727464625	0.00653906837013731	0.00154477201032648
A549_G1_1H_1	0.0130526318520082	0.0104006702805619	0.00308246527116177	0.00908188978637649	0.0105859137529806	0.00462212248881614	0.0180996926050688	0.00411636912152872	0.00189845725486017	0.00867017281811197	0.0126396695592355	0.0111197292068407	0.0121022283037199	0.0149406241843334	0.0142359949307201	0.00711361362259231	0.00701081266206267	0.0109960973070861	0.00445051744834009	0.00223375204068267	0.014844376140495	0	0.00612969171321466	0.0122788748666151	0.0132327527150246	0.00243443160771095	0.025186056665685	0.011256117846558	0.0139302141656761	0.0090835246616788	0.00368113992323969	0.00407200924890486	0.00473240738584221	0.00362404711511173	0.00842573325556913	0.00751986199177574	0.0127508477510227	0.00811452846125915	0.0118091109817173	0.00368631526759808	0.00849837253550084	0.0129413933180473	0.00960830898652104	0.0176659282491935	0.0168658205319874	0.0115191456781183	0.0141884915231472	0.0178149626843696	0.00894190705689254	0.0147966166751893	0.0141160941383879	0.0135336469471701	0.0150266334102706	0.00884755899905818	0.0147413069946766	0.0141267612739272	0.0173773188925172	0.0140526686401193	0.0182603821702831	0.0102150071452716	0.0126341201180264	0.0199375679554514	0.0068604948252014	0.0103522669302859	0.0203525077624376	0.00800374808223156	0.00814996508841008	0.00359603167833776	0.00541199762187481	0.0159618050969479	0.0089957216863706	0.0144987698350637	0.00604205244911054	0.00265074216918669	0.0153092001779877	0.0103373731157801	0.00986814898394958	0.0165111615811675	0.00622386861300607	0.00723031939345531	0.00958315074151803	0.00969541246865707	0.0163053267429251	0.0104163804774295	0.00912311610934536	0.0208424714056455	0.00842798603917647	0.0150233213382447	0.0145303093747457	0.0138788260293321
