	A549_G1_1A_1	A549_G1_1A_2	A549_G1_1A_3	A549_G1_1B_1	A549_G1_1B_2	A549_G1_1B_3	A549_G1_1C_1	A549_G1_1C_2	A549_G1_1C_3	A549_G1_1D_1	A549_G1_1D_2	A549_G1_1D_3	A549_G1_1E_1	A549_G1_1E_3	A549_G1_1F_3	A549_G1_1G_1	A549_G1_1G_2	A549_G1_1G_3	A549_G1_1H_1	A549_G1_1H_2	A549_G1_1H_3	A549_G1_2A_1	A549_G1_2A_2	A549_G1_2A_3	A549_G1_2B_2	A549_G1_2B_3	A549_G1_2C_1	A549_G1_2C_2	A549_G1_2C_3	A549_G1_2D_1	A549_G1_2D_2	A549_G1_2D_3	A549_G1_2E_1	A549_G1_2E_2	A549_G1_2E_3	A549_G1_2F_1	A549_G1_2F_3	A549_G2_2A_1	A549_G2_2A_2	A549_G2_2A_3	A549_G2_2B_1	A549_G2_2B_2	A549_G2_2B_3	A549_G2_2C_1	A549_G2_2C_2	A549_G2_2C_3	A549_G2_2D_2	A549_G2_2D_3	A549_G2_2E_1	A549_G2_2E_2	A549_G2_2E_3	A549_G2_2F_1	A549_G2_2F_2	A549_G2_2F_3	A549_G2_2G_2	A549_G2_2G_3	A549_G2_2H_3	A549_G2_3A_2	A549_G2_3A_3	A549_G2_3D_1	A549_G2_3D_2	A549_G2_3D_3	A549_G2_3E_2	A549_G2_3E_3	A549_G2_3F_1	A549_G2_3F_3	A549_G2_3G_1	A549_G2_3G_3	A549_G2_3H_1	A549_G2_3H_2	A549_G2_3H_3	A549_G2_4A_1	A549_G2_4A_2	A549_G2_4A_3	A549Root1_1	A549Root1_2	A549Root1_3	A549Root2_1	A549Root2_2	A549Root2_3
A549_G1_1A_1	0	0.0248750107785592	0.0184975207231563	0.0161781628527271	0.0334761694421039	0.030293347008942	0.0187657025969071	0.0300218607058373	0.0318999719139625	0.00592732429155151	0.0189214365698222	0.014156809127044	0.00771987003023042	0.0315855714499801	0.0347538163821282	0.0160324477730288	0.0104499728238389	0.00685200881326679	0.0251288425567071	0.0270683916465346	0.0200288889280612	0.0329931767050483	0.0248137212901189	0.0243502349697228	0.033187074701813	0.0353149801343754	0.0129132961964376	0.0278038288164073	0.00926819812296958	0.0248333003964074	0.0405013756687136	0.025329953517894	0.0101145912172234	0.0274281652287819	0.023108811370365	0.00483603153115822	0.017341125968335	0.0159415801302385	0.010521367568306	0.0142978296864642	0.0363052524742155	0.0333334657749589	0.00796829996424832	0.0308978946689956	0.0310648012856481	0.0102482198592855	0.0287011686798653	0.0188571634145194	0.034377996542269	0.0256362918777931	0.0261225830347136	0.0289996702063854	0.0282955653325671	0.0343435400081462	0.013356643098842	0.0179187730468666	0.0162536268606486	0.00900641890508271	0.0200243202215437	0.0232733894113809	0.0192187242525918	0.0198937607075352	0.0113627818448244	0.0114155028744494	0.0153872257224399	0.0116496784696075	0.0324344283286845	0.0193664234971063	0.0253272546695741	0.0240105604760424	0.0259714124283937	0.00915774764327068	0.0147880886911524	0.0209832789364775	0.00976128939934739	0.0124194703266012	0.0108760488949295	0.00637949004881536	0.0156100809535464	0.0217564998757756
A549_G1_1A_2	0.0248750107785592	0	0.0122115412357894	0.0214192720911599	0.0107069676002451	0.008642431313197	0.0227941483749268	0.00526191531826947	0.0107991819668388	0.0283335592911809	0.00928276672364235	0.0107551297350801	0.0314538559603245	0.0194657008370742	0.0242049746744482	0.0130444772689719	0.0172491606395621	0.0281086880099745	0.00455848071816441	0.00651907562321339	0.0108876220216962	0.0136842644766501	0.00513451422082279	0.0131913675237709	0.0085027186809003	0.0115452053862099	0.0156698880956893	0.0108761792755273	0.015954560254404	0.00370518684829758	0.0165311151671491	0.0115861289567457	0.016114058085906	0.0166750641716731	0.0227537332069945	0.0230905220127477	0.026824050626714	0.0133680213333364	0.0143756228025664	0.0294169197345913	0.0116592592408832	0.0100689146046325	0.0257459101426134	0.00995965788294568	0.00988371312474715	0.0175296072286292	0.00528664534328667	0.0138558366011454	0.00982746131791712	0.0115396471987965	0.0127210002310661	0.0070490522921665	0.00807403767813742	0.0209775822657918	0.0143216390519447	0.02639419685303	0.0326359150579486	0.0176111126617928	0.0367804493247907	0.0231823633768165	0.00847639685723745	0.0439979791875056	0.0158824416267563	0.0327640050794331	0.0150862992313898	0.0236378890648651	0.00783187611766765	0.0279769517029034	0.0124960520007045	0.00952781460739919	0.0497815431956261	0.0160649043467	0.0143589412331379	0.037376992033028	0.0196007437814284	0.0135117361880277	0.0155558159566188	0.0202091433433962	0.0213294496210087	0.00957972359072897
A549_G1_1A_3	0.0184975207231563	0.0122115412357894	0	0.0162834843459342	0.0224715776496909	0.0140089766723229	0.0232063557244012	0.0157077045636578	0.0221009872841402	0.0204468758032415	0.0113563527658996	0.00843828901801973	0.0235750263428066	0.02454300377789	0.0212413017600438	0.0155720403592349	0.016027537764828	0.0228522264398166	0.0140037908084066	0.0155144863905999	0.0126012878549605	0.0157469413971209	0.0146993381211031	0.00804029658011511	0.0181150151289529	0.0208368244323909	0.00592194471351674	0.0183942461748066	0.0120539782639878	0.0107610499221795	0.0274446992722644	0.0138928801518223	0.0113315782336297	0.024625835247693	0.0217998807750346	0.0186568367609384	0.0216119255844857	0.0164832229792834	0.0102112766092905	0.0233600310712442	0.0210521198243459	0.0216379421164705	0.0201262940755826	0.0164009215361474	0.0216711266463715	0.0115641244179105	0.0135915834973399	0.0120316506294692	0.0195011678233533	0.0201158749086609	0.0165890598664653	0.0176552755944164	0.0119270883073466	0.026430299203798	0.0103337622413244	0.0218296103539351	0.0262433023683987	0.0127096654708335	0.031404011782702	0.017549188235508	0.014200245986488	0.0353693707359412	0.0109738265176494	0.0255289535025768	0.0094121037247599	0.0173760132878106	0.0194363766377335	0.0262762039130872	0.020583022932895	0.0167328131610094	0.0423316458478031	0.0119790371532995	0.0130783809158807	0.0328269205934699	0.0170945429426964	0.0114935687701414	0.0077277911647151	0.0166503763616425	0.017464672482845	0.00879526279113113
A549_G1_1B_1	0.0161781628527271	0.0214192720911599	0.0162834843459342	0	0.0312685092883542	0.0274172118787357	0.0116770364104028	0.0257505192833237	0.0257206269419902	0.0207122529253393	0.0219874678119423	0.0144980551675549	0.0177197783033432	0.0190472996831382	0.0213381689676499	0.0208973107936859	0.0184209612091279	0.0148903834953098	0.0244736931057759	0.0198342596553003	0.0114687023568931	0.0304465439064498	0.0244539644072639	0.016018321541917	0.028281192489825	0.0275331534957522	0.0152086834842708	0.0187146991836719	0.012233618622861	0.019239157467111	0.033358249388872	0.0143653043201932	0.00979541117121823	0.0217620046496761	0.00857392128842933	0.018701520505702	0.00567584129902216	0.0194639587631815	0.0135094037040262	0.00956594509958628	0.0300597593082876	0.0272613513784186	0.010609018506436	0.030039054843521	0.0262712981480111	0.00797231640395901	0.0227344780315551	0.00801311657242997	0.0280276283317967	0.0201017866125431	0.0148537957029499	0.0224241043968308	0.021009809161597	0.0214860290350091	0.00844687011656608	0.00563895711658196	0.0124620697562686	0.00947053443394582	0.0169034866664317	0.0312736687354167	0.0176759823625457	0.0283595149028322	0.0187472080492323	0.0156552464372797	0.0213017374966764	0.00534597342573798	0.0277053477021681	0.0117210142751152	0.0197025078851003	0.0170897596080662	0.0326760536692434	0.0121062812192664	0.00875137537616093	0.0181997759067069	0.0108228499986946	0.0177445206689689	0.0129305636128668	0.0137771245716058	0.0267234120785369	0.0133541879007341
A549_G1_1B_2	0.0334761694421039	0.0107069676002451	0.0224715776496909	0.0312685092883542	0	0.0126445253361997	0.0298870787845154	0.0083875458615492	0.00991331571953012	0.0368870821378184	0.0158832443868454	0.0201742298288299	0.0406364760741879	0.0242930519101332	0.0322879572212287	0.0184893880286384	0.0240619326718605	0.0365879821219414	0.00915974023676924	0.0128913763758713	0.0200205495189244	0.0171646363561916	0.00900764742197181	0.0231408243180469	0.00889368001689912	0.0122945282579492	0.0255543359963686	0.0161639807343606	0.0249304660999886	0.013604837097046	0.0119704262963245	0.0201782939908772	0.0256511722528788	0.018776665735118	0.0310047671721945	0.0306438113639404	0.0363561024691269	0.0188917985127552	0.0234924072272638	0.0388865885046711	0.0106526038176751	0.00815538369184976	0.0348196682108471	0.0109360941021274	0.00789544423749843	0.0273933078748452	0.0120059642161746	0.0236090560500976	0.010155459919158	0.0149395655300861	0.020188829785529	0.0106780850904192	0.0160203425136528	0.0250932875428808	0.024212759730492	0.0357332046645564	0.0421136664126406	0.0270071938583226	0.0457052592207544	0.0287798803770494	0.0153374306375278	0.0531833319757856	0.0240001634499266	0.0421015732656092	0.0230049887236006	0.0334188321593902	0.00595628558592225	0.0357624117380967	0.0160230750960055	0.0157071537599402	0.0585777921430191	0.0250937282902498	0.0234979723280356	0.0458756435758501	0.0279048973443342	0.0213688563465395	0.0254349132852442	0.0283724886174805	0.0271006794516433	0.0198224955524957
A549_G1_1B_3	0.030293347008942	0.008642431313197	0.0140089766723229	0.0274172118787357	0.0126445253361997	0	0.030909867938878	0.00622149429148468	0.0165906777948405	0.0324949945479672	0.0134538494890061	0.0168244150170458	0.0365999535884246	0.0258184106948779	0.0248015989204243	0.019439760141346	0.023536653848235	0.0345695726159206	0.00898865274265422	0.0131900039061894	0.0182077717189619	0.00525811500127192	0.0102806824763871	0.0143989289992102	0.00668216878072009	0.0124143405550552	0.0187808640472739	0.0177414785276447	0.0222838094565961	0.00930291150450553	0.0175571266883537	0.0169306817424682	0.0223506373520755	0.0249161166767015	0.0295996542292155	0.0287096213634756	0.0330621848291946	0.0206775627182347	0.0202516138978434	0.0356726200758181	0.00994444591397498	0.0140469063897222	0.0321558164481333	0.0045305959157954	0.0158017937938103	0.0234383009598295	0.00737935061996043	0.0202044182374657	0.00948489259959744	0.0198112620014689	0.018973639123881	0.013238811290586	0.00880711425889438	0.0267194524260508	0.0207227836412778	0.0328433020768943	0.0387867151106921	0.0239173189572122	0.0434550689983258	0.0215029241824099	0.0167875504068587	0.0487779425055418	0.0199741097874924	0.0385429383389095	0.0171555537238777	0.0296596908057768	0.0100020894657601	0.035658922547348	0.0208434180268301	0.0177341808705404	0.0554597169979052	0.0223438653901971	0.0217058554548004	0.0444084346562591	0.0268813288750597	0.0190142938793451	0.020076043342669	0.0268156749162079	0.0236193126946059	0.0145355064613552
A549_G1_1C_1	0.0187657025969071	0.0227941483749268	0.0232063557244012	0.0116770364104028	0.0298870787845154	0.030909867938878	0	0.0272525671219036	0.0231636149968079	0.0246324179632239	0.0233970323444163	0.0172128903175479	0.0217153390377085	0.0169149003089658	0.0293263944457405	0.0194232857475321	0.017555182261546	0.015332558193956	0.0250968938376136	0.0201809116825972	0.013195138429565	0.0352363888555163	0.0245015541904674	0.0237182386487601	0.0299618732310305	0.0286396234249515	0.0217026273894897	0.0176417840322089	0.0144506759137459	0.0219345990564002	0.0323581292027634	0.0178062136615147	0.0136075509317396	0.0145788856957946	0.00943962526255447	0.019274601235949	0.0119951223385184	0.0167824038709717	0.0163451523071572	0.01387788443952	0.0315426012340779	0.0259889338635476	0.0130534267408291	0.0324771677762383	0.0235652983490116	0.0136633587733565	0.025288866522034	0.0129785321043479	0.0294058504216258	0.0156881990774974	0.0161563338350431	0.0218486540101359	0.0253070430170961	0.0196904462271101	0.013021927240285	0.0108693620526507	0.0163765601805008	0.0130364292989648	0.0177124244187845	0.0362067684248473	0.015998143256584	0.0320767544616377	0.0217915473464928	0.0192280566328252	0.0254743105387071	0.0125052072206086	0.0276759647151148	0.00616727528704509	0.0147437466896513	0.0150318920403308	0.0341922965570349	0.0145016443627865	0.0102178930113413	0.0171184027193361	0.00963737456626819	0.0191642532452232	0.0186026675187985	0.0138399222378797	0.028974176822465	0.0184457406428446
A549_G1_1C_2	0.0300218607058373	0.00526191531826947	0.0157077045636578	0.0257505192833237	0.0083875458615492	0.00622149429148468	0.0272525671219036	0	0.0103747380816105	0.0332353369984512	0.0134018907672088	0.0158944219020535	0.0365252016193972	0.0209274111598095	0.0245103210455405	0.0177416194162296	0.0223222623197054	0.0333312587132051	0.00696014388886199	0.00810889191895856	0.0150498513165094	0.011275019229192	0.00781252255428	0.0151035126120251	0.00327500425337035	0.00797125996561708	0.020032850514583	0.0125601226650276	0.0211701136385816	0.00656999368388311	0.0127106216892886	0.0138526893162389	0.0212230033980953	0.0193420024001185	0.0263489981121309	0.0282149200265004	0.0312324503154772	0.018211328280729	0.0195291305301344	0.0342053100869148	0.00673412311150461	0.00794159601638926	0.030858382350458	0.00782704722980789	0.00970004836094797	0.0224920281505637	0.00397380174091265	0.0179144332188867	0.00529029272435848	0.0143884898437673	0.0149844887444484	0.0073779777036568	0.00779472173734516	0.0217995120620162	0.0192314848033388	0.0307624881242816	0.0374070817175477	0.0227392097237906	0.0415799540388317	0.0255253204072824	0.0133577224227413	0.0490171080601869	0.0205791851385421	0.0378102756961213	0.01904312690877	0.0284263997499805	0.00418824416657886	0.032495847967039	0.0154875761943709	0.0128519028655588	0.0549171216125209	0.021272558250311	0.0192498076975719	0.0421965560777477	0.0247835174264842	0.01849962994892	0.0203548618663264	0.0254663613041008	0.0252224693132984	0.0129201934041749
A549_G1_1C_3	0.0318999719139625	0.0107991819668388	0.0221009872841402	0.0257206269419902	0.00991331571953012	0.0165906777948405	0.0231636149968079	0.0103747380816105	0	0.0364308765686158	0.0184479065838053	0.0189421723680895	0.0382198254924789	0.0147566071889152	0.0271030619771117	0.0192184533597064	0.0236502330163947	0.03332421296166	0.0127869419165729	0.00720732525149786	0.0144651477342514	0.0215872643548725	0.0124653785862458	0.0205416932428765	0.0113601095176817	0.00932123377638241	0.0252093326347955	0.00779507323724325	0.0227862046440049	0.0116779152936111	0.00985751423202746	0.0139471821841065	0.0227903184495515	0.0112270464989361	0.0232365364846884	0.0299414648386133	0.0303352951351128	0.0181850974218262	0.0220667098246398	0.0337104732660607	0.011532894743444	0.00364524015169819	0.0309381807799758	0.0174143077199548	0.00262140611425317	0.0241380197855701	0.0109790387710026	0.0181626702522554	0.00997993506711168	0.00789282655861683	0.0126276123833872	0.0047055997678603	0.0141247050387872	0.0154877436761234	0.0205690265910137	0.0294516688662247	0.0368514425505921	0.0239763366431726	0.0399206137016555	0.0335672593956767	0.0129454999151887	0.0506418875571471	0.0248831026651909	0.0383407177575264	0.0251814846623189	0.0288380635132244	0.00738605714221711	0.0289637292365518	0.00889037824266217	0.00888953645598631	0.0550719741408576	0.0229385103077928	0.0188711382096342	0.0398996947822412	0.0241267064365839	0.0215981882049055	0.0241918583052149	0.0260633174594063	0.0303769687784695	0.0158872650540532
A549_G1_1D_1	0.00592732429155151	0.0283335592911809	0.0204468758032415	0.0207122529253393	0.0368870821378184	0.0324949945479672	0.0246324179632239	0.0332353369984512	0.0364308765686158	0	0.0213875882635373	0.0178597955509635	0.0081175961092645	0.0368587497460295	0.0377566915881842	0.0195707677933649	0.0143452677740394	0.0114398013309789	0.0281432754529788	0.0313558135459345	0.0247858588650293	0.034445219789892	0.0279695150447787	0.0270380542596058	0.0363057153981706	0.0390987840998206	0.0145414885759976	0.0326244101279273	0.013951073956265	0.028378557219278	0.044538654845536	0.0296466184843343	0.0148028946353331	0.0328931510433486	0.028331190835061	0.00827010191352516	0.0217769909338569	0.0202067623645135	0.0144736761292396	0.0183083932983752	0.0396290933072162	0.0374876541616396	0.0129561586560992	0.0328841547568203	0.0354372869814956	0.0147651707823879	0.0320657269203911	0.0234477145335919	0.0378398167344535	0.0307189862100265	0.0308639342034361	0.0332787930549072	0.0314665951153959	0.0395475370410043	0.017932465866454	0.0225887149833466	0.0196649806665693	0.0139904881044384	0.0235153258694521	0.0213161380046753	0.0237042089532877	0.0179925206822212	0.0131496184062375	0.0136288816193643	0.0160806359249139	0.0161272106872779	0.0360482202650153	0.0248434106907242	0.0305257847740629	0.0289346828242082	0.0254171351707703	0.0138241137731772	0.0199404000267289	0.0247909789084797	0.0155918710175039	0.0155671212045788	0.013725748175732	0.0119743833986326	0.0147793728668808	0.0255340677867983
A549_G1_1D_2	0.0189214365698222	0.00928276672364235	0.0113563527658996	0.0219874678119423	0.0158832443868454	0.0134538494890061	0.0233970323444163	0.0134018907672088	0.0184479065838053	0.0213875882635373	0	0.00752922671813712	0.0262334612417183	0.0262605633251772	0.0302381954529988	0.00674939967819466	0.0106637689157365	0.0236385424004835	0.00711548238372828	0.0148993745361893	0.014613817649199	0.0170489077473725	0.00699994314941662	0.0172236807207002	0.0164582001423682	0.0207299971633892	0.0114057169658942	0.0183023594290562	0.0118986573679472	0.0115441936208821	0.0250651315644609	0.0180835967063488	0.0133235978344271	0.0205829297477762	0.0258395309711594	0.0161841369095363	0.026859328308208	0.0089588295226383	0.00986118133612987	0.0277062067762825	0.0201267941120872	0.0184333123080109	0.0224254811586056	0.0126330433352171	0.016770833088378	0.0152603183918739	0.0140693618670663	0.0166554389349001	0.0186096238212565	0.0163025500802992	0.0193243776881693	0.0156271540667978	0.0156716805656684	0.0283388714399314	0.0135660653321745	0.0267431620628069	0.0307772342372036	0.0145941933818539	0.0350042170909674	0.0160544937495938	0.00894880841869281	0.0385251573338821	0.00828617018823851	0.0289152327492643	0.00759165989795123	0.0220475738459134	0.0159609079653917	0.0280665196924094	0.016880244830032	0.0150304149785463	0.0448301356416832	0.012023242706042	0.014526971250716	0.0356515922911846	0.016772128852702	0.00662574096856157	0.0115097687386148	0.0153734186061811	0.0121772285831038	0.0142042867803015
A549_G1_1D_3	0.014156809127044	0.0107551297350801	0.00843828901801973	0.0144980551675549	0.0201742298288299	0.0168244150170458	0.0172128903175479	0.0158944219020535	0.0189421723680895	0.0178597955509635	0.00752922671813712	0	0.0207733919943226	0.0220855015378478	0.0259524310615756	0.00811047848246384	0.00850735132507968	0.0178322363866221	0.0117247412772956	0.013666605914764	0.00918123560548223	0.0204188636683856	0.0116284780433459	0.0136846437820789	0.0190583953396418	0.0214012588386348	0.00729601668653393	0.0157147834137082	0.00547959906569228	0.0108693421825415	0.0267132689961668	0.0138454624452681	0.00608717481474702	0.0184437650935988	0.0190427156490245	0.01292890492613	0.0193489560643025	0.00832948351242446	0.00364067491335757	0.0204535909187073	0.022169461985715	0.0197170620364711	0.0157739203940192	0.0178366668035551	0.0180998133822345	0.00791588969055815	0.0146666555397068	0.010117837912428	0.020260283936117	0.0146162523118181	0.0150748048667679	0.0154935846213906	0.0148774926198774	0.0244887919013599	0.00607559517521493	0.0192610497180493	0.0235853971904249	0.00753682345476379	0.0279469891029984	0.0196901537590579	0.00733023138771295	0.0333383402647375	0.00702058101478575	0.0225277160242951	0.0089305482688862	0.0146717229815922	0.0184347294546558	0.0212568466453596	0.014836204430531	0.012241049655307	0.0392782913775351	0.00555872722835332	0.00756028277674951	0.02873973707426	0.0104463790745875	0.00474574380522905	0.00565536906150256	0.0100492475759332	0.0148228986482294	0.00977337189879479
A549_G1_1E_1	0.00771987003023042	0.0314538559603245	0.0235750263428066	0.0177197783033432	0.0406364760741879	0.0365999535884246	0.0217153390377085	0.0365252016193972	0.0382198254924789	0.0081175961092645	0.0262334612417183	0.0207733919943226	0	0.0355003810714925	0.0368893525365892	0.0236480265815778	0.0180781529701647	0.0072635672560739	0.0322350340737779	0.0329556822200345	0.0251025517877033	0.0389012810744078	0.0320127303991049	0.0284090841726431	0.0395814911676795	0.0411793673134616	0.0182224150215668	0.0331672144322736	0.0158062697849584	0.030821606284782	0.0467474680636759	0.0298430646039221	0.0156825763948701	0.0330683599721887	0.02498208870877	0.0122118555579188	0.0167155991763716	0.0233133725652249	0.017247311009603	0.01203844657133	0.0424917853520441	0.0397326134594316	0.00875278348904287	0.0376866938330076	0.0376908080131962	0.0147706534581186	0.0347018390116292	0.0229778328428669	0.0405384612037005	0.0317120604562851	0.0306604844346444	0.035149701179637	0.0336712216495494	0.0382096896813586	0.0183707237933399	0.0176905961795969	0.0124906715098278	0.0143479503016739	0.0159147617950271	0.0286673062169801	0.0260373167925374	0.0126042812988974	0.0184817253004054	0.00575587010256814	0.0219342850697168	0.0124381785421745	0.0390534800624722	0.0200098579588277	0.031285171954328	0.0298049644219114	0.0190601028279585	0.0156481688705621	0.019824278811516	0.0174183225909902	0.0148422788153486	0.0198418744011528	0.0165510261457467	0.0130203859528555	0.022220994020657	0.0266387304610421
A549_G1_1E_3	0.0315855714499801	0.0194657008370742	0.02454300377789	0.0190472996831382	0.0242930519101332	0.0258184106948779	0.0169149003089658	0.0209274111598095	0.0147566071889152	0.0368587497460295	0.0262605633251772	0.0220855015378478	0.0355003810714925	0	0.0206585547333302	0.025710014984106	0.0273174877805739	0.0304859790337152	0.0233784274596799	0.0131854555065559	0.0130506352880696	0.0300120500785274	0.0232274480827757	0.0201957268595627	0.022038520852428	0.0174101645387298	0.0270923592484244	0.00875167008794561	0.0235895332555771	0.0174964723363315	0.0203053581508865	0.0110478592340741	0.0222455417807328	0.0130777507845381	0.0125807707736472	0.0316100462561589	0.0220790478835518	0.0236471257900053	0.0239757681782988	0.0268395268226569	0.0215384439683411	0.0168547338797279	0.0271108194204844	0.0284986888658457	0.0169071643709386	0.022347602706277	0.018452097673128	0.0143140053931055	0.0198207335618342	0.0129033084073147	0.00802547603603725	0.0141639620280347	0.0183583012185453	0.00286648257676218	0.0193149597469284	0.0209098393804684	0.0294468630865228	0.0228907558740185	0.031722652313817	0.0405863394795622	0.0185382993484361	0.0466277253788675	0.0290417343895155	0.0334867404141034	0.030528432132057	0.0236192764189012	0.0200293460920987	0.0207886940338785	0.0126648341392926	0.011623153999802	0.0497120910820774	0.0236525791125617	0.0170246392525238	0.0316951670180857	0.0224715871991134	0.0260678303956252	0.0252881596121361	0.0261794128677155	0.0366589326887434	0.0158337310812989
A549_G1_1F_3	0.0347538163821282	0.0242049746744482	0.0212413017600438	0.0213381689676499	0.0322879572212287	0.0248015989204243	0.0293263944457405	0.0245103210455405	0.0271030619771117	0.0377566915881842	0.0302381954529988	0.0259524310615756	0.0368893525365892	0.0206585547333302	0	0.033329015682477	0.0340080686622988	0.0357016535710481	0.0285017181544901	0.0212833745389063	0.0203435621888344	0.025543831109483	0.0292729208063049	0.0134377372536544	0.0246750154486112	0.0218630822565173	0.0256249014807411	0.0211172415896116	0.0282743304814028	0.0205210226144416	0.0283427042144226	0.0152123166332722	0.0261018197268035	0.0307120732241267	0.0211641786901898	0.0364708244891499	0.0250887057237105	0.0327602208494693	0.0277708546211231	0.0299199554710652	0.0242668513788419	0.0263896443613765	0.031494355241941	0.0292571089813617	0.0287190837352485	0.0250157010953117	0.020651662548742	0.0185003698917552	0.0233014811478308	0.0275133485313923	0.0172032341193119	0.0233704707681876	0.0169660050312185	0.0205622540344917	0.0231336600159179	0.0249307871431475	0.0320211002094712	0.0269990870856027	0.0363031796338844	0.0376961280138649	0.0277705136704367	0.0467048702930002	0.0312963088114679	0.0356876277717911	0.0306210160811236	0.0260616480643823	0.0264857762194115	0.0307689578596094	0.0278318483177335	0.0237377877528562	0.0519813177642169	0.0281863928635508	0.0239395212708414	0.0378564111477501	0.0299371150215634	0.0305766219886634	0.0258800643260585	0.0322354377891431	0.038609392633001	0.0167363104740087
A549_G1_1G_1	0.0160324477730288	0.0130444772689719	0.0155720403592349	0.0208973107936859	0.0184893880286384	0.019439760141346	0.0194232857475321	0.0177416194162296	0.0192184533597064	0.0195707677933649	0.00674939967819466	0.00811047848246384	0.0236480265815778	0.025710014984106	0.033329015682477	0	0.00578937559979817	0.0196902222117491	0.0114273562307543	0.0167253761715477	0.0145955471985425	0.0235290354446442	0.0105944308607104	0.0210984758813875	0.0209542313467298	0.0240618718657631	0.0137101276916168	0.0187616276905855	0.0096721862036426	0.0151825338518851	0.0275742699538472	0.019687226354964	0.0118199065517753	0.0176277881526099	0.0241696644451497	0.0124328402951072	0.0248801837076158	0.00295834455921106	0.00874921328630134	0.02506043459956	0.0242691842420789	0.0204154708442467	0.0192211745741329	0.0185648942135356	0.0175123235742135	0.0141292421990764	0.0182355999384577	0.016790805447543	0.022521092347277	0.0146767213491091	0.0199902019558666	0.0173895838498521	0.0200222009972031	0.0281301140401397	0.0128972238045757	0.0246330458335152	0.0280484274127888	0.0125833343961137	0.031518588202745	0.02031991372213	0.00736234200841253	0.0358434824728189	0.00872062653708378	0.0259826755616673	0.0111936531230925	0.0201530923606496	0.019193991764266	0.0242304603906833	0.0148581618043132	0.0144950550933483	0.041201119310672	0.0098788815427875	0.0127715143416812	0.0317236819870246	0.012851017623464	0.00538351843860594	0.0122622118193587	0.0113923763371444	0.0127769326102647	0.0166256300127388
A549_G1_1G_2	0.0104499728238389	0.0172491606395621	0.016027537764828	0.0184209612091279	0.0240619326718605	0.023536653848235	0.017555182261546	0.0223222623197054	0.0236502330163947	0.0143452677740394	0.0106637689157365	0.00850735132507968	0.0180781529701647	0.0273174877805739	0.0340080686622988	0.00578937559979817	0	0.0142553062367178	0.0164642030878343	0.020230410601008	0.0156050194793629	0.0271790059488641	0.0158260860431536	0.022098218107934	0.025589154512966	0.0282624536451586	0.0122230457280462	0.0216027792337322	0.00650360510674683	0.0184871988646932	0.0323814841465947	0.0213166051177029	0.00906727194006257	0.0201772779149197	0.022970910837705	0.00674857237089614	0.0215732080380394	0.00597664479101638	0.00658327779224006	0.0207177406280246	0.0288532606788601	0.0251027437815409	0.0143549010227865	0.0232143552405521	0.0222971283245096	0.0111772402022593	0.0220524965157059	0.0166122436327564	0.0269898162581296	0.017925044173016	0.0217046724833267	0.0214548691926482	0.023004368322056	0.0299773045126644	0.0114571962209318	0.021530317669833	0.0234880823597387	0.00919368768930284	0.0269051728150282	0.0207241065702007	0.010803235360401	0.0301314711126818	0.00703480767440604	0.0206502444600398	0.0113138984565535	0.0163561226229777	0.0241213910259065	0.0212570549695582	0.0178169205139926	0.017248926483242	0.0354755043719721	0.00667303450318209	0.0117688656684155	0.0272046268013543	0.00913331243431613	0.00493920889181751	0.0101065297584054	0.00630259963770164	0.0118367892253307	0.0179644621628805
A549_G1_1G_3	0.00685200881326679	0.0281086880099745	0.0228522264398166	0.0148903834953098	0.0365879821219414	0.0345695726159206	0.015332558193956	0.0333312587132051	0.03332421296166	0.0114398013309789	0.0236385424004835	0.0178322363866221	0.0072635672560739	0.0304859790337152	0.0357016535710481	0.0196902222117491	0.0142553062367178	0	0.0289832066157432	0.0288599632306303	0.020979000543467	0.0377297887634307	0.0285341726340411	0.0271617365453105	0.0364799737969668	0.0375454823256636	0.0179939683881715	0.0284900882503126	0.0123603169969005	0.0277266304704658	0.0424432082929277	0.0263729353246324	0.0124686673321218	0.0268411963610554	0.0205446052413029	0.00983841254935486	0.0139443301960707	0.0186025733733414	0.0144264847892827	0.00982600305456087	0.0392135393677506	0.0353179382487954	0.00431817627768138	0.0355074394548834	0.0328348020759963	0.0120848494624513	0.031676923941787	0.0194937340938044	0.0371545376693412	0.0261989190560685	0.026507251189312	0.0308472173474742	0.0312017822726889	0.0333004496206206	0.0150670409974294	0.0144098463527461	0.0113155309193502	0.0109220794907971	0.0139063346954773	0.030020456713474	0.0214229767543425	0.0180486339407875	0.0171487935139422	0.00724095436771043	0.0214225142941518	0.00992155816268062	0.0352340451791325	0.0142970095262749	0.0256180321635291	0.0248680129110204	0.0220763525757902	0.0122751265128283	0.015380231477636	0.0144588175532993	0.00920758004609649	0.0170660593457048	0.0153386579975189	0.00843230635368281	0.0220475942673929	0.0239015144219145
A549_G1_1H_1	0.0251288425567071	0.00455848071816441	0.0140037908084066	0.0244736931057759	0.00915974023676924	0.00898865274265422	0.0250968938376136	0.00696014388886199	0.0127869419165729	0.0281432754529788	0.00711548238372828	0.0117247412772956	0.0322350340737779	0.0233784274596799	0.0285017181544901	0.0114273562307543	0.0164642030878343	0.0289832066157432	0	0.0105668916538935	0.0144278314150702	0.0138158750708073	0.00131954671884387	0.0168185054033784	0.00991768826859855	0.0144748794901818	0.0165296033736672	0.0146844404525585	0.0168416298645477	0.00813787879062765	0.0181762789646092	0.016039122264676	0.0176495560485471	0.018374361932485	0.0263585824486204	0.0226029686633083	0.029721924264908	0.0125027547391314	0.0150623399924828	0.0316759172553145	0.0135070160508427	0.0119792225769759	0.0272130517497787	0.00807083553144143	0.011018662964572	0.0194041304628521	0.0089826720953042	0.0174209183756179	0.0121075830904317	0.0135628969172111	0.0169975918046793	0.0103153744745711	0.0120137684289816	0.0249443650198941	0.0166262586092369	0.0293542788957159	0.0348797316048254	0.0190815611696608	0.0389606467056764	0.0210012282665885	0.00933128869765681	0.0447345645576619	0.0151162630639179	0.0341766708489104	0.0139727839107873	0.0259198679199854	0.00902297768969804	0.0304327896178158	0.0145042911588844	0.0126343343056156	0.0506931753817732	0.0169790350264047	0.0167827673770374	0.0394682050015541	0.0208647861055275	0.0128782774485119	0.0166307688356502	0.0206831580757111	0.0189843135984042	0.013592128131659
A549_G1_1H_2	0.0270683916465346	0.00651907562321339	0.0155144863905999	0.0198342596553003	0.0128913763758713	0.0131900039061894	0.0201809116825972	0.00810889191895856	0.00720732525149786	0.0313558135459345	0.0148993745361893	0.013666605914764	0.0329556822200345	0.0131854555065559	0.0212833745389063	0.0167253761715477	0.020230410601008	0.0288599632306303	0.0105668916538935	0	0.00857902655257422	0.017972561850278	0.0106919523010852	0.0134527061240863	0.0101216154741491	0.00888767938636637	0.0190856850258113	0.00461274681339285	0.0178136960028789	0.00538064473826159	0.0139350894966139	0.00745236646892565	0.0173218196308264	0.0130333277609825	0.018811769019306	0.0258685079084394	0.0249499232938435	0.0159017403923449	0.0169383570932385	0.0284729015832504	0.0113740485134242	0.00755867404177762	0.025989974533078	0.0154024165566566	0.00795939470923555	0.0183368597674357	0.00621619567166381	0.01188668490149	0.00923212208390868	0.0082487033376733	0.00737927328418587	0.0027760079591467	0.00813441747167982	0.0145179786622438	0.0146972842129509	0.0242519078894899	0.0316426339675435	0.0186462961352698	0.0353425452342141	0.0292296593036711	0.00988783820389412	0.0453570827899245	0.0201724092099961	0.0331379875095618	0.0202901908692063	0.0231828226753924	0.00834076686284822	0.0254184445115047	0.0091516422150099	0.00561785958213101	0.0503455097904569	0.0179166601447177	0.013682499815362	0.035756493099759	0.0198663621578097	0.017347159515017	0.0182626496241105	0.0217820760327736	0.0266822174127043	0.00873215756131423
A549_G1_1H_3	0.0200288889280612	0.0108876220216962	0.0126012878549605	0.0114687023568931	0.0200205495189244	0.0182077717189619	0.013195138429565	0.0150498513165094	0.0144651477342514	0.0247858588650293	0.014613817649199	0.00918123560548223	0.0251025517877033	0.0130506352880696	0.0203435621888344	0.0145955471985425	0.0156050194793629	0.020979000543467	0.0144278314150702	0.00857902655257422	0	0.0223696144581943	0.014355737539165	0.0118270000033042	0.0176599688912151	0.0170102142311154	0.0142419658914287	0.00824894268169274	0.0112580324190743	0.00904591490261127	0.0223734808414699	0.00614606938277794	0.010021377024292	0.0133913489096197	0.0119911326745478	0.0198427703207765	0.0165538991579133	0.0131606522098094	0.0111884977646656	0.0199003516632516	0.0194568718818513	0.0158981490986364	0.0177440394709944	0.0205307828475758	0.0149088089465061	0.0105743081557768	0.0124693754912723	0.00393709487666344	0.017330502971748	0.0098980768630711	0.00628198122942561	0.0110528254527633	0.0121537906281206	0.0154730184360462	0.00700414388537785	0.0159266445970735	0.0230757493496347	0.0110965332467945	0.0268955173777321	0.0280759560504957	0.00842342750849387	0.0372733785852095	0.0161265553068452	0.0247650171640884	0.0176918933762658	0.0146758593524783	0.0164430039992561	0.017732257472404	0.00995051114852531	0.00616192632241994	0.0420194882646687	0.0113100360058848	0.00562389993279282	0.027462324393111	0.0123549295863285	0.0135029325137828	0.0124036424158338	0.0149494349049147	0.0239748886984642	0.00571854759351577
A549_G1_2A_1	0.0329931767050483	0.0136842644766501	0.0157469413971209	0.0304465439064498	0.0171646363561916	0.00525811500127192	0.0352363888555163	0.011275019229192	0.0215872643548725	0.034445219789892	0.0170489077473725	0.0204188636683856	0.0389012810744078	0.0300120500785274	0.025543831109483	0.0235290354446442	0.0271790059488641	0.0377297887634307	0.0138158750708073	0.017972561850278	0.0223696144581943	0	0.0151193760403647	0.0159741849968319	0.0108330471948451	0.0160649769746865	0.0207030146125933	0.0223918843766161	0.0257106286114664	0.0137775267419872	0.021155546423935	0.0205931887372881	0.0256649904708518	0.0300795614571331	0.0332928782391666	0.0317162267381247	0.036090808157359	0.0250621552718852	0.0235580207767019	0.0386149977702704	0.0131693673149523	0.0187981784253699	0.0352782395349382	0.00740087048824303	0.020922328217226	0.0265077526632211	0.0118633155099886	0.0237672327945137	0.0133191902496473	0.0249564066895338	0.0230303867607852	0.0181976716437097	0.0119654621882318	0.0307452057590751	0.0241728450926982	0.0360214065195062	0.0416103883634491	0.0272114005927812	0.0465691034464958	0.0209969024030217	0.0215715152509685	0.0506492939347445	0.022586428351925	0.0411469400005151	0.0190050739575559	0.0325845192478165	0.0147715876165911	0.0396055148814319	0.0259689069427231	0.0226364357733416	0.0578315769191114	0.0257372843458238	0.0256418782188095	0.047762110399569	0.0306807255905636	0.0224112567182635	0.0226331441699177	0.0302981168201561	0.0253997581786106	0.0179145043517053
A549_G1_2A_2	0.0248137212901189	0.00513451422082279	0.0146993381211031	0.0244539644072639	0.00900764742197181	0.0102806824763871	0.0245015541904674	0.00781252255428	0.0124653785862458	0.0279695150447787	0.00699994314941662	0.0116284780433459	0.0320127303991049	0.0232274480827757	0.0292729208063049	0.0105944308607104	0.0158260860431536	0.0285341726340411	0.00131954671884387	0.0106919523010852	0.014355737539165	0.0151193760403647	0	0.0176493656491453	0.0107709473060176	0.0150237691324524	0.0168535988669564	0.0145731444840126	0.0165427207427366	0.0087861689476576	0.0183801777028012	0.0163466958148465	0.0174703302536562	0.0175187493243418	0.0261866878165207	0.0221270246763032	0.0295934895376223	0.0115753026252007	0.0148627205639462	0.0314569914430432	0.0142365724583307	0.0119792448692019	0.0268811415811728	0.00918477773303067	0.010549501078812	0.0193169374820674	0.00983339897097873	0.0174887362769156	0.01279382456672	0.012844451775494	0.0170814393016162	0.0103318831527584	0.0129437705417888	0.024860351698466	0.0165501357892198	0.0291933070636739	0.0346618898957394	0.0188543054625748	0.0386141085215323	0.0214885036296135	0.00859573461923428	0.0445220161086821	0.0150172788556567	0.033920573084754	0.0142239540579468	0.0257911511309605	0.00936664312929603	0.0299372671166158	0.0137596719155642	0.0122400678099795	0.0503289589010473	0.0166941954983704	0.0165086224422329	0.0390348960611525	0.0203588319815758	0.0125431503644645	0.016738734337958	0.0201920559345319	0.0188411669843287	0.0140445147325619
A549_G1_2A_3	0.0243502349697228	0.0131913675237709	0.00804029658011511	0.016018321541917	0.0231408243180469	0.0143989289992102	0.0237182386487601	0.0151035126120251	0.0205416932428765	0.0270380542596058	0.0172236807207002	0.0136846437820789	0.0284090841726431	0.0201957268595627	0.0134377372536544	0.0210984758813875	0.022098218107934	0.0271617365453105	0.0168185054033784	0.0134527061240863	0.0118270000033042	0.0159741849968319	0.0176493656491453	0	0.0165925412837355	0.017089736730743	0.0131992219596437	0.015557303944463	0.0171365759956554	0.00989391803390905	0.0243435710467098	0.00936787817307735	0.0155569566698085	0.0243252035552254	0.0193082444826442	0.0250993605859979	0.021475862016675	0.0212167308673228	0.0159302636040032	0.0248867570625348	0.0182676718771066	0.0197806466864592	0.023579313030573	0.0183254813885157	0.0210429780769289	0.0151742506182442	0.0115526082000156	0.0107497742780463	0.0167953810296801	0.0199160206261112	0.012650588987364	0.0158731563441889	0.00801841720171344	0.0214927982503394	0.013015913680436	0.0214692825234517	0.0276922655334636	0.0168576623826368	0.0326836843877359	0.0248509145705234	0.0169530181954687	0.0398229262714136	0.0184456722403872	0.028957315140131	0.0173185183161698	0.0192867934346715	0.0183873385165615	0.0266047390568037	0.0204201989602739	0.0159416239448715	0.0461580270421743	0.0170671224982745	0.0148038560465518	0.0341385012083384	0.0206609362773361	0.0179881197067237	0.0139646405082858	0.0217450665587198	0.0253824679690276	0.00626142766132323
A549_G1_2B_2	0.033187074701813	0.0085027186809003	0.0181150151289529	0.028281192489825	0.00889368001689912	0.00668216878072009	0.0299618732310305	0.00327500425337035	0.0113601095176817	0.0363057153981706	0.0164582001423682	0.0190583953396418	0.0395814911676795	0.022038520852428	0.0246750154486112	0.0209542313467298	0.025589154512966	0.0364799737969668	0.00991768826859855	0.0101216154741491	0.0176599688912151	0.0108330471948451	0.0107709473060176	0.0165925412837355	0	0.00650201012020072	0.0228207653199791	0.0141972807165532	0.024344241092538	0.00918937181489228	0.0108900510683476	0.0155530923267288	0.0242910993034056	0.0214354415311485	0.0284810078496799	0.0314520278965933	0.0337790097953362	0.0214343983117069	0.0226964877870855	0.0369914304182218	0.00382319984696651	0.00815747748918728	0.0338980212106541	0.00845179800894153	0.0110304341389671	0.0254522246532058	0.00562319117167353	0.0203886728364869	0.00321809746156588	0.016695179214522	0.0166721152842916	0.00904625394537202	0.00878705877608274	0.0225093964381368	0.0221641662713067	0.0332903752720867	0.0401725367904188	0.0258145245240758	0.0443650786137851	0.0275572435132482	0.0165242431416733	0.0520263870849857	0.0236627277210759	0.0407942130302519	0.021845585816635	0.0312326702698668	0.00441896704225278	0.0351714615144107	0.0178127184599531	0.0152949487146659	0.0579766294454872	0.0244396623174339	0.0221828509718196	0.045008263271248	0.0279135806133319	0.021717095940146	0.0233186958243995	0.0286897424115202	0.0280551200391054	0.0151838414529979
