	A549_G1_1A_1	A549_G1_1A_2	A549_G1_1A_3	A549_G1_1B_1	A549_G1_1B_2	A549_G1_1B_3	A549_G1_1C_1	A549_G1_1C_2	A549_G1_1C_3	A549_G1_1D_1	A549_G1_1D_2	A549_G1_1D_3	A549_G1_1E_1	A549_G1_1E_2	A549_G1_1E_3	A549_G1_1F_1	A549_G1_1F_2	A549_G1_1F_3	A549_G1_1G_1	A549_G1_1G_2	A549_G1_1G_3	A549_G1_1H_1	A549_G1_1H_2	A549_G1_1H_3	A549_G1_2A_1	A549_G1_2A_2	A549_G1_2A_3	A549_G1_2B_1	A549_G1_2B_2	A549_G1_2B_3	A549_G1_2C_1	A549_G1_2C_2	A549_G1_2C_3	A549_G1_2D_1	A549_G1_2D_2	A549_G1_2D_3	A549_G1_2E_1	A549_G1_2E_2	A549_G1_2E_3	A549_G1_2F_1	A549_G1_2F_2	A549_G1_2F_3	A549_G2_2A_1	A549_G2_2A_2	A549_G2_2A_3	A549_G2_2B_1	A549_G2_2B_2	A549_G2_2B_3	A549_G2_2C_1	A549_G2_2C_2	A549_G2_2C_3	A549_G2_2D_2	A549_G2_2D_3	A549_G2_2E_1	A549_G2_2E_2	A549_G2_2E_3	A549_G2_2F_1	A549_G2_2F_2	A549_G2_2F_3	A549_G2_2G_1	A549_G2_2G_2	A549_G2_2G_3	A549_G2_2H_1	A549_G2_2H_2	A549_G2_2H_3	A549_G2_3A_1	A549_G2_3A_2	A549_G2_3A_3	A549_G2_3D_1	A549_G2_3D_2	A549_G2_3D_3	A549_G2_3E_2	A549_G2_3E_3	A549_G2_3F_1	A549_G2_3F_2	A549_G2_3F_3	A549_G2_3G_1	A549_G2_3G_2	A549_G2_3G_3	A549_G2_3H_1	A549_G2_3H_2	A549_G2_3H_3	A549_G2_4A_1	A549_G2_4A_2	A549_G2_4A_3	A549Root1_1	A549Root1_2	A549Root1_3	A549Root2_1	A549Root2_2	A549Root2_3
A549_G1_1A_1	0	0.00514321371222206	0.010334405724756	0.0148521087216865	0.0178211252592297	0.017569640294982	0.0180313082919158	0.0133419363275538	0.0164714639837178	0.0166634077789308	0.0223332217267463	0.0108275611963157	0.0206238317524455	0.0132248882812728	0.0108919819845467	0.0167414786690464	0.0116018369556616	0.0135129718750172	0.014792328803727	0.012825170466906	0.0259491862632708	0.0137255204873397	0.019829948282847	0.0108852782663271	0.018263377098244	0.0165444110476461	0.0219419658955551	0.0210578809280521	0.0191980849669162	0.0158230655765192	0.0127958557959569	0.0196443297230424	0.0157663681553902	0.01526703420287	0.0144231878374083	0.0140478382003338	0.0196941497532596	0.0194136500538943	0.0178389437539591	0.0210082391069169	0.0142218559645887	0.0147521836792464	0.00862850342768636	0.0174074132406899	0.0185795630044457	0.0145472709966153	0.0156035337652394	0.0184905640797227	0.0123501645509708	0.0152220088419512	0.0141738549480856	0.014353422509391	0.0154929652160175	0.0104699011771354	0.0147764018672492	0.015734395958997	0.0142967610138264	0.0193068757843935	0.0235947932162503	0.0136280634001977	0.0118310920764189	0.0187217106598086	0.0152407365279575	0.0121801647994643	0.0234836072859756	0.015104617677242	0.00919558122051551	0.0312381078767736	0.0183014946444697	0.0133381554587668	0.021907093147878	0.0174938762621418	0.0225447242687934	0.0164161050550344	0.0179065676159087	0.0225258212992527	0.0202216011919233	0.0167465048390736	0.0159475431616558	0.0117468531944637	0.0156995950363541	0.0284207227125725	0.0220733791092252	0.0167516194668934	0.0284941911520039	0.0205611159130114	0.0212448518678578	0.022147231079374	0.0159236309373094	0.0196546055150901	0.0132669674406773
A549_G1_1A_2	0.00514321371222206	0	0.0120029145256494	0.0123582039444275	0.0182795696490093	0.0181908630688144	0.0175505919451586	0.0148792850184844	0.0174080786776441	0.0161163262825166	0.0217485924639241	0.0121795586751167	0.0196224345391957	0.0155112984294637	0.0115659085670197	0.0173181533349349	0.0123464230733913	0.0142187374030997	0.0152373322710146	0.0118712075680041	0.0253575092383038	0.0146894792612391	0.0190785304229972	0.011090777945711	0.0181992453689439	0.0156675474209709	0.0203785553923996	0.0203994936495417	0.017667925823076	0.0171018452588689	0.0114655610328847	0.0193963733643994	0.0151680531683563	0.0140663620567988	0.013306933577309	0.0128630508235079	0.0189445083045359	0.0200707693886869	0.0159471226365745	0.0212510841582339	0.015287791233504	0.0157357321668749	0.00554340550147112	0.0174377120218209	0.0198585122519113	0.0133752975883438	0.0148740339123826	0.0181580800599649	0.0109547694701903	0.0158726659631191	0.0133747355922399	0.0129874368121512	0.016563233673522	0.0117715115708622	0.014224344662515	0.0154992280556132	0.0137992695381121	0.0193340263983312	0.0232978843934201	0.0122756092734602	0.0133583750628321	0.0196652107803458	0.0161406025292637	0.0118309553675138	0.0236767274668789	0.0156170629414913	0.0092565156503076	0.0303950164676288	0.0164745811096155	0.0119828234826893	0.0219242767694216	0.0164075027830644	0.0232455729650263	0.0165049522629355	0.0178954826862955	0.0209035174510558	0.0186232432789611	0.0150113237528039	0.0158079209199103	0.0141146526364053	0.0161126348106427	0.0283197530406783	0.0217548221193581	0.0157782366331714	0.0279249188951338	0.0199857533374437	0.0212898967702997	0.020498927952019	0.0140848689850167	0.0181879346878042	0.0137295636038004
A549_G1_1A_3	0.010334405724756	0.0120029145256494	0	0.0104135229672877	0.00835777621378949	0.00797142886113847	0.00906707811896512	0.00325829232398504	0.00694561798142572	0.00944563827445212	0.0130694773583121	0.00402877136017627	0.0145130500335273	0.0049837442748011	0.008412318465685	0.0154865603886498	0.00567958154748584	0.0133429438242976	0.00674609767603034	0.00687504498402481	0.0176280934126345	0.00381071453621661	0.0117036822181133	0.00373236897064647	0.00892137838002062	0.00845900659237212	0.0152861601473553	0.0128820117334429	0.0125760922820156	0.00726377497437131	0.00927246352628179	0.011155499344886	0.00995221689712369	0.00810007189756396	0.00900498983923776	0.00937430226446595	0.0109358004389109	0.00935635949396215	0.0119849474599872	0.0134299093229682	0.00403752701533958	0.00766573892833534	0.00951272563621957	0.00850460131944296	0.0132461230111373	0.00799317691363101	0.00971114812344091	0.0132371914265637	0.00907881797260251	0.00547368128418766	0.00825936751347207	0.00958845345688262	0.010057097379755	0.00744292687979818	0.00763701760074217	0.00803526234803692	0.00830838764807384	0.0103638313975231	0.017610173434154	0.00842980305892224	0.00701795735631264	0.0115871402320748	0.00669827512904614	0.00624956597413203	0.0174833060359382	0.00659011287439428	0.00856622778133682	0.0243639260817049	0.0114187747507247	0.00720850792193219	0.0135919608385016	0.00978953940883857	0.0170433692741746	0.00711904241015477	0.00958079051423231	0.0147958559228532	0.0134002439909936	0.0115763032541983	0.00712793680799363	0.00424882958852225	0.00633119114529536	0.0222314428318781	0.0125675633104999	0.00959521086379327	0.0214726857835707	0.01338639558791	0.012500078146022	0.0145275411080492	0.0096748426322965	0.0119709500611459	0.00595294024577763
A549_G1_1B_1	0.0148521087216865	0.0123582039444275	0.0104135229672877	0	0.0109765965316545	0.0107757276938325	0.00830948189600807	0.0110359757122694	0.0109508906262364	0.00792060235992178	0.0113986215409717	0.0100559802983601	0.0108599166976405	0.0139039807961076	0.010911621667477	0.0167333695758065	0.0102291522577819	0.0150627047276499	0.0103050744607891	0.00515360888920084	0.0154019356468024	0.00995656320166397	0.00928917877315721	0.00762436380935616	0.00904015763429864	0.0056320397023728	0.0106634327723132	0.0104731561123611	0.00799218835370906	0.0127821892109257	0.00686798256480097	0.0102324582350912	0.00886026833225854	0.00432566090479343	0.00617856662921395	0.00674597011730835	0.00818944428410564	0.0121039019579824	0.00598980013326569	0.0138360755512068	0.0101137815197256	0.011276501211872	0.00744896195885892	0.00925524315390774	0.0163238148964022	0.00421060197068764	0.00905837174813288	0.0119502096356259	0.0072265518473344	0.00926607585102271	0.00630453741271197	0.00663976863785793	0.0133437360456781	0.0117433054591104	0.0076683350252961	0.00807012757177874	0.00856525201420148	0.0110238140645611	0.0161116712431579	0.00474837483424278	0.0121310482951917	0.0141278762545077	0.0113582742505894	0.00667246969556001	0.0171662298552153	0.00998259577891911	0.0114091140072658	0.020900377284471	0.0051610963150101	0.00372934352061171	0.0129861594340795	0.0066662816039142	0.0181474686728867	0.00863843996701198	0.0103487526197474	0.00898810828993876	0.00835790955441779	0.00737272880352243	0.00757042485631159	0.0131831978582161	0.00886821906461139	0.0210258853694974	0.0116417907442475	0.00602490830140259	0.0189556373285811	0.0109618347685915	0.0135362147399706	0.00845169855813993	0.002866702354178	0.0064804296096677	0.0086247424834108
A549_G1_1B_2	0.0178211252592297	0.0182795696490093	0.00835777621378949	0.0109765965316545	0	0.00354758379235771	0.00506687750593485	0.00725547852989246	0.00523710676674695	0.00659561297631367	0.00741241382380999	0.00978916395744927	0.0123530497099001	0.00982983420988348	0.013129316685209	0.0176600267445989	0.011643980459906	0.018279317627709	0.00939723624253797	0.00758590549717134	0.0102687082716733	0.00563408403703843	0.0106287678848126	0.00906366219349379	0.00479008221949222	0.00711494041073162	0.00930500608126506	0.00690973798715732	0.00760240224839492	0.00409671934384476	0.0101193708344692	0.00592055264495385	0.00769599803153644	0.00665774963715763	0.00837345679409191	0.00904090938878766	0.00661086321270583	0.00658447448211466	0.00859321691723107	0.009053872852409	0.00594536590822656	0.00826615251795089	0.0141138408540937	0.00839368904885693	0.0130426489518516	0.00770866281434247	0.00670312185602919	0.0126449955431422	0.00975796453992364	0.00507090521035316	0.0083968199126629	0.00850302207671769	0.0100714060326473	0.0112738880841109	0.00525803448335531	0.00506636089424065	0.00641355541173652	0.00256632635349948	0.014324856136063	0.00883614398811382	0.0132387064501667	0.00998822384469691	0.00965647679906347	0.0103435525438309	0.015617320968653	0.00925535303824879	0.0152307044456729	0.0200617384876935	0.00897210040508675	0.0079616430036075	0.0110245800891674	0.0054108786518244	0.0158607729718812	0.00257674346956673	0.00311417319934309	0.0094638813054693	0.00807493580243015	0.00859027032129856	0.00715544499416734	0.0109147106333531	0.00516019306401721	0.0182680162416421	0.00551287057256061	0.00898134744296959	0.0164068562714838	0.0108011089486123	0.0108736893478076	0.0098890799095528	0.00853886485472774	0.00905346679230581	0.00888344252937997
A549_G1_1B_3	0.017569640294982	0.0181908630688144	0.00797142886113847	0.0107757276938325	0.00354758379235771	0	0.00628833009745062	0.00628090411911753	0.00208727707764274	0.0052358762872427	0.00843483007435322	0.00794101280670404	0.00987386194628111	0.00996613937722186	0.0109417975101434	0.0152950512933516	0.0110922033137511	0.0156449549750972	0.00966454367615059	0.00734000533026057	0.0102405115527283	0.00611710568739353	0.00946073290757674	0.00880997379340877	0.00301139789166814	0.00643978999468782	0.0105364637725197	0.00609143501293565	0.00882643851433637	0.00589190215690621	0.0096472024737323	0.0041739480872115	0.00732313023200915	0.00687484945989438	0.00765401394535157	0.00852020631102158	0.00574756024934469	0.00535969212751067	0.0092183048435037	0.00704038913190561	0.00524247976967796	0.0056962146030147	0.0144429024175741	0.00682085879496184	0.010412170737854	0.00687960078853921	0.00861656206214436	0.00987967742236868	0.0102534494683055	0.00322008576407579	0.00694809887998078	0.00886895954779233	0.00821459996386435	0.00992074355109046	0.00722285086974433	0.00440069868326958	0.00794764495711757	0.00429511728791992	0.0121018157536575	0.0080670026778947	0.0111158588050741	0.00706454798113528	0.00922013308917868	0.00872339995038715	0.0125937974471397	0.0085387662060814	0.0152393359740008	0.0177808146694323	0.00965297184019141	0.0082361049986441	0.0079025578833021	0.00682304652340895	0.0128866196897864	0.00315443064248063	0.00467153563301501	0.00951902616851197	0.00907637460090757	0.0100978248198434	0.00577822386647532	0.0101412905647536	0.0028069125366867	0.0161316620295847	0.00636186396435373	0.00700999288174629	0.0146066506020258	0.00803156051359769	0.011557562611716	0.00945746038447403	0.0088008809706113	0.00854425607740778	0.00645132257232305
A549_G1_1C_1	0.0180313082919158	0.0175505919451586	0.00906707811896512	0.00830948189600807	0.00506687750593485	0.00628833009745062	0	0.0077790249931258	0.00738499945629233	0.0079371051510045	0.00433946774894516	0.0104400080594878	0.0126804513310045	0.0100991500480411	0.0139246085328527	0.0197802076498649	0.00972350578906834	0.0187949204988547	0.00674946818786563	0.00746666267094268	0.0121041590443772	0.00577005843882584	0.00684646464791478	0.0076602743443729	0.00462711929540796	0.00399745557607621	0.00975172025003303	0.00811936523077603	0.00752258223086044	0.00837402063131018	0.0108133514007042	0.00760390942555773	0.00977780880595406	0.00468341306860208	0.00895831059826385	0.00987385875354623	0.00444008388860478	0.0058545263564572	0.00787959172559169	0.0121086982731141	0.00614384129197788	0.0107587796656625	0.012605339363096	0.00591839688098669	0.016200116671816	0.006674070099436	0.00829431585866221	0.0139334695443028	0.0104335498969329	0.00574164766817608	0.00881688134511894	0.00920382114125514	0.0133634202204957	0.013426126121962	0.00567358486518152	0.00698416826922716	0.00807754842823549	0.00596508831513883	0.0165602311876386	0.00857599985026826	0.0127832315350582	0.0129354358465063	0.00762580397869636	0.00891600303488663	0.0175161292670867	0.0068797870630977	0.0131358437642095	0.0208366604157587	0.00480261656846693	0.00604569375495223	0.0111365115526119	0.00386607751742722	0.0183715149810664	0.00384454636945328	0.00662923065402142	0.00739928559255337	0.0077493055914594	0.00859984963417463	0.00493276016435806	0.0109560782692222	0.00584434452807128	0.0207648181988756	0.00485009264124133	0.00735246340652926	0.0182330427713887	0.0112259500493951	0.00729747846130991	0.0075671088503425	0.00559833963887373	0.00539098648513342	0.0090952650610507
A549_G1_1C_2	0.0133419363275538	0.0148792850184844	0.00325829232398504	0.0110359757122694	0.00725547852989246	0.00628090411911753	0.0077790249931258	0	0.00508403390446583	0.00925717476889795	0.011167758736435	0.00474744598370635	0.0137945242115131	0.00434249396295987	0.00956831495304319	0.0163953126513506	0.005757888237328	0.0141290772773947	0.00561576716584453	0.00795316268591115	0.0164169029312345	0.00293598532756675	0.00968385478804557	0.00479668869882775	0.00708969143899428	0.00741328499396311	0.0151827863257083	0.0118346053827562	0.0126621640222514	0.00729576120894218	0.0108199364265596	0.00995494118322688	0.0106567771181442	0.00814548736398528	0.00981611043339331	0.0105005300042855	0.009301885022345	0.00640835630174226	0.0123423019314551	0.0125502962065027	0.00165247997420277	0.0074980181776055	0.011926157754606	0.00617369392415736	0.0130393267941834	0.0082125325151532	0.010778835019839	0.0129490616553302	0.0109907429677757	0.00361289707619737	0.00875285920434229	0.0108374542508957	0.0105412927997852	0.00927569224295814	0.00837060024541467	0.00801378096270749	0.00955973181513686	0.00941293729578554	0.0170154039926413	0.00930755976215928	0.00677918815443746	0.0107384175151586	0.00473150047263433	0.00639765611656505	0.0165040874816827	0.00468593948800133	0.0101106015079872	0.0229113276604903	0.0109551870885166	0.00797825306696245	0.0114772807957939	0.00951923868051963	0.0163229997285581	0.00611493454742152	0.00921503920403381	0.0137197334592725	0.0132532595327075	0.0125145364859677	0.00538617459493134	0.00389099809699215	0.00471940727566647	0.0213526868791908	0.0107079566268325	0.00870235548848036	0.0203379561277077	0.0121944238790856	0.0103598177687535	0.0133773176674091	0.00979401888460804	0.0107581945354224	0.00551493754026234
A549_G1_1C_3	0.0164714639837178	0.0174080786776441	0.00694561798142572	0.0109508906262364	0.00523710676674695	0.00208727707764274	0.00738499945629233	0.00508403390446583	0	0.00584455089905144	0.0098387363491819	0.00629791530341404	0.00987794043661306	0.00909894941806389	0.00945702018985858	0.0142462751306349	0.0100487032509867	0.013970347475458	0.00928617638112948	0.0074160905030747	0.0119733626300005	0.00587195620327048	0.00943467081942413	0.00808845496018555	0.00396096394632108	0.00673890424309574	0.012244633565555	0.00760613199208455	0.0103338240739675	0.00661705038389469	0.00965409518665751	0.0054667998825895	0.00793528767910425	0.00746858564848428	0.00788465053424081	0.00873867518548497	0.0067637871567388	0.00545565636130349	0.0103440952366234	0.00766020372898366	0.00448575816875666	0.0045450506641279	0.0140903231926987	0.00633358370670223	0.00955907578917635	0.00700277405856504	0.00972871442204338	0.00931327985243277	0.010541205587386	0.0024639166032103	0.00676211376552519	0.00945045706270097	0.00763299338773793	0.00889091093097889	0.00818037254402243	0.00516382924061699	0.00878938042892625	0.00631237958216514	0.0123374243678691	0.00808288662102809	0.00926825822752624	0.00642725825159657	0.00848061054887835	0.00761636002144977	0.0121432376474506	0.00779928075537334	0.0143564669750681	0.0181921457049305	0.0105267796330274	0.00844443440588287	0.00758383041761166	0.00816442048976834	0.0122269976502144	0.00436330730409914	0.00637668656222671	0.0109199765799308	0.0106382587358666	0.0112509225988928	0.00540408603569568	0.00876297136634663	0.00221487801318486	0.0164584020255713	0.0081258412512937	0.00678925737106707	0.0153475259791878	0.00801700583621519	0.0119391081894476	0.0106171515317738	0.00937288776670782	0.00926249029395429	0.00494500536869856
A549_G1_1D_1	0.0166634077789308	0.0161163262825166	0.00944563827445212	0.00792060235992178	0.00659561297631367	0.0052358762872427	0.0079371051510045	0.00925717476889795	0.00584455089905144	0	0.0105079070100054	0.00841799985828592	0.00661961398886149	0.0132024276607739	0.00926061714091311	0.0126188310441552	0.0125014096886396	0.0139769713739475	0.0120029940747234	0.00468005665057609	0.00965385814101323	0.00878348516332511	0.0106813434241969	0.0093831565819718	0.00523757681388385	0.00640015819230353	0.00787549018778865	0.00458686057271727	0.0060359581864111	0.00829050726687681	0.00552813715264953	0.00357510069309889	0.00320813234718677	0.00527610674530247	0.00319857741663633	0.00409102459355027	0.00624481929705522	0.00956581539889391	0.00552742402067634	0.00606561915088055	0.00832617750249106	0.00542183178468634	0.0123621933762435	0.00900730088317831	0.00965256152440538	0.00408473214201186	0.00679984638746008	0.00686500961222517	0.00691548643009152	0.00610426377864513	0.00308428023437121	0.00499322624005874	0.00688406431701719	0.00838808332427423	0.00662517225788133	0.0019991524350901	0.00624065799440759	0.00576059679274275	0.00954971346754638	0.00423294979928882	0.0121025326083748	0.00702057313592068	0.0121021422052766	0.00813935132042213	0.0111434032342828	0.0109515169433003	0.0155662781200052	0.0161401392097881	0.00862399535746024	0.00660800525861397	0.00868099549794438	0.00587612062923738	0.0117288013822212	0.00515911971751442	0.00488111181117882	0.00801421471359817	0.00632147346326122	0.0070704911860078	0.0072551385121247	0.0127440336188542	0.00513214194875512	0.0143667002490934	0.00856908924738381	0.00539870339783898	0.0128282326679492	0.00606647509420106	0.0146574709410125	0.00784710204310507	0.00677817414072718	0.00784387716219273	0.00639977011578926
A549_G1_1D_2	0.0223332217267463	0.0217485924639241	0.0130694773583121	0.0113986215409717	0.00741241382380999	0.00843483007435322	0.00433946774894516	0.011167758736435	0.0098387363491819	0.0105079070100054	0	0.0141170421506162	0.01387871985195	0.0132809006068061	0.0174552174806029	0.0226693601160113	0.013213123785041	0.021963450362779	0.00977071568310214	0.0113325344440959	0.0111104353252166	0.00955447101072405	0.00728305239425914	0.0117493218233441	0.00644938642713132	0.00697613476009616	0.0104258937705218	0.00866963468776206	0.00926074947335356	0.0113024709462685	0.0143752174903517	0.00878166693202253	0.0126924560927089	0.00832476415815819	0.0122254236987666	0.0132083179576699	0.005166132790078	0.00659159893432676	0.0101663251286229	0.0132336717976976	0.00957383279756738	0.0136711159160264	0.0166587298538362	0.00779151800885831	0.0183989674458737	0.0100763955952601	0.0114831342167117	0.0159292963989428	0.0141916591533732	0.00890764894929189	0.0120708117995007	0.0125832478617992	0.0162064663573312	0.0171701793908489	0.00944444751315501	0.0100268541368751	0.011634911163406	0.00745848632715529	0.0174803827520051	0.0120471591735403	0.0159935089667618	0.0147928284504356	0.0102864496535462	0.012430185368992	0.0184792763760742	0.00967944950499553	0.0168705165454054	0.0199733015869451	0.0067711495266791	0.0100220586888087	0.0113443314963529	0.00674948339872769	0.0197605373418439	0.0071690629846064	0.00891202366130864	0.00672629547004972	0.0089467487426785	0.0113867388515794	0.00783538673844461	0.0143379482821546	0.00880717881873067	0.0209852074652936	0.00317617839428359	0.00964584220101746	0.0178140856063071	0.0122017094539857	0.0069527024160842	0.00712548356366916	0.00871531584119564	0.00617834621425834	0.0123533053505638
A549_G1_1D_3	0.0108275611963157	0.0121795586751167	0.00402877136017627	0.0100559802983601	0.00978916395744927	0.00794101280670404	0.0104400080594878	0.00474744598370635	0.00629791530341404	0.00841799985828592	0.0141170421506162	0	0.0119254975372398	0.00800614303178518	0.0048797515334145	0.0123267315784201	0.00684969993408934	0.00959308882674059	0.00886903414239706	0.00678129159672037	0.0173072743655816	0.0065550017455193	0.0112602873765915	0.00529776791178545	0.00865841467180667	0.00838053413123771	0.015641000871313	0.0122592993899393	0.0130583306553348	0.00938515482563115	0.0084208291420987	0.0103310119401129	0.00939042168878504	0.0084970800623716	0.00806822483134769	0.00853499161220579	0.0106582921124957	0.00974809265392477	0.0120644142300093	0.0119821091047496	0.00555525618547461	0.00548854277882964	0.010276043503691	0.00812676386806602	0.0106880884941799	0.00725850966897677	0.011153715944431	0.01017006108199	0.00944404259253835	0.00551899334669553	0.00666223488752016	0.00964631020438182	0.00831316729343942	0.00575805592280495	0.00949775460941083	0.00777997755085396	0.00970167028567078	0.0112086480439362	0.0152657979696593	0.00744412741407037	0.00455110318591222	0.00934512153036639	0.00818196922379627	0.00440090669789792	0.0144643431675561	0.00750282799676958	0.0100258555848901	0.0218979935381195	0.0120575106118705	0.00785739483021514	0.0113723261226014	0.010767375990459	0.0140435683236978	0.00807255296998883	0.0104157785515417	0.014575165168861	0.0136870999803084	0.0124780548201489	0.00686914483027026	0.00593874334521203	0.00582062091376478	0.0199187918418016	0.0133038927802657	0.00788729919150388	0.0195312261344889	0.0109763292848925	0.0142051479322492	0.0139802851762345	0.00994280234884032	0.0116579795239151	0.00300523728600553
A549_G1_1E_1	0.0206238317524455	0.0196224345391957	0.0145130500335273	0.0108599166976405	0.0123530497099001	0.00987386194628111	0.0126804513310045	0.0137945242115131	0.00987794043661306	0.00661961398886149	0.01387871985195	0.0119254975372398	0	0.0181131450159611	0.0108279503825685	0.011728944003746	0.0162834135033373	0.0132263936922461	0.016361513393002	0.0100378407883525	0.0108383398736501	0.0142155914807411	0.0120345036830169	0.0139808429271256	0.00899952404472361	0.00996782963598495	0.0113840586994165	0.00715372095175698	0.0106490345882808	0.014484331025211	0.00978124112985445	0.00682960068069483	0.00864316432493205	0.010240100789661	0.00805274950591453	0.0087468812386085	0.008928711546122	0.0127247023495917	0.00974309859956047	0.00712753173461232	0.0131006519891632	0.00870028926541732	0.0164777370206252	0.0115070971052683	0.00985095246197993	0.00844397620362685	0.0130926059058833	0.00394879090233777	0.0121554503411211	0.0106565912021558	0.00723817500802683	0.0103554761678414	0.0098388296199793	0.0120698751960158	0.0129818356027808	0.00856650208639296	0.0126692549312794	0.0111638814162421	0.00644774412514461	0.00851481891612549	0.0140994162002977	0.00781613016036294	0.0159514819442257	0.0108484776303353	0.00696582376402426	0.0145378242337457	0.0195156955275432	0.0108316878266182	0.012147164454318	0.0115134754061464	0.00666990656899325	0.0112037437774524	0.00890837465262251	0.0108707372897189	0.0109466479420149	0.00954295236780604	0.0102399728837148	0.012375051182103	0.0106265542212438	0.0169155089103527	0.00949454649400153	0.0108983784573061	0.0121272735451884	0.00681306345672945	0.0093885758215571	0.00249956802208046	0.0181848557754382	0.00867473601696152	0.0107610876374174	0.00977537966659693	0.00920507619503479
A549_G1_1E_2	0.0132248882812728	0.0155112984294637	0.0049837442748011	0.0139039807961076	0.00982983420988348	0.00996613937722186	0.0100991500480411	0.00434249396295987	0.00909894941806389	0.0132024276607739	0.0132809006068061	0.00800614303178518	0.0181131450159611	0	0.0127710871006257	0.0198110463801216	0.00604049868053484	0.0170397346901254	0.00568110878431939	0.0111644770448205	0.0198041891608962	0.0048734552603799	0.0123901152310152	0.00660115993413539	0.0108319927671572	0.0107282660126664	0.0182044859730125	0.0155941266721693	0.0156483881438333	0.00894954791464114	0.0140239587943947	0.013870015505338	0.0141382913192346	0.0112465183590998	0.0134115830197485	0.0139302929755693	0.0127873077219095	0.0090501594006275	0.0154980394091145	0.0164496257306681	0.00521866037532722	0.0114090835288323	0.0130729620212787	0.00927485244988323	0.0166402336425172	0.011827791754152	0.0130130745979656	0.0171903039917798	0.0135380136227949	0.00769712276546149	0.0126270328602894	0.0138588947850063	0.0139885675380678	0.0120686056392513	0.0105121207635196	0.0116818422692576	0.0118847562161292	0.0123279944509356	0.0211634761710331	0.0128220834841128	0.00889676806001095	0.0146537037337989	0.00517188913188453	0.009660609512565	0.0206659023801506	0.00627415250019929	0.00936616963810289	0.0271087849821663	0.0134597969835698	0.0106648047708647	0.0155161521798925	0.0122821763888981	0.0202684795174456	0.00933393059339551	0.0121740995981742	0.0170330892575746	0.0163641704865779	0.0150404406915094	0.00889074731655547	0.00308779008799874	0.00886901945602551	0.0253956815047592	0.0133752594528205	0.0126829872802038	0.0244115018905716	0.0165075007712766	0.0105581610793336	0.0168434239000051	0.0126650604398207	0.0139575060018923	0.00959966321830535
A549_G1_1E_3	0.0108919819845467	0.0115659085670197	0.008412318465685	0.010911621667477	0.013129316685209	0.0109417975101434	0.0139246085328527	0.00956831495304319	0.00945702018985858	0.00926061714091311	0.0174552174806029	0.0048797515334145	0.0108279503825685	0.0127710871006257	0	0.00824901087956171	0.0107510503210221	0.00553290379227559	0.0132730549318365	0.00818163723712068	0.0184777223643077	0.0110569276683516	0.0140810645807608	0.00906629156300922	0.011500982173561	0.0110807876420559	0.0166920898819277	0.0135159882083242	0.0143809019125779	0.0126573696842126	0.0077742791474314	0.0118350564410895	0.00961719274839633	0.0107063208393173	0.00819214816445461	0.00829390965805593	0.0130810951495777	0.0136558278648444	0.0129325800779936	0.0122794389748954	0.0101495466179924	0.00628223969861905	0.0109635711699401	0.0116081130456971	0.00933643022916409	0.00860834344540433	0.0128817070245505	0.00813467501007436	0.00974797097040886	0.00933176576873261	0.00684521569018333	0.0101026236616813	0.00770069230235918	0.00469578770879798	0.0121495618600951	0.00943651242262999	0.0115064278354975	0.013815686937975	0.0138299647453017	0.00775635979957997	0.00690892580244002	0.00935469902302743	0.012721392957801	0.00656363861595214	0.0128566585587111	0.011784190031525	0.0126774978738431	0.0209025696107275	0.0143525943305971	0.0100194895370676	0.0124085593963979	0.0131843692397734	0.0122330592960568	0.0113238978178277	0.012708561560437	0.0161140299720404	0.0149398470725442	0.0136305639331809	0.0102754779447343	0.0104908324953514	0.00909062723134314	0.0185241312427994	0.0163293821500495	0.00913092410705074	0.0188209266428414	0.0108113827529265	0.018455376640516	0.0153678931546939	0.0117648836419191	0.0137206702320445	0.00537168918240395
A549_G1_1F_1	0.0167414786690464	0.0173181533349349	0.0154865603886498	0.0167333695758065	0.0176600267445989	0.0152950512933516	0.0197802076498649	0.0163953126513506	0.0142462751306349	0.0126188310441552	0.0226693601160113	0.0123267315784201	0.011728944003746	0.0198110463801216	0.00824901087956171	0	0.0188562338361305	0.00807112058488746	0.0208512383833804	0.0137548374729226	0.0193873748363722	0.0177166699024664	0.0203397878980654	0.0167605965720475	0.0163931246202217	0.0172013604759116	0.0189809839256043	0.0159136636550177	0.0177337219380132	0.0168871117153104	0.0115497155900697	0.0146912372809141	0.012049130532557	0.016421387808339	0.0121479611098342	0.0118356020220341	0.0179135521096951	0.0193003676411129	0.0165852355003624	0.0123875572604687	0.0167933046859873	0.00981521215116688	0.0175158678743633	0.0181367810605804	0.00713734337362547	0.0141388623313407	0.0167229597550676	0.00796296029546476	0.0138682331791147	0.0152819350697923	0.0114683241432695	0.0138328509431057	0.00816152127868891	0.0086701098922069	0.0173438065252052	0.0134412315813609	0.0157306802138842	0.0174182464887854	0.0111056057756264	0.0127277626328731	0.014523096502796	0.00983583795586548	0.0202150243937888	0.0142038574188455	0.0103331657723022	0.0192528918101202	0.0207430245808625	0.0189673934332437	0.020106556961298	0.0163393189630921	0.0152537258097777	0.0181198494983289	0.00869769049741365	0.0165293056072516	0.0161985933612532	0.0197882429049088	0.01810431838309	0.0173818097894293	0.0168406110572396	0.017881750879522	0.014679700340793	0.0146001451321093	0.0206674117268332	0.0144899818455823	0.0166658292837585	0.0126502291907267	0.0252919324575514	0.0191866341093857	0.0175220440163819	0.0190307094696836	0.0120823382454902
A549_G1_1F_2	0.0116018369556616	0.0123464230733913	0.00567958154748584	0.0102291522577819	0.011643980459906	0.0110922033137511	0.00972350578906834	0.005757888237328	0.0100487032509867	0.0125014096886396	0.013213123785041	0.00684969993408934	0.0162834135033373	0.00604049868053484	0.0107510503210221	0.0188562338361305	0	0.0144672993782473	0.00419080839883424	0.00948230016926623	0.0204492799084338	0.00633277165973414	0.00962501760284429	0.00367690156491156	0.0105813459295893	0.00847031030428986	0.017829886735715	0.0154219888365862	0.014941770593914	0.0120162513052114	0.0123794598482404	0.0138759162075295	0.0138204909129516	0.00937251717135828	0.0119120148060749	0.0125314328091665	0.0116196961048195	0.0098236220022063	0.0139899573030776	0.0171066795425415	0.00619825707831356	0.0116805444066694	0.00957424224487752	0.00740132113009933	0.0173090527977755	0.00957872615945298	0.0133551544115903	0.0157997662455566	0.0123508099362501	0.00791269255832509	0.0108935364683775	0.0127455305836876	0.0147383813951917	0.0119009891721834	0.0105998593880596	0.011553443855859	0.0121580925132387	0.0136035639522661	0.0208361499429853	0.0106525307652022	0.00620026231911011	0.0152970022574558	0.00419735215665228	0.00582033449277892	0.0201218851642573	0.00409386217987512	0.00507120863412359	0.0260931939915829	0.011001674084103	0.00822003533874996	0.0145640020461168	0.011543314608444	0.0202393595468031	0.0098412628354257	0.013299606043345	0.0155583459638778	0.0155441657285123	0.0141876680652356	0.00695916554141113	0.00463263403575289	0.00870749800144591	0.0255053968527923	0.0139456933891769	0.00999737694611596	0.0242424856448616	0.0151055735656454	0.0103521508107216	0.0149767225171949	0.00997831732599089	0.0114983044350014	0.00786133865239429
A549_G1_1F_3	0.0135129718750172	0.0142187374030997	0.0133429438242976	0.0150627047276499	0.018279317627709	0.0156449549750972	0.0187949204988547	0.0141290772773947	0.013970347475458	0.0139769713739475	0.021963450362779	0.00959308882674059	0.0132263936922461	0.0170397346901254	0.00553290379227559	0.00807112058488746	0.0144672993782473	0	0.0175591773510709	0.0134082585008862	0.0225220190683484	0.0160772296095181	0.0174193792417724	0.0137622962257147	0.0159780361937229	0.015523107648695	0.0213866577000938	0.0177923924716229	0.0192768054134946	0.0179480052431646	0.0126180461505356	0.0161558935588188	0.0145364622778982	0.0156481696468696	0.0130931581208221	0.0131820330958264	0.0173234673833883	0.0177183503752153	0.0176589343130706	0.015913028003548	0.0148982694661436	0.0107921537113851	0.0149907480590624	0.0153748596421374	0.0114924818042697	0.0134007236749025	0.0182777589960004	0.0103051828336782	0.0148343206408352	0.014095889849133	0.0116816805910505	0.0151674345109184	0.0117297498821114	0.00951823393920751	0.0175870577644586	0.014555122191923	0.0169531257411845	0.0188496897944638	0.0159311338569291	0.012611687201454	0.00920520501817287	0.0125052616186113	0.0166650763155368	0.0106328094038601	0.013732757814709	0.0157385673790478	0.0159677064111945	0.0219652357005208	0.0188383424659102	0.0149935132786914	0.0148220661226115	0.0182541864109735	0.0129952883831876	0.0164374011775892	0.0178892166214605	0.0202250953644048	0.0196731885598681	0.0187215187635854	0.0145521135155973	0.014287530414817	0.0137960926651503	0.0199699818170218	0.0209240559662382	0.0129408728829855	0.020976675212446	0.0135637554574097	0.0225483008286902	0.0192336384788179	0.0163840085431228	0.0176994055118014	0.00986984021984286
A549_G1_1G_1	0.014792328803727	0.0152373322710146	0.00674609767603034	0.0103050744607891	0.00939723624253797	0.00966454367615059	0.00674946818786563	0.00561576716584453	0.00928617638112948	0.0120029940747234	0.00977071568310214	0.00886903414239706	0.016361513393002	0.00568110878431939	0.0132730549318365	0.0208512383833804	0.00419080839883424	0.0175591773510709	0	0.00963247841550568	0.0183670204723099	0.00477327421081973	0.00792279622481487	0.00487991277194287	0.00885325343226525	0.00708241677610617	0.0159932070567643	0.0138568248300052	0.0133109457898965	0.0105885962249236	0.0131080995189907	0.0125709633442309	0.0135856778477114	0.00831210890415088	0.0120784094758368	0.0128486167477279	0.0096185493020045	0.00737258693071294	0.0129100166613865	0.0164070832878046	0.00512304302839035	0.0122773504760227	0.0113340130073473	0.00599938299803088	0.018118721772553	0.00945349895404171	0.0122160440805143	0.0165787727541785	0.0126944628505735	0.00700365838820639	0.0113368987858842	0.0125893171761275	0.0153920952692128	0.0136201686676062	0.00913831090976152	0.0108454169350737	0.0113432660820595	0.0114480107146022	0.0207435018834379	0.0110562415009632	0.00931291778434683	0.0154542642577485	0.00230097522788001	0.00765390082989903	0.0205084114240106	0.00267793260859624	0.00797764120072278	0.0254414025726943	0.00903458772210148	0.0078493065234043	0.0139459272890295	0.00953640341226623	0.0208922271778984	0.00800371462827546	0.0115983922719233	0.0134816615885183	0.0138114826078008	0.01308127552602	0.00583450941078099	0.00625252774143397	0.00789350637851846	0.0251923667491619	0.0109382415273623	0.00984600184228731	0.0233693609719629	0.0148603560971759	0.00649192755244786	0.0131576889070928	0.00898135169127061	0.00973883679166243	0.00905058815038411
A549_G1_1G_2	0.012825170466906	0.0118712075680041	0.00687504498402481	0.00515360888920084	0.00758590549717134	0.00734000533026057	0.00746666267094268	0.00795316268591115	0.0074160905030747	0.00468005665057609	0.0113325344440959	0.00678129159672037	0.0100378407883525	0.0111644770448205	0.00818163723712068	0.0137548374729226	0.00948230016926623	0.0134082585008862	0.00963247841550568	0	0.0136548303696906	0.00697978561555512	0.0106058542072149	0.00593903443412689	0.00706574480644674	0.00568488270954057	0.00974023547816206	0.00860709208704068	0.00692850320654687	0.00830203535988158	0.00360573795721709	0.00771464332107656	0.00487847932689238	0.00333578271803862	0.00276237353749225	0.00327971435891963	0.00785392769789074	0.0104437250604674	0.00560219623404205	0.0105324495311069	0.00720566559939722	0.00705157087962155	0.00776256883347996	0.00880658412256788	0.012401987522402	0.00243132196305245	0.00567272465289641	0.00980801029851153	0.00395411107562671	0.00617150265223698	0.00305869498645171	0.00339942821008727	0.00879400955436373	0.00736010534353034	0.00457048419321411	0.00397374426225637	0.00456861017445607	0.00793554662692062	0.0137781881047936	0.00201094008017179	0.0104616727957266	0.0104160361911012	0.01031631710764	0.00583096554496746	0.0149659339187699	0.00922679990270703	0.0114832925037246	0.0203791501946735	0.0073708925881488	0.00286879550188567	0.0118526161862384	0.00549739366236615	0.0152520036849665	0.00553448761771898	0.0066976006822691	0.00992371835337721	0.00773497015267656	0.00589628714465873	0.0066383255313832	0.0106129332360933	0.00584707045378373	0.018770003035266	0.0104688033597781	0.00599701254963305	0.0173835071917979	0.00975571960361872	0.0137966338243477	0.00971732512390271	0.00468444243184178	0.0081968192032174	0.00589568448859133
A549_G1_1G_3	0.0259491862632708	0.0253575092383038	0.0176280934126345	0.0154019356468024	0.0102687082716733	0.0102405115527283	0.0121041590443772	0.0164169029312345	0.0119733626300005	0.00965385814101323	0.0111104353252166	0.0173072743655816	0.0108383398736501	0.0198041891608962	0.0184777223643077	0.0193873748363722	0.0204492799084338	0.0225220190683484	0.0183670204723099	0.0136548303696906	0	0.0154615286829876	0.0151088878049385	0.0177188598389012	0.01009731910661	0.0128317644997316	0.0072981952784727	0.00541483248414847	0.00896522508436041	0.0129899256839526	0.0143132052807353	0.0070864485586633	0.0107129440356205	0.0125262486883516	0.0122390246916533	0.0127864045038235	0.00980551579414378	0.0131485605931041	0.0105288347671641	0.00758395065513644	0.015136817676198	0.0132166360237793	0.0210533311029529	0.0147163425898601	0.0145680999393785	0.0127499588404023	0.0121491037153191	0.0128743535807887	0.0149132709817912	0.0130438561432529	0.0126507419858855	0.0126564447336171	0.0135269379790375	0.0171503877041429	0.0127962855809394	0.0102655528083933	0.0127512390643011	0.00784191267402889	0.0102112746751457	0.0133811182135911	0.020573942509676	0.0117107018531229	0.0184367605334818	0.0169853605722976	0.0132977623806119	0.0175461094054722	0.0240393283868113	0.012982220316847	0.013253961498334	0.0145775429712804	0.0114118061329682	0.0106218047771346	0.0146205873752543	0.0109602515844655	0.0087128517379503	0.00831531917436115	0.00820195427565773	0.0120317383434894	0.0139464884220478	0.0203056742553194	0.0122085380731344	0.0121568020532598	0.00835500797164811	0.0126711536913803	0.00873746209788875	0.0100601890721014	0.0176951828442471	0.00913122633658558	0.0134152193611747	0.0119047269541667	0.0151201543816739
A549_G1_1H_1	0.0137255204873397	0.0146894792612391	0.00381071453621661	0.00995656320166397	0.00563408403703843	0.00611710568739353	0.00577005843882584	0.00293598532756675	0.00587195620327048	0.00878348516332511	0.00955447101072405	0.0065550017455193	0.0142155914807411	0.0048734552603799	0.0110569276683516	0.0177166699024664	0.00633277165973414	0.0160772296095181	0.00477327421081973	0.00697978561555512	0.0154615286829876	0	0.00955961770368713	0.0043834052277091	0.00663493469321189	0.00651585094898834	0.0133868463430705	0.0110505290060793	0.0108086226856706	0.00596177224916892	0.0101993429230744	0.00954890268968986	0.00988425386544581	0.00661922648736657	0.00915595679235436	0.00979808442759776	0.00846961778829611	0.00654069665296296	0.0107193729687748	0.012734491218485	0.00201772641703905	0.00858980704793414	0.0109820844082346	0.00657183756025155	0.0143836091291054	0.00748544784995253	0.00873488189619145	0.013858762375304	0.00973735473235908	0.00392326791994314	0.00860270637040354	0.00954471281263051	0.0112680548327238	0.0100772795434331	0.00603112762012003	0.00720381452743605	0.00770153713067404	0.00793114788115797	0.0174784452375621	0.00869018991288338	0.00915351807676741	0.011860804338727	0.00509306961827939	0.00718873181113539	0.0177101518477726	0.00503816292678212	0.0100108422263831	0.0233911926014497	0.00917386560637486	0.0064906901791231	0.0124753378220403	0.00746173267603632	0.0177083097927418	0.00461878402695919	0.00771230910430843	0.0123975490076816	0.0114972039636222	0.0104911995149675	0.00534767510180198	0.00575933991231728	0.00497369310599222	0.0219047737482195	0.00929905373932769	0.00880021055525949	0.0204753173095535	0.0127370483727446	0.00926208493501039	0.0123154686513224	0.00826701676268398	0.00976370157260171	0.00692739884286023
