	A549_G1_1A_1	A549_G1_1A_2	A549_G1_1A_3	A549_G1_1B_1	A549_G1_1B_2	A549_G1_1B_3	A549_G1_1C_1	A549_G1_1C_2	A549_G1_1C_3	A549_G1_1D_1	A549_G1_1D_2	A549_G1_1D_3	A549_G1_1E_1	A549_G1_1E_2	A549_G1_1E_3	A549_G1_1F_1	A549_G1_1F_2	A549_G1_1F_3	A549_G1_1G_1	A549_G1_1G_2	A549_G1_1G_3	A549_G1_1H_1	A549_G1_1H_2	A549_G1_1H_3	A549_G1_2A_1	A549_G1_2A_2	A549_G1_2A_3	A549_G1_2B_1	A549_G1_2B_2	A549_G1_2B_3	A549_G1_2C_1	A549_G1_2C_2	A549_G1_2C_3	A549_G1_2D_1	A549_G1_2D_2	A549_G1_2D_3	A549_G1_2E_1	A549_G1_2E_2	A549_G1_2E_3	A549_G1_2F_1	A549_G1_2F_2	A549_G1_2F_3	A549_G2_2A_1	A549_G2_2A_2	A549_G2_2A_3	A549_G2_2B_1	A549_G2_2B_2	A549_G2_2B_3	A549_G2_2C_1	A549_G2_2C_2	A549_G2_2C_3	A549_G2_2D_2	A549_G2_2D_3	A549_G2_2E_1	A549_G2_2E_2	A549_G2_2E_3	A549_G2_2F_1	A549_G2_2F_2	A549_G2_2F_3	A549_G2_2G_1	A549_G2_2G_2	A549_G2_2G_3	A549_G2_2H_1	A549_G2_2H_2	A549_G2_2H_3	A549_G2_3A_1	A549_G2_3A_2	A549_G2_3A_3	A549_G2_3D_1	A549_G2_3D_2	A549_G2_3D_3	A549_G2_3E_2	A549_G2_3E_3	A549_G2_3F_1	A549_G2_3F_2	A549_G2_3F_3	A549_G2_3G_1	A549_G2_3G_2	A549_G2_3G_3	A549_G2_3H_1	A549_G2_3H_2	A549_G2_3H_3	A549_G2_4A_1	A549_G2_4A_2	A549_G2_4A_3	A549Root1_1	A549Root1_2	A549Root1_3	A549Root2_1	A549Root2_2	A549Root2_3
A549_G1_1A_1	0	0.0130416883440498	0.0177454037945139	0.0109691963025146	0.00977264729600525	0.0120468928184588	0.028783212171612	0.0173723118337993	0.000872483490004892	0.0118794381851224	0.00885422351041951	0.0247481240800395	0.0019339321158582	0.0108160760537798	0.0093227459493153	0.00251626680224805	0.000979947407468113	0.0169111693289928	0.0103836490842555	0.00234878725136071	0.0110905476372278	0.0096906098712091	0.0107575098884242	0.0159965649438646	0.00714498689875583	0.000906656930370481	0.0201336274776692	0.0226563955848488	0.0256724171685768	0.036983696541074	0.0124332040116507	0.00648274782498359	0.0171479753695947	0.0205559789281343	0.00685342169292458	0.0123477753938325	0.0135114802568856	0.00231894893937734	0.0168944786654544	0.00754668383705008	0.00574426571441067	0.0197204062547675	0.0132514137680235	0.00238205946460481	0.00646220931970432	0.0152032350331101	0.0181416264048979	0.0194208203375008	0.0099745486009013	0.00936778335543892	0.0151131870689035	0.00865995964482045	0.046460812765151	0.00697650020210956	0.00999050901960272	0.0263353793647328	0.00473826490941102	0.00588038921778471	0.0133862241725904	0.0213587965558515	0.00447792564711339	0.0286982873389447	0.0133151422664027	0.00878350254129285	0.0421649376989064	0.0222705525593494	0.0112926879685185	0.0104109858851533	0.00922175536123418	0.00840617385307323	0.0114740996538416	0.00986026908205711	0.0290658917729042	0.00389739877916137	0.00879551598501772	0.0202191157536253	0.0253043515794559	0.00759135036274398	0.0216363559914486	0.0146284980697197	0.00708998139159258	0.0278473290937778	0.00661614880210166	0.0271872880287229	0.0122797746927968	0.00832564523036159	0.0120365215302702	0.0231205928644147	0.00305302169095505	0.0107345879983974	0.02335580742838
A549_G1_1A_2	0.0130416883440498	0	0.029639380052125	0.0232605417719087	0.00784625436772182	0.0214221204412111	0.0416881833741305	0.0281799946574767	0.0137162960764494	0.0249169318689492	0.0213647827572397	0.0354960298266364	0.0111849162807675	0.0238469369823343	0.0204758879105644	0.0122543152568901	0.0134155894691077	0.0290151062312935	0.00309177895372548	0.0116696540257156	0.02190687584033	0.0227264398943079	0.0227620436960383	0.0247325413391933	0.0198884962779299	0.0134632691606943	0.0312249593904122	0.0353715200729838	0.0386627109831679	0.0499151978912173	0.0252389682492601	0.0194640111426997	0.0297332352729882	0.0334252490525134	0.0189088034753301	0.0236272717240902	0.0133697738217255	0.0124179241127777	0.0299237672563183	0.00894505249192587	0.00792546097665401	0.0312965490395309	0.0235150566431633	0.0151255352828768	0.0192769251724806	0.0248408600460011	0.0288331441968902	0.0316505485560131	0.0196986424747368	0.0222482374075195	0.0276855152831432	0.0151124245301996	0.0582400459626433	0.0199303387665127	0.0197490432908385	0.0380017904763392	0.0174915871974014	0.0161914801665923	0.0207460984775139	0.0330754423241834	0.0109174139588828	0.0401281630348615	0.0218825764160623	0.0191122948057997	0.0534647673865659	0.0100323584354623	0.0217769892618644	0.00297459841156472	0.00707554966684979	0.0208064800414606	0.023868665095096	0.0228728383789667	0.0410368151627374	0.0144034696939589	0.0215878162929353	0.031273208732092	0.0379243830772943	0.0172046056258964	0.0317310994598976	0.0260805247195228	0.00793110716948111	0.0393084503944448	0.0141475599588384	0.0397425694246367	0.0230723313769822	0.0213469916594466	0.0237452242440302	0.0360007670686944	0.0142556969751074	0.0026414220384527	0.0361201606021721
A549_G1_1A_3	0.0177454037945139	0.029639380052125	0	0.00681409845743391	0.0274903918778179	0.00968471355377269	0.0140402918734226	0.00397111314793343	0.0168839444964329	0.0096394486678257	0.00898746262303788	0.00799173204206594	0.0191233589723124	0.00975211283461873	0.00918903192617542	0.0198652129000014	0.0179623660935388	0.00118358275217935	0.0265887935188375	0.0182347496832664	0.00797820465916214	0.0110907323425897	0.00701199796801671	0.00940760582218532	0.0108236333024611	0.0169862826745493	0.00373305989383873	0.0169224248012407	0.0124719095237534	0.0219437367816416	0.0130305579048388	0.0119986778784613	0.00359747897953977	0.00720992827136375	0.0109634556545734	0.00612571180366503	0.0302950826849349	0.0174466066812126	0.00874878202015239	0.0252103787096022	0.0217385055463329	0.00226539445050579	0.0072592416836064	0.0153637344790426	0.0144928833998234	0.00762841758312794	0.00428993068908381	0.00246766168378253	0.0105629542956063	0.00928469571422916	0.00405019496331897	0.0157508346678108	0.0287750224691663	0.0114762429075076	0.0104996419260194	0.00859429660560213	0.0130758159832098	0.0134617602244493	0.0125398750289825	0.00363445715160969	0.0187271383328682	0.0110086141154375	0.0104904642666077	0.0107219321061813	0.0244524281197298	0.0394943239997344	0.00832763810442753	0.0275374931459618	0.0269647216438561	0.00936120029314491	0.00641014758993863	0.00989297678378274	0.0114230732840795	0.0193738748832572	0.00946133162377203	0.00388260627143283	0.00914362163667371	0.0126706943615394	0.00711013390437675	0.00373981496082287	0.0248336844764768	0.0101531749134341	0.0158585327323807	0.0106447620438509	0.00698732807987093	0.0109773948804486	0.00589913593722631	0.00904995498719748	0.0155661717273201	0.0278185382832003	0.00826899538808045
A549_G1_1B_1	0.0109691963025146	0.0232605417719087	0.00681409845743391	0	0.0206897969886771	0.00680472818057344	0.0187777741747787	0.00744947146432739	0.0101166314531036	0.00552606068593437	0.00217943809148013	0.0143112798673135	0.0124376262357769	0.00485757581118542	0.00377438573597907	0.0130525220210379	0.0111534467885417	0.00594268249530062	0.0202740264536938	0.0116577568444311	0.0040148161874395	0.00563594847673222	0.00102526265863362	0.00937624101574272	0.00402879320208895	0.0102421542196772	0.00964697156715386	0.0167470311902144	0.0161739981814544	0.0270203716890911	0.0089274446817426	0.00530406975644665	0.00652433756119917	0.010576710609471	0.00435357602134498	0.00318021379079964	0.0235618616440221	0.0108826899179946	0.00855661063039617	0.0184021874830224	0.0153419202040693	0.00890099346279736	0.00557286956115708	0.0085904237107582	0.00812481683372445	0.00758656074348845	0.00824779778197891	0.00848003283567901	0.00621640165023743	0.00308305833555053	0.0045050046320389	0.0107872192965022	0.0355017617038539	0.00480753281264186	0.00615551555873157	0.0154022923852077	0.006268213509349	0.00741021897411034	0.0101054285073585	0.0104470474779758	0.0124533492910507	0.0178182147571431	0.00839390790236268	0.00555926507441003	0.0312633465011587	0.032964457073041	0.00470529628010723	0.0209874426800926	0.0201841660049175	0.00256316186763956	0.000689404417776102	0.00432353419947243	0.018101949229205	0.0126229675087584	0.00289593848908742	0.00975912753721735	0.0146900000241913	0.00723314386374187	0.0119810595684619	0.00430534638878657	0.0180530989357578	0.0169633097923706	0.0102229779776405	0.0164933133968276	0.00421470861600074	0.00475769337055736	0.00205049981023486	0.013112690674446	0.00901692600626173	0.0212829243125982	0.0130081693518799
A549_G1_1B_2	0.00977264729600525	0.00784625436772182	0.0274903918778179	0.0206897969886771	0	0.0212677369886786	0.0377316790263955	0.0270846821416014	0.0106433995745955	0.0206205263328483	0.0185389459536984	0.0344853948018097	0.00871080563908206	0.0197009113324631	0.0190019459657254	0.00768580870339492	0.00954283571690997	0.0266226696591821	0.00767076398142899	0.00992162389971566	0.0207301450266108	0.0183506122462301	0.0205231548777327	0.0251112127390642	0.0167513449815063	0.0105870791197522	0.029890484721867	0.0296074027697659	0.0344019230178717	0.045776343364762	0.0199623721604007	0.0158130584197617	0.0266513564745668	0.0296911496631108	0.0166243950105599	0.0220881595749194	0.00600635047436284	0.0106567290198629	0.0255686878961995	0.00234142036850339	0.00824713605214081	0.0294871828541335	0.0227954035821977	0.0121459692154771	0.0144571485298907	0.0246066021706097	0.0278411814455392	0.0290769474437495	0.019237453725788	0.0187562761665595	0.0246555575801647	0.0161759797918485	0.0561334114173245	0.0163425661509442	0.01926715606676	0.036080174850345	0.0144227124647676	0.0151141829795501	0.0218145041347595	0.031111811277612	0.0107086206542608	0.038459082005435	0.0222714713973615	0.018211033617353	0.0519166121683507	0.013878732494797	0.0208524260980613	0.0052605129508154	0.00103911822988291	0.0181331576144806	0.0211579582106228	0.0189076982106794	0.038744238954887	0.00891295218629349	0.0183074642647228	0.0299732553322722	0.0346836604490028	0.0166603789553814	0.0312498056032109	0.0243949519154937	0.00278694597502646	0.0376074877459914	0.0144334366437642	0.036602719237698	0.0219351975027745	0.0174040264412365	0.0218074676304932	0.0321957326624129	0.0123791296294104	0.0054904531734423	0.0326059490048863
A549_G1_1B_3	0.0120468928184588	0.0214221204412111	0.00968471355377269	0.00680472818057344	0.0212677369886786	0	0.0236246931614659	0.0070112463836678	0.011244134121555	0.0122536070600758	0.00729679296449098	0.0141145763235643	0.0125994000946317	0.0114362958172861	0.00383722150034523	0.0145587483616375	0.0127272322252302	0.00962772243988035	0.0183358826441461	0.0113484799219712	0.00279031138185492	0.0118255407559752	0.00578670033903913	0.00395451567581185	0.00828450657418294	0.0111405264834787	0.0100935495878634	0.0234832495901105	0.0216454921078149	0.0316158752105741	0.0154560098890197	0.00968521805814961	0.0116500969465781	0.0160174851024218	0.00647767614117935	0.0042128503236138	0.0255512715011598	0.0106291283426434	0.0151061912902248	0.0192792166760736	0.0139337954761249	0.0106404443222402	0.00244127860542842	0.0100896780571916	0.0127826995946163	0.00343807086256368	0.00755869188911607	0.0121213363217011	0.00207260186946179	0.00919568018395532	0.0101139154088503	0.00649187514430599	0.0371472348320229	0.00945355386299049	0.00205699256739162	0.0170962017398754	0.00890849881224223	0.00621382881836231	0.00332863240148011	0.0124649911779983	0.0109066317477449	0.0189775093832116	0.00167786811298597	0.0033340526583023	0.0321448865752628	0.0314502693427059	0.00209946073645165	0.019847862043116	0.0204951406852842	0.0069225311507983	0.00736294726653549	0.0106552167267545	0.0203806443528494	0.0152452746235962	0.008548008588788	0.010113485147008	0.0188246902349369	0.00460809273853599	0.0103241021001031	0.00603499369475231	0.0184817903406255	0.0181947477176466	0.00730692209620328	0.0203058002847306	0.00299665354628042	0.0103810528036035	0.00526300874497216	0.0183022847854645	0.00905370318699353	0.0200722721770435	0.0177683075577943
A549_G1_1C_1	0.028783212171612	0.0416881833741305	0.0140402918734226	0.0187777741747787	0.0377316790263955	0.0236246931614659	0	0.0176541886251118	0.0280390176056814	0.0171242770403948	0.0204304262004678	0.0155421897716525	0.0305514546416488	0.0180836848447969	0.0222644305079559	0.0302324211478997	0.0286147512937525	0.0140004108172639	0.0388092514896151	0.0300415663979821	0.0215335271544346	0.0193958797670588	0.0195139375505624	0.0232958998906786	0.0218149479427194	0.0282659263966827	0.0154478017302976	0.0128343893174529	0.00363069364517571	0.00825799289826399	0.0183036708753335	0.0223033073645482	0.0123226424245093	0.00827887145372721	0.0230027783646703	0.0196792920010689	0.0387508308495648	0.0293133824047245	0.0121937090816348	0.0354004738017827	0.0338693274736814	0.0138912836881761	0.0212427115492036	0.0265875874493268	0.0232874186473808	0.0216211199484811	0.0176236380152825	0.0115729739905498	0.0241871217448065	0.019457469561321	0.0142814649099951	0.0292731373228209	0.0213616655026518	0.0218132552569738	0.024121495456914	0.0110824440853594	0.024209990355695	0.0261854017631833	0.0265742349130503	0.0124521877883876	0.0311241830959933	0.0123729587105406	0.0245238709431193	0.0240118629953308	0.0198862540641081	0.0510053322249805	0.0220214654659383	0.0391770824779362	0.03749036762264	0.0210280530068664	0.0181093012157127	0.0189626438042114	0.00921864840038362	0.0288417394265064	0.0201146938427371	0.0155428850081762	0.00519271494222586	0.0258686965391672	0.0183527801151888	0.0175913975524411	0.0354504046974956	0.0121389788222667	0.0289618858098976	0.00480361858217309	0.0207511252633615	0.0204999872764368	0.0190091276351239	0.00570111114770556	0.0275326561105879	0.0394957796564473	0.0058766923391776
A549_G1_1C_2	0.0173723118337993	0.0281799946574767	0.00397111314793343	0.00744947146432739	0.0270846821416014	0.0070112463836678	0.0176541886251118	0	0.0165022874285872	0.011974560077086	0.00944263472985545	0.00742794113304851	0.0184257038478329	0.0117380864392432	0.00808730413711318	0.0197306399993024	0.0177961595546079	0.00470633120066889	0.0250905201379745	0.0173432543369571	0.00640324569531317	0.0128414132775911	0.00707730297314412	0.00564825602334702	0.0112325582778667	0.0165199675090681	0.0030867173229406	0.0206936566521024	0.0163601660076797	0.0252830531207601	0.0155359882594338	0.0126369670818674	0.00735739574322902	0.0111806905639589	0.0105911770986132	0.00504388194499619	0.0305923359531168	0.0165627912417911	0.0123033722889413	0.0249104101042392	0.0204557305233745	0.00386967430056989	0.00469432342852692	0.0150637045157081	0.0155654910080405	0.00411808928688948	0.000803232636039035	0.00625686775924194	0.00849678116164413	0.01048486400977	0.00703133552064934	0.0134820865849324	0.0301819749373889	0.0121755435385811	0.00844385506542026	0.0100878075646134	0.0130704952814991	0.0121979593983413	0.00928474313402667	0.00561930867698382	0.0173853811583575	0.0120032188879007	0.00731950135728172	0.0091258041958359	0.0253084978291524	0.0381790124702548	0.00642476268038734	0.0263786301399971	0.0264340725637548	0.00956842592232019	0.00740534732708674	0.0115279327446051	0.0133984015532526	0.0197178480407095	0.010341454745967	0.00311570311325682	0.0125633115661651	0.010988264595126	0.00453275897595612	0.0031521398487779	0.0243313002989965	0.0112062412594371	0.0140551641728023	0.0137943343119068	0.00519538026496563	0.012193275134737	0.00562958056742446	0.0129433100215916	0.0147453754663916	0.0266297619117463	0.0120473444102701
A549_G1_1C_3	0.000872483490004892	0.0137162960764494	0.0168839444964329	0.0101166314531036	0.0106433995745955	0.011244134121555	0.0280390176056814	0.0165022874285872	0	0.0112187951900501	0.0080138800458189	0.0238762860811334	0.00253201994173389	0.0101379905243408	0.00845869440395957	0.00332316085932399	0.00151951120324306	0.0160576340825734	0.0109830396878791	0.00249855651139595	0.0102302978910235	0.00906803943656594	0.00989110861611252	0.0151973866802165	0.00633196979725402	0.000363671927959215	0.0192613109924595	0.0221866131942471	0.0249621701253994	0.0362521925445524	0.0119680418730013	0.0057531048113678	0.0163337883643872	0.0197965008964154	0.00598181266065749	0.0114761658465583	0.0143349357462501	0.00218100702057425	0.0162156246875636	0.00841898931982022	0.00621278862506137	0.0188521968655601	0.0124014182792274	0.00152697727039773	0.00606054076306661	0.0143686994725551	0.0172725334247747	0.0185773000047633	0.00917368206896758	0.00859724091717788	0.0142944759486553	0.00817360368521532	0.0456090669965965	0.00623083752478158	0.00918734363831403	0.0254726927446131	0.00391316779871654	0.00512179247813615	0.0126908757863314	0.0204947225945436	0.00451495476906515	0.027831250417737	0.0125455220538054	0.00796055945850807	0.0412991092369664	0.0230490180225274	0.010442963746477	0.011147153526077	0.0100842972273458	0.00755424104204692	0.0106303035856575	0.00915871268018365	0.0282155377224738	0.00437462827127571	0.00799927650045782	0.0193468047746552	0.0245025036614505	0.00684360696544459	0.0207743438040383	0.0137564126298489	0.00795304694177978	0.0269805755654437	0.00614408066530809	0.0263787810568562	0.0114167534936011	0.00763361968073159	0.0111654016196703	0.0223659137517749	0.0023593394677625	0.0114656787035391	0.022575066774924
A549_G1_1D_1	0.0118794381851224	0.0249169318689492	0.0096394486678257	0.00552606068593437	0.0206205263328483	0.0122536070600758	0.0171242770403948	0.011974560077086	0.0112187951900501	0	0.0053101525915465	0.0176183434221779	0.0137473426935158	0.00112590930579709	0.00876685998995561	0.0131328156370268	0.0115926818473454	0.00846109632742246	0.0221935516222587	0.0134784152658611	0.00947744500460251	0.00227209873902538	0.00650324957407972	0.0148610985754359	0.00566331676035911	0.0114943886768226	0.0132685482339957	0.0118301522004014	0.0138632289868514	0.0252344397135898	0.0035683441600088	0.00554483310611483	0.00704736450633062	0.00913917372229113	0.00762024798164416	0.00864772790165399	0.0220829872583598	0.0128377353264066	0.00502800033750733	0.0182855891394395	0.0173453231550366	0.0118880842115457	0.0110791419635331	0.00989460155398136	0.0061926888834392	0.013016271475032	0.0127014164943761	0.00999758985333951	0.0113313531257166	0.00342746409840623	0.00562150224583274	0.0150706813669996	0.0363212460574827	0.00515450473454959	0.011278500771379	0.0172841669512397	0.00770410908744926	0.0109857730945073	0.0154947123038086	0.012863397927001	0.0149685053565392	0.0198691643368443	0.0138804331273269	0.0103486917410187	0.0328213082653734	0.0339715781295408	0.0101666688701726	0.0222612963123647	0.0203761197119927	0.00589701067543802	0.0051151293732086	0.0021868024167967	0.0192195581271054	0.0117448359882388	0.00424984423488295	0.0134099262830247	0.0143309449424021	0.0115368388645294	0.016290199878459	0.00899156397015477	0.0183451505072157	0.0190379103826452	0.0139347145179305	0.0162798224929563	0.00973673753202616	0.00361270094095777	0.00746390959204885	0.0115970635465206	0.0112844562062999	0.0225898726527716	0.0121175549042124
A549_G1_1D_2	0.00885422351041951	0.0213647827572397	0.00898746262303788	0.00217943809148013	0.0185389459536984	0.00729679296449098	0.0204304262004678	0.00944263472985545	0.0080138800458189	0.0053101525915465	0	0.0164543094097525	0.0103967098765886	0.00432254921819823	0.00355902347485811	0.0108864017848776	0.00899741416278983	0.00808653633515438	0.0184251378204008	0.00970572823611413	0.00469129104561658	0.00453135218733016	0.00237531277872679	0.0105129280251673	0.0018527125519797	0.00816211710323157	0.0117850419647302	0.0170879927036173	0.0176237041605436	0.0286851016050274	0.00821202446033055	0.00319594427375766	0.00838441118311048	0.012158999243133	0.00261797268783945	0.0046889905199027	0.0213920601070194	0.00894897155661244	0.00942059906915743	0.0162429129499584	0.0134778459230396	0.0110796475375341	0.00675747167424078	0.00648816192819584	0.00618323327392074	0.00891206459477675	0.0102457879732431	0.0105680086424546	0.00609425753359348	0.00195311846139457	0.00633426434148299	0.00985853996637354	0.037627261874603	0.00273643215468043	0.00604590954075863	0.0175686651193723	0.00412467554852389	0.00599061458913441	0.0103846449416942	0.0126214814386691	0.0106999281599151	0.0199939001298958	0.00897203829654121	0.00504545928919949	0.0334321469433326	0.0309703534007573	0.0053281095991158	0.0190041723308701	0.0180521826768239	0.000638474485146528	0.00262259612768305	0.00341639422344267	0.0202238269776661	0.0104526573173096	0.00125133476066062	0.0118929839096161	0.0165830795524858	0.00628216290709476	0.013965651040169	0.00635012182481865	0.0159227764213576	0.0191388156836935	0.00893521476214325	0.0184294534412559	0.00537779751814356	0.00314918524075599	0.00382476083951925	0.0147320792768442	0.00712389159763777	0.0193071492780764	0.0147715520449203
A549_G1_1D_3	0.0247481240800395	0.0354960298266364	0.00799173204206594	0.0143112798673135	0.0344853948018097	0.0141145763235643	0.0155421897716525	0.00742794113304851	0.0238762860811334	0.0176183434221779	0.0164543094097525	0	0.0258455787275418	0.0177395700992729	0.0155054739200662	0.0270626283384171	0.0251282973800163	0.00916167589464838	0.032406756349116	0.0247695403642271	0.0138304398712876	0.019060991481945	0.0141838879888845	0.0114336729256359	0.0183002903168792	0.0239088287413672	0.00467044448047596	0.0231152270568906	0.0158567575102274	0.0216303397093295	0.0209464683316558	0.0196146699450182	0.0109885391867174	0.0126039029285018	0.0179200673603321	0.0124039383468115	0.0378149408439904	0.0239889183896999	0.0159426944055005	0.0322916299310595	0.0278433310389902	0.00573206089415661	0.012000794968117	0.0224137229598974	0.0223201608360677	0.0107682710813029	0.00670891256596185	0.00813810018742441	0.0158127542731194	0.0170986625335299	0.0120025115402604	0.0205793956999565	0.023205475553154	0.0191153040668386	0.0157644295940561	0.00473355700895514	0.0203234953118325	0.0196185865609353	0.0156331713567002	0.00507018013357137	0.0247748720693966	0.00536273583190269	0.013961938009189	0.0165322248980292	0.0180412780271959	0.0455109307345187	0.013826181229707	0.0337712093418105	0.0338482282109046	0.016691175361037	0.0140658798654606	0.017835642028427	0.00796359578607219	0.0268891517479465	0.017151127398133	0.00456659851265863	0.0106222630948854	0.0183595226749649	0.00418498162597051	0.0101764701167429	0.0317408976768449	0.00479042988307278	0.0213547341870108	0.0107871654087338	0.0126219415849091	0.0188207399676819	0.0127925663023958	0.0129838625358843	0.0221676908393273	0.0340166547664408	0.0115910036959062
A549_G1_1E_1	0.0019339321158582	0.0111849162807675	0.0191233589723124	0.0124376262357769	0.00871080563908206	0.0125994000946317	0.0305514546416488	0.0184257038478329	0.00253201994173389	0.0137473426935158	0.0103967098765886	0.0258455787275418	0	0.0126690868578125	0.0103421961167727	0.00293560783022234	0.00262646371894748	0.0183529912274019	0.00846859422214316	0.00134587904210452	0.0120434391621957	0.0115836264770441	0.0121128458709439	0.0164900447679773	0.00879028614070333	0.00228691132375886	0.0212910489387889	0.0245893559708312	0.0274898401528542	0.0387700206622636	0.0143668260457617	0.00828181340466085	0.0187641723928331	0.0223003622519404	0.00816101085705102	0.0134747548219643	0.0131584632379125	0.00197508843575331	0.0187468515142372	0.00668206129075073	0.0038241871901348	0.021013160498912	0.0140868145990258	0.00397107182114872	0.00839319049474295	0.0159077594957416	0.0191713993201819	0.0209163291758544	0.0105510583724131	0.0111009406177119	0.0167177602391726	0.0082284590666646	0.0478817786393662	0.00875376350337613	0.0105781738896802	0.0276848009190765	0.00636876116159363	0.00641136696778873	0.0134735606468493	0.0227020339343488	0.00317348476160535	0.0299912567128652	0.0136948238537515	0.00950137634965414	0.0434581422824654	0.020587507802388	0.0121465073731397	0.0086455633163413	0.00801418975938036	0.00989408340103049	0.0129881451470239	0.0116902520582087	0.0305100296586238	0.00509040184083595	0.0104766370268178	0.0213669260376995	0.026950189365887	0.00800166660520485	0.0225461806061636	0.0158412859662678	0.00593061482532452	0.0291457037835806	0.0062413868249986	0.0288124354871272	0.0132518392287987	0.0101654387769957	0.0133021138381573	0.0248726165126692	0.00368239363278227	0.00895921654897595	0.0250557642080943
A549_G1_1E_2	0.0108160760537798	0.0238469369823343	0.00975211283461873	0.00485757581118542	0.0197009113324631	0.0114362958172861	0.0180836848447969	0.0117380864392432	0.0101379905243408	0.00112590930579709	0.00432254921819823	0.0177395700992729	0.0126690868578125	0	0.0078435924827835	0.0121531268479505	0.0105641531345679	0.00859628141899623	0.021103659636705	0.0123730518798542	0.00868943937370203	0.00145034825205424	0.0057743365906567	0.0142328316758697	0.00454655687314441	0.0104068224457514	0.0132768728433669	0.0129161246093402	0.0148785730725873	0.0262311757558373	0.00407236793051951	0.00443454218385431	0.007504402082246	0.00999796692254465	0.00653641655229316	0.00803357920058118	0.0213767575652641	0.0117253351407293	0.00608012510771741	0.0173616068454317	0.0162426107635993	0.0120170513855319	0.010426272457687	0.00879333854936551	0.00536286485037961	0.0124366405786852	0.0124928115510109	0.0103774555359045	0.0104003011049693	0.0023879331371773	0.00585466162166772	0.0139964706264227	0.0369915269062862	0.00403333308276712	0.0103498326484319	0.017699313740809	0.00658289249626519	0.00988385985109716	0.0146299322659344	0.0131259944951857	0.0138461791328376	0.0202693179461076	0.0130855005667366	0.00936602973560931	0.0333585089857027	0.0329654371209263	0.00937158500277178	0.0212136710341295	0.0194250639654603	0.00488098935376792	0.00455794934641113	0.00106258893903603	0.0197871319958623	0.0108699448915518	0.00319489773646884	0.0134131118416611	0.0150994645670387	0.0104825940462975	0.0161506715774415	0.00866367877564898	0.0173749019679982	0.0194283997464247	0.0128276423776377	0.0170425070237536	0.00905662021415904	0.00250971067590054	0.00687508117414436	0.0125013927421741	0.0101608353302973	0.0215404384565817	0.0129411522713233
A549_G1_1E_3	0.0093227459493153	0.0204758879105644	0.00918903192617542	0.00377438573597907	0.0190019459657254	0.00383722150034523	0.0222644305079559	0.00808730413711318	0.00845869440395957	0.00876685998995561	0.00355902347485811	0.0155054739200662	0.0103421961167727	0.0078435924827835	0	0.0117382718523813	0.00981620310725462	0.00866699400717538	0.0174136670009739	0.0092888144094071	0.0017913493353973	0.00807388048392309	0.00283759562471949	0.00743602439491508	0.00445422663091403	0.00845450974866462	0.0109676551097503	0.0203812049720046	0.0198248218017029	0.030462265937972	0.0117708878321446	0.00587681454428822	0.00994471923410076	0.0141817718995804	0.00283189641532222	0.00317734906987228	0.0227058042084842	0.00850264118370168	0.0123172687419321	0.0168424590882862	0.012602108157131	0.010843393412876	0.00404720758628275	0.007074765856819	0.00899791600291011	0.00616292610162543	0.0088414914265029	0.0113302412848594	0.00256476337517387	0.00550642610156638	0.0080432810871328	0.00706873125342394	0.0378214025155404	0.00562297232600571	0.00251174143059593	0.0175579464154875	0.0053974534958844	0.00428556868215939	0.00682777269117627	0.0126087322503331	0.00956216482995575	0.0197657114384125	0.00550964450437542	0.00179405837743745	0.0332104989010393	0.0303861469908572	0.00216488109508628	0.0184691390382914	0.0183491773218203	0.00311643489104235	0.00445355658019583	0.00697296692091587	0.020573112396954	0.0120131643189959	0.00479476924225325	0.0110387068843844	0.0178923073215358	0.00360896276908622	0.0123175142240473	0.00561778535189706	0.0162456708106887	0.0189301753887423	0.00675711304598627	0.0195921855457582	0.00295890460276537	0.00656584917319505	0.00334547641620886	0.0166663251842972	0.00666502169817476	0.0187374955949362	0.0164196588046282
A549_G1_1F_1	0.00251626680224805	0.0122543152568901	0.0198652129000014	0.0130525220210379	0.00768580870339492	0.0145587483616375	0.0302324211478997	0.0197306399993024	0.00332316085932399	0.0131328156370268	0.0108864017848776	0.0270626283384171	0.00293560783022234	0.0121531268479505	0.0117382718523813	0	0.00193555950448023	0.0189693368307119	0.00999633399834567	0.00413500073759069	0.013520182699527	0.0108675559629904	0.0129534593798985	0.0185097801911618	0.00907917062183332	0.00342234179271834	0.0224217763952233	0.0231259649845392	0.0269897407932465	0.0383588897244681	0.0130265381342687	0.00813332848700797	0.0189710827833241	0.0221041655872217	0.00914780642738616	0.0146896343410136	0.0110122322326197	0.0044812881944621	0.0181447284852347	0.00536598560245817	0.00614923791400884	0.0219087383226307	0.0157107275251042	0.0046715115887909	0.00713730006147885	0.0176900770031846	0.0205096497136318	0.0214013269604344	0.0124868899709469	0.0110788492988278	0.0169718407424037	0.01094857583418	0.04846664782672	0.0086613868288425	0.0125020188695005	0.028451053987032	0.00679767462421941	0.00839595469886298	0.0158691842382474	0.0234958427983977	0.00610855224196712	0.0308606637673407	0.0158306147337188	0.0112831455981263	0.044306647971432	0.0208605019308254	0.0137536119303617	0.00939173625075717	0.0073018414675937	0.0105109341158485	0.0134980397481278	0.011302770253835	0.0310736501265668	0.00238551023028052	0.0106226060754457	0.0225132731304387	0.0270322411846334	0.0101042128012734	0.0240505226487331	0.016902618976978	0.00522471137482678	0.0300067546881404	0.00891442857894609	0.0289446182436594	0.0146960079313582	0.009778804232595	0.0142911784600077	0.0246356029796637	0.00556127624706461	0.00973200482108339	0.0249875190584573
A549_G1_1F_2	0.000979947407468113	0.0134155894691077	0.0179623660935388	0.0111534467885417	0.00954283571690997	0.0127272322252302	0.0286147512937525	0.0177961595546079	0.00151951120324306	0.0115926818473454	0.00899741416278983	0.0251282973800163	0.00262646371894748	0.0105641531345679	0.00981620310725462	0.00193555950448023	0	0.0170831400234488	0.0108815364877418	0.00328843046631163	0.0116015542111529	0.00935881183611424	0.0110295623003664	0.016681370549145	0.00721401393007785	0.00173414904593973	0.0204887885328213	0.022089367576375	0.0254396773611223	0.0367844643924742	0.0118841680314095	0.00636917880213261	0.017168830219783	0.0204296888143923	0.00721231594510742	0.0127546017236847	0.0129037791926304	0.00329889215447576	0.0166199818793922	0.00724981530035519	0.00643017031926246	0.0199907401437266	0.0138051153351818	0.00274243666012355	0.00589482909332383	0.0158063332424706	0.0185758467586753	0.0195418438288262	0.010660446576543	0.0093062223716524	0.0151529397034682	0.009604769155116	0.0466070024138634	0.00688684322771174	0.0106720315575758	0.0265525923197862	0.00488716702161496	0.00663618009308548	0.0142100411407534	0.02159017501666	0.00542282882539077	0.0289507841376478	0.0140508588580676	0.00942499090552649	0.0424043178466347	0.0224146332551899	0.0118505380988014	0.010684390991799	0.0090849171095185	0.00860242112243707	0.011616411361902	0.00965576024802347	0.029209327320317	0.00292969365313326	0.00880146055221346	0.0205798038963917	0.0252775301561434	0.00835936447456003	0.0221238765905547	0.0149699633883075	0.00696670556818903	0.0280973993170567	0.00756333847651116	0.0271779966393929	0.0127721707924997	0.00811794743701518	0.0123597442971195	0.0229801283165325	0.0038736364067956	0.0110164332581069	0.0232755412178626
A549_G1_1F_3	0.0169111693289928	0.0290151062312935	0.00118358275217935	0.00594268249530062	0.0266226696591821	0.00962772243988035	0.0140004108172639	0.00470633120066889	0.0160576340825734	0.00846109632742246	0.00808653633515438	0.00916167589464838	0.0183529912274019	0.00859628141899623	0.00866699400717538	0.0189693368307119	0.0170831400234488	0	0.0259844757943845	0.0175162819825895	0.00764065003864837	0.00995062927643275	0.00627248015473311	0.009830172602359	0.00989712287686392	0.0161779070203639	0.00490038100624131	0.0160035392432985	0.0121471121302687	0.0220467067084176	0.0118471396282159	0.0110129743718205	0.00265177296740976	0.00667347148482649	0.0102068630121643	0.00576523754586009	0.0292919994629721	0.0167321561740945	0.00770492453924878	0.0243274275847213	0.0210973148122184	0.00342975567607322	0.00726540832948228	0.0145320081415452	0.0134181254882346	0.00796265537466065	0.0051603905588974	0.00266345051206844	0.0102811609785595	0.00823512119625967	0.00286667718648439	0.0154463726793791	0.0295632637638955	0.0104853455476616	0.0102162675799453	0.00950408341915115	0.0122043509518877	0.0128881280110727	0.0126497480870673	0.00463333098694859	0.0181200551646349	0.01197893621723	0.0106002112950396	0.0102944589297468	0.0253711205569631	0.0388125000719499	0.00807170699930553	0.0268413410293755	0.0261246249196213	0.00850575002834507	0.00547260585036079	0.00877353914339946	0.0121643949254852	0.0183908711376133	0.00846544703687103	0.00504860249672537	0.00930944466352591	0.0122275435599642	0.00821828091618172	0.00359489136426275	0.0239940146256125	0.0111238397738746	0.0154072886722783	0.0109448899380488	0.00677061385537448	0.00990605645798196	0.00532354912489438	0.0087489589630684	0.0148529383218597	0.0271290469186981	0.00814255139313793
A549_G1_1G_1	0.0103836490842555	0.00309177895372548	0.0265887935188375	0.0202740264536938	0.00767076398142899	0.0183358826441461	0.0388092514896151	0.0250905201379745	0.0109830396878791	0.0221935516222587	0.0184251378204008	0.032406756349116	0.00846859422214316	0.021103659636705	0.0174136670009739	0.00999633399834567	0.0108815364877418	0.0259844757943845	0	0.00878544640898326	0.0188260491004049	0.0200480025524785	0.0197451120748529	0.0216790760680226	0.0170120814994528	0.0107012894557842	0.0281376509709827	0.0329626648844325	0.0358465901006864	0.0470494712668813	0.0227632191223341	0.0166849444854686	0.0267705318281363	0.0305378789816971	0.0159284937570734	0.020557126416939	0.0136467561044798	0.00950393599939948	0.0271694837237849	0.00793050412395266	0.00494844961385854	0.028223968052043	0.0204241950457355	0.0123221353666703	0.0167747370167618	0.0217579889596543	0.0257428275217799	0.028627699070283	0.016607502852731	0.0193999545734953	0.0247261971684574	0.0120569992711558	0.0551652340613281	0.0171312648254411	0.0166579496157965	0.0349271879157651	0.0146446140495414	0.0131315978384235	0.0177319419625225	0.0300077497529895	0.00786791287880501	0.0370442970859232	0.0188201537183184	0.0160294033543644	0.0503782460267654	0.013119432802182	0.0186894780568294	0.00264370362077885	0.00668134157398314	0.0178526633743934	0.0208938239470675	0.0201044430952702	0.0379779413701192	0.0122964466629821	0.0187123128034137	0.0281852962629697	0.0349541374025277	0.0141170840928159	0.0286493654636151	0.0230113450600013	0.00665810584046475	0.0362256888131843	0.011056407030461	0.0367567356484229	0.0199880224990458	0.018595036490029	0.0206986395485663	0.0331146486542406	0.0113023466849994	0.00259863496004654	0.0331902305573255
A549_G1_1G_2	0.00234878725136071	0.0116696540257156	0.0182347496832664	0.0116577568444311	0.00992162389971566	0.0113484799219712	0.0300415663979821	0.0173432543369571	0.00249855651139595	0.0134784152658611	0.00970572823611413	0.0247695403642271	0.00134587904210452	0.0123730518798542	0.0092888144094071	0.00413500073759069	0.00328843046631163	0.0175162819825895	0.00878544640898326	0	0.0109425732802115	0.0114002257697726	0.0112470575402083	0.0152133519548552	0.00823134564556652	0.00214657751376157	0.0202553414079989	0.0246375781884233	0.0270684262566989	0.0382817238190462	0.0144314875940483	0.00793937747962506	0.0180868039928868	0.0217696535582844	0.00731721221258395	0.012452636090596	0.0144974954200445	0.000790100135105362	0.0184175953426411	0.00796685783425325	0.00387276018900826	0.0200596893715816	0.012923984758372	0.00358808676845111	0.00855499982383135	0.0146913380499768	0.018075347845453	0.0201158240828255	0.00931740224794629	0.0106158850446375	0.0160369342290626	0.00689386060147973	0.0469888918569797	0.00836727303247623	0.00934774501886028	0.0267562608272663	0.00586138998059826	0.00521158373458615	0.0121368736618774	0.0217784849578373	0.00213441808876596	0.0290216779750028	0.0123993845512588	0.00832392996398232	0.0424779545054	0.0213147440786015	0.011001478766277	0.0093331788161048	0.00917176316511183	0.00916063708481186	0.0122433524966264	0.0113550719978662	0.0296482008578099	0.00607896265756474	0.00993227607743421	0.0203257530680346	0.0262842618889867	0.00674104755057325	0.0213899667273565	0.0148558786204581	0.00713483635987777	0.0281806964114903	0.00489778706757976	0.028120588804605	0.0121520627839893	0.00986659285228236	0.012364651296997	0.0243471788840274	0.00266907553633422	0.00962698080226898	0.0244584670785467
A549_G1_1G_3	0.0110905476372278	0.02190687584033	0.00797820465916214	0.0040148161874395	0.0207301450266108	0.00279031138185492	0.0215335271544346	0.00640324569531317	0.0102302978910235	0.00947744500460251	0.00469129104561658	0.0138304398712876	0.0120434391621957	0.00868943937370203	0.0017913493353973	0.013520182699527	0.0116015542111529	0.00764065003864837	0.0188260491004049	0.0109425732802115	0	0.00917039456216789	0.00299653230474415	0.00585792827220606	0.00597224144050736	0.0102144082000879	0.00936551121919377	0.020720740396792	0.0193199763684658	0.0296545789597628	0.0127353468285654	0.00743778824821939	0.00931219714093892	0.0136592659836709	0.00458774941761784	0.00187555561700897	0.0244946725662995	0.0101638397500886	0.0123963162237106	0.0185918963427625	0.014102588345748	0.00941819221151785	0.00227630079956846	0.00886151143642943	0.0105719100160935	0.00442870531993035	0.00713419626180481	0.0102734955122285	0.0026547931352987	0.00651381831139187	0.00759790223730572	0.00780683271386494	0.0363617370509939	0.00711922080027786	0.0025892019098148	0.0161117562966264	0.00716205628060232	0.00580424375832152	0.00609689275735374	0.0112227895901351	0.0110367843398943	0.0182402395665936	0.00440364732211129	0.00280017277303571	0.0316445103427264	0.0318707901064197	0.0006913580031847	0.020010933593237	0.0200566687072512	0.0044259691954811	0.0045835644035377	0.00795468013487038	0.0192215886036526	0.0137980209219718	0.00593032733849951	0.0094259387337931	0.0169489576844433	0.00473997843814558	0.0105481101856073	0.00426043649100251	0.0179640647505611	0.0174151545226895	0.00791464075442569	0.0185648626909646	0.00120977169443283	0.00783552844975246	0.00263601302529327	0.0160507110913972	0.00836139566801686	0.0202689085405757	0.0156588157112279
A549_G1_1H_1	0.0096906098712091	0.0227264398943079	0.0110907323425897	0.00563594847673222	0.0183506122462301	0.0118255407559752	0.0193958797670588	0.0128414132775911	0.00906803943656594	0.00227209873902538	0.00453135218733016	0.019060991481945	0.0115836264770441	0.00145034825205424	0.00807388048392309	0.0108675559629904	0.00935881183611424	0.00995062927643275	0.0200480025524785	0.0114002257697726	0.00917039456216789	0	0.00642799602047893	0.0148967054206333	0.00414472084170715	0.00936041136256207	0.0145461385201277	0.0134501388731579	0.0161253896432087	0.0275004347088472	0.00375616548896311	0.00358346731566324	0.00894946904765937	0.0113819974470409	0.00628621964790062	0.00878722651578757	0.0199313797641137	0.0107982315912982	0.00727975758977092	0.0160148780442579	0.0152470341054648	0.0133548570778792	0.0110907146037281	0.00781539436584447	0.00394441681897184	0.013178775505444	0.0136142783314895	0.01180603337243	0.0105672648699206	0.00266232631035441	0.00726061241137336	0.0136885855951558	0.0384374374157818	0.00331318859168995	0.0105230692459898	0.0191293953112256	0.00578334635309656	0.00946700484284854	0.0148997042292445	0.0145165306646473	0.0130056441762106	0.0216947444855955	0.0134988862244706	0.00941719434227473	0.0348048514634968	0.0317150771478556	0.00982842336751089	0.0200393796123238	0.0181048228981695	0.00496862979828421	0.00548547706264412	0.0013228867198695	0.0212366833300665	0.0094835274613807	0.00328264485481561	0.0146788364581902	0.0165236270154837	0.0102878849033605	0.0173105534643769	0.00971642876938515	0.0160763834439619	0.0208518389002364	0.0123491865924219	0.0184689499971309	0.00970157647875622	0.00174980982362098	0.00768609816752563	0.0138587971387652	0.00935916839530973	0.0203700079282849	0.0143439485076604
