	OM3_B_B_1	OM3_B_B_2	OM3_B_B_3	OM3_C_7A_1	OM3_C_7A_3	OM3_C_7B_1	OM3_C_7B_2	OM3_C_7B_3	OM3_C_7C_2	OM3_C_7C_3	OM3_C_7G_1	OM3_C_7G_3	OM3_C_7H_1	OM3_C_7H_2	OM3_C_7H_3	OM3_C_8A_1	OM3_C_8A_2	OM3_C_8A_3	OM3_C_8B_1	OM3_C_8B_3	OM3_C_8C_1	OM3_C_8C_2	OM3_C_8C_3	OM3_C_8E_1	OM3_C_8E_2	OM3_C_8E_3	OM3_C_8F_1	OM3_C_8F_2	OM3_C_8F_3	OM3_C_9A_1	OM3_C_9A_2	OM3_C_9A_3	OM3_C_9C_1	OM3_C_9C_2	OM3_C_9C_3	OM3_C_9D_1	OM3_C_9D_2	OM3_C_9E_1	OM3_C_9F_1	OM3_C_9F_3	OM3_C_9G_1	OM3_C_9G_2	OM3_C_9G_3	OM3_C_9H_1	OM3_C_9H_2	OM3_C_9H_3	OM3_H_3C_1	OM3_H_3C_2	OM3_H_3C_3	OM3_H_3D_2	OM3_H_3D_3	OM3_H_3E_1	OM3_H_3E_2	OM3_H_3E_3	OM3_H_3F_1	OM3_H_3F_2	OM3_H_3F_3	OM3_H_3G_1	OM3_H_3G_2	OM3_H_3H_1	OM3_H_3H_2	OM3_H_3H_3
OM3_B_B_1	0	0.035754227189191	0.00812564404238097	0.00520596919587663	0.0121304328794014	0.0330294530723513	0.0680848528657252	0.0575898248816455	0.0261174082095414	0.0144544669247516	0.0398510815021699	0.0142197817148505	0.0153423379872545	0.0288850676107637	0.0545240277403745	0.0070409658634951	0.00885299924762228	0.003751720395771	0.0241657879814255	0.0120556110081286	0.0192089716404163	0.00610257607107554	0.00512530816212925	0.00808227073054974	0.0202122167840886	0.00897208804985493	0.016157823724866	0.0208440093716281	0.0154282629275048	0.0139298242432871	0.0168381024807201	0.0155556125762386	0.0106549690353049	0.0153859110140029	0.0239060707409082	0.0134085365039019	0.011290453451562	0.0139847717359874	0.0125031995508275	0.0109184039762571	0.0118366558843909	0.0131402214703474	0.0131003939958085	0.0164991115968085	0.0158547057659996	0.0145437626773261	0.0348523778897246	0.0116780845833562	0.0151677121668821	0.0145276267636391	0.0146667569188864	0.017030003990219	0.00851133220824622	0.014961650776284	0.0110110683044863	0.0111775800774215	0.0161136861445902	0.0295609065521727	0.0112921513186721	0.0134517982924407	0.0138079266890491	0.0104097452060349
OM3_B_B_2	0.035754227189191	0	0.0332956828874223	0.037508555347735	0.04553263313174	0.0238028301354034	0.0411164135688755	0.0356765936849817	0.0588018669300251	0.0457748563004367	0.0180680677518875	0.0414451640513733	0.04821839243438	0.010429386184046	0.0209550467890048	0.0396014513180176	0.0413419802952983	0.0331575628560703	0.0593503713967934	0.0249040201087067	0.0173954982603184	0.0414402689970981	0.037092678753364	0.0371601319739128	0.0523199218893477	0.0412327520088102	0.0496764352582931	0.0533482628834927	0.0499385548810845	0.0436512237987281	0.0506204210076113	0.0415246052520075	0.0448239909550005	0.0281857941176376	0.0545886500126608	0.0476457639112584	0.038895361261615	0.0467819741977984	0.04784483687317	0.0397568186548092	0.0466570375314316	0.0238212442048579	0.0470025059903459	0.0483613437198182	0.0465008721442014	0.044593251271645	0.00841735484384426	0.0360572664910145	0.0499565791800771	0.0444954410897872	0.042548266811594	0.0497449407743657	0.039032980199908	0.048886983597568	0.0248715698530623	0.0423828493319723	0.0290707697240665	0.0621925085008766	0.0469164943063063	0.0392820771254605	0.0277722561788701	0.0357585354488283
OM3_B_B_3	0.00812564404238097	0.0332956828874223	0	0.0126464521035857	0.0123855952335023	0.0317509032190625	0.0673962694453448	0.0577416239154613	0.0264895014624475	0.01519410151366	0.0390992476285501	0.0113426265448228	0.0169059524947586	0.0260157199812026	0.0530540327229001	0.0119628086982571	0.0120589764347056	0.00588140625684311	0.0269499725741176	0.0132485530482587	0.0161786502303493	0.0110149143950448	0.00714027663198903	0.0126584441349494	0.0193260180606916	0.00811778598551439	0.0170320845152145	0.0203633340688267	0.0170945794903179	0.0167108077655923	0.0189406071300116	0.0128948212785183	0.0142595092391574	0.0168403438914306	0.0227833544181953	0.0188688844347829	0.0128892851573225	0.0165222236427404	0.0181479213495371	0.0130416958782198	0.0141592171111334	0.00953686536806125	0.013942178994867	0.0151782911505528	0.0180147093583868	0.0128620143174061	0.0343114094334978	0.00749686226196315	0.017175058303161	0.0130204776579395	0.0115216558114653	0.0171388093113452	0.0105393267299007	0.0165105008524135	0.0110450658476554	0.0143670929948794	0.0105835486459527	0.0297548465872051	0.0166764551529741	0.0149696713291086	0.0180797421766	0.0101818863547944
OM3_C_7A_1	0.00520596919587663	0.037508555347735	0.0126464521035857	0	0.0145195579408746	0.0323272904924385	0.0672275942219929	0.0561744656145347	0.0262016919231591	0.0142616037261429	0.039426130905843	0.0157986039853108	0.014982057767955	0.0303291090455772	0.0551093572454409	0.00500521878009022	0.00794301942418731	0.00719109210139143	0.023671416647357	0.0143782114041785	0.0214947720862744	0.00842178985143945	0.01000097222524	0.00524669508104245	0.0217530998402672	0.0125497040031592	0.016858918404439	0.0221096957956476	0.0163706603219845	0.0116378767223239	0.0163307950627356	0.0166059815698361	0.0098181199910931	0.0140250498711651	0.0246464107781943	0.010662426383048	0.0100153251048701	0.0128495947192694	0.0107372113459643	0.00946508305311784	0.0135500636413717	0.0164367334340899	0.0151832356142949	0.0187722193884086	0.0141169005933823	0.0160142203411099	0.0355918697528157	0.0139093282455885	0.0162378060136648	0.0158043189968908	0.0166159061715794	0.0179157410431553	0.00816966082990507	0.0153562917486199	0.0129526768501247	0.00927318487454101	0.0184745137432089	0.0297224248092252	0.0103212141269288	0.0116788491806124	0.0123416690463902	0.0105467832405606
OM3_C_7A_3	0.0121304328794014	0.04553263313174	0.0123855952335023	0.0145195579408746	0	0.0414064069287146	0.0781100698359679	0.0677127698877378	0.0157574015668531	0.00964429128183054	0.0499735134695183	0.0106839129581993	0.00884907734259783	0.0380478153964345	0.0649846969820511	0.0118969791189035	0.0100957642415188	0.0134257856696051	0.0150098547315836	0.0231921265326335	0.0283533962976412	0.00785072552780075	0.0101625806727528	0.0151907980695833	0.00859529735330414	0.004392707364275	0.00626374769839291	0.00932783563560171	0.00509911702760503	0.0144487967312217	0.00928421150622801	0.0127817105560294	0.00823805945924984	0.0248670109042793	0.0137792097162279	0.01260134358564	0.0143955761687947	0.0101003187535456	0.0108044101435669	0.0136117880873397	0.00351920942902008	0.0217302704001928	0.00168153641996627	0.00480881348019699	0.0135020742686811	0.00778217758641945	0.0458895731050357	0.0128715304102744	0.00511534160842514	0.00824514595742979	0.00944555069393018	0.00697204680244223	0.0113510133796355	0.00614771781225205	0.0217723750608144	0.0122384433846909	0.0205037195950489	0.018807221026432	0.00919618379217813	0.0165474110977112	0.0257087960115841	0.0147397273626058
OM3_C_7B_1	0.0330294530723513	0.0238028301354034	0.0317509032190625	0.0323272904924385	0.0414064069287146	0	0.0378490371860005	0.0279050467957965	0.0496241801891857	0.036595059627007	0.0129378051826167	0.0335020864681477	0.0394912110061766	0.0155461344673058	0.0321834420820029	0.0323488829824215	0.0335184124200235	0.0299309527415154	0.0518978358431632	0.0285076590420317	0.0207770989027808	0.0387206929690977	0.0365956083523662	0.0290329521074227	0.0459678176746818	0.0382613445865864	0.0426583357208103	0.0466453066065891	0.0442569239574139	0.0326108560149975	0.0421498718420312	0.032278104183418	0.0373915503460191	0.0183230681383673	0.0455978175271428	0.0394197823909657	0.0289048207519409	0.0376105904749207	0.0414187208878332	0.0300329083413312	0.0427329129265746	0.0256193482957895	0.0428506408959076	0.0433988525950619	0.0354549248416486	0.0371542879629518	0.0228076158926014	0.0294210109327359	0.0449133059439278	0.0367172292085958	0.0353531086167333	0.0424503048038327	0.0311081830871263	0.0417892602170132	0.0246190678463872	0.0329661922301857	0.0233378414731739	0.05298474115666	0.0413142276413775	0.0277863785969119	0.0247672269720109	0.0270217364298202
OM3_C_7B_2	0.0680848528657252	0.0411164135688755	0.0673962694453448	0.0672275942219929	0.0781100698359679	0.0378490371860005	0	0.0128038821779288	0.0872613303392876	0.074066602950226	0.028426845904865	0.071088955501184	0.0768153122457489	0.0430254727154815	0.0242957055862379	0.0685618908274738	0.0702828172680819	0.0654206730510179	0.0888022169127835	0.0598713979878289	0.052567048658695	0.0741245611752984	0.0714856501841784	0.0650898529907852	0.0834617291730826	0.0745695618115331	0.079956457441686	0.0841651538369878	0.0811897401836986	0.0695761975518822	0.0793541949863974	0.0700038001369545	0.0740883817263982	0.0539723177657585	0.0833668198613519	0.0753767517299157	0.0660567395544146	0.0747157274813879	0.0772000670707454	0.0670878289429658	0.0790703781025328	0.0591206403715891	0.0795243784072975	0.0805841516063552	0.0726487224001151	0.0746911138207158	0.0389395764131228	0.0666312523629427	0.0816423812844872	0.0742844535134878	0.0728715980635436	0.0799064330862079	0.0680203378428215	0.0789596251153433	0.0581124958795277	0.0698263139993805	0.0598605695053657	0.0906498864861315	0.0771503295006795	0.0649975080885889	0.0563519304373967	0.0642294529511026
OM3_C_7B_3	0.0575898248816455	0.0356765936849817	0.0577416239154613	0.0561744656145347	0.0677127698877378	0.0279050467957965	0.0128038821779288	0	0.0763671941117715	0.0631979959964684	0.0195870667473203	0.0608760134420423	0.0658255047031464	0.0354734778866539	0.0244320850037468	0.0574970363557915	0.0592972930120635	0.0551238792165539	0.0775264429709188	0.0503283518437653	0.0439703048437101	0.0635300064172812	0.0614181913974382	0.0539528285345584	0.0730360537580594	0.06441182944663	0.0691881200822657	0.0736343531074872	0.0704158643773996	0.0582676665710078	0.0682634379371285	0.0597316377435059	0.0630164077239898	0.0430530590938059	0.0728453175393391	0.0638711631237477	0.0550806626872599	0.0635678835485556	0.0658696672110117	0.0560563466333525	0.0684415970828205	0.050036621406428	0.069040090523715	0.0703294643995825	0.0614011682093062	0.0643108779860589	0.0319802575712877	0.056627969509461	0.0708795146866901	0.0638576460725092	0.062741604367882	0.0692383088227603	0.0571863335707083	0.0680957232018347	0.048302139907707	0.0586468218567484	0.0505844263922873	0.0797850506499244	0.065984227355127	0.0539013381255718	0.0455392055461593	0.0536187074970121
OM3_C_7C_2	0.0261174082095414	0.0588018669300251	0.0264895014624475	0.0262016919231591	0.0157574015668531	0.0496241801891857	0.0872613303392876	0.0763671941117715	0	0.0137113707867428	0.0602817111607849	0.0177535401669513	0.0115722774736934	0.0500516295205665	0.077190364919879	0.0220069046829673	0.0192204693777619	0.0270062082785998	0.00934056783863443	0.037795560301121	0.041461190142801	0.0220995573783556	0.0256524128110414	0.0249269276123178	0.00844247878022123	0.019722016949796	0.0100533699178858	0.00723142579442619	0.0118672172831993	0.0188258940620908	0.0099408286161705	0.0182655320560555	0.0163947964845974	0.0348296972541969	0.00577366887847961	0.0178525794442723	0.0219326519172623	0.0140500849635147	0.0180489857659354	0.0211280052424956	0.0164450545167835	0.0355618378027659	0.0150355960863474	0.0126455701638495	0.0154635321001214	0.0143045900002797	0.0590904230419771	0.0229390683657847	0.0130514948249987	0.0143847879545393	0.0166878319458449	0.00942821213450291	0.0209386699935947	0.0111978272802823	0.0353495897081011	0.019018330067966	0.0307944315524314	0.00361483244211826	0.0181486309068816	0.0227090318920563	0.0379517072818073	0.0240009207246253
OM3_C_7C_3	0.0144544669247516	0.0457748563004367	0.01519410151366	0.0142616037261429	0.00964429128183054	0.036595059627007	0.074066602950226	0.0631979959964684	0.0137113707867428	0	0.046758445662486	0.00670555937414009	0.00316730183202222	0.0368964628845682	0.063720641314253	0.00939842904572604	0.00636121413495667	0.0144649876392838	0.0158785056055218	0.0254434141887883	0.0285348321759415	0.0130737748146484	0.0157524441953863	0.0117600696072668	0.01074395352842	0.011011547782467	0.0066516774470875	0.0109256697330731	0.00931046852530095	0.00657268472731273	0.00599236722640075	0.00708339205213351	0.00585009553769365	0.0211551455462242	0.0110359448913793	0.00997522038472154	0.00831534357759689	0.00345133425474061	0.0113304351446767	0.00756806408065331	0.0109857465784225	0.023115670452528	0.0102575076983961	0.00999710232873227	0.00457497897619923	0.00488322096814347	0.0456411563061932	0.0106765032267625	0.010615981170483	0.00435056463226194	0.00700543897783722	0.00646575518463068	0.00745127451903635	0.00602823231605351	0.0223231315073622	0.0061375935423246	0.0185733505163547	0.01729880307505	0.0111735266273958	0.00946905176321517	0.0248823116268879	0.010376878584101
OM3_C_7G_1	0.0398510815021699	0.0180680677518875	0.0390992476285501	0.039426130905843	0.0499735134695183	0.0129378051826167	0.028426845904865	0.0195870667473203	0.0602817111607849	0.046758445662486	0	0.0436335135793317	0.0494517791896945	0.0159831000549321	0.0199955185597441	0.0408392419572117	0.0426147795304491	0.0371189353575539	0.0614023870683724	0.0318234743491545	0.0245293798465867	0.0459226536251741	0.0431225561709048	0.0374895101301838	0.0557946492125659	0.0463114275837277	0.0522772449190955	0.0565503863745999	0.0532860979311531	0.0426907191869248	0.0519883153524446	0.0428356702283069	0.0464394007026479	0.026329612908665	0.0563973865752863	0.0481680002765674	0.0387199541232014	0.0474334404000013	0.0496500368157832	0.039728846874404	0.0509289769233242	0.0308617025852397	0.0513968471117695	0.0526506508543943	0.0458368743276232	0.0471164939952691	0.0152444985563712	0.038864197160584	0.0536543186660533	0.0467607358116922	0.0453337299374044	0.0523061701969374	0.0402975086370737	0.0512760337175352	0.0297430676964188	0.0425093593831537	0.0322977390595	0.0637679628293885	0.0493973472750587	0.0380273652522179	0.0288557981912431	0.0365709235973736
OM3_C_7G_3	0.0142197817148505	0.0414451640513733	0.0113426265448228	0.0157986039853108	0.0106839129581993	0.0335020864681477	0.071088955501184	0.0608760134420423	0.0177535401669513	0.00670555937414009	0.0436335135793317	0	0.0093583374548642	0.0324815831183533	0.0598866870841423	0.0114773340683057	0.00902392310402847	0.0127536686293046	0.0212639387910248	0.0231991216230431	0.024268420495684	0.0144275236904713	0.0147506928303676	0.0129109070828872	0.0126116360943477	0.0100182577769838	0.0106827733933052	0.0134240569040959	0.0130042982211976	0.010611314723372	0.0119750667225977	0.00231957473680993	0.0105064596571298	0.0196061156499676	0.01323733000572	0.0156135273112066	0.00888113940221498	0.009837712175531	0.0163616986001957	0.00894060507854265	0.0134203357440732	0.0190324611411638	0.0120470669280989	0.0105189206062252	0.0101443556073921	0.0039713628689564	0.0423564492510892	0.00541840895719412	0.0141125419813325	0.0037123758491286	0.00203635848764207	0.00985692888073097	0.00805815999565147	0.0106545241470831	0.0196049146516659	0.00977774992622591	0.013049102145985	0.0210444346846496	0.0156005019496908	0.0102133722089855	0.024347809975434	0.00837877891221954
OM3_C_7H_1	0.0153423379872545	0.04821839243438	0.0169059524947586	0.014982057767955	0.00884907734259783	0.0394912110061766	0.0768153122457489	0.0658255047031464	0.0115722774736934	0.00316730183202222	0.0494517791896945	0.0093583374548642	0	0.0395785054164096	0.0663069062380688	0.0104983276076653	0.00766543046798263	0.0160609127030665	0.012738503023709	0.0269422923734527	0.0309366987795234	0.0127342314421746	0.0162392288134149	0.0133708029281854	0.00919927317343911	0.0113323271207194	0.00439257176683545	0.00908053289899803	0.00696445944233212	0.00820581618868712	0.00283216580038711	0.0100447648238006	0.00534130921331433	0.0235482152680761	0.0100764466142322	0.0086220079107085	0.0108148674191437	0.00286731166026527	0.00957251666404815	0.00986482042230693	0.00951588458144448	0.0252321792367374	0.0089410103251103	0.00911701779621569	0.00568897746945307	0.00644960037365061	0.0479057913326978	0.0133736449611384	0.00832847022304457	0.00618943618363426	0.00914116805994801	0.00476055683719134	0.00951934709300808	0.00357482896411429	0.0242794680517831	0.00762207878112676	0.0214320529739285	0.0151823245117401	0.00953574324155143	0.0120183715130748	0.0264230854357942	0.0130833161101616
OM3_C_7H_2	0.0288850676107637	0.010429386184046	0.0260157199812026	0.0303291090455772	0.0380478153964345	0.0155461344673058	0.0430254727154815	0.0354734778866539	0.0500516295205665	0.0368964628845682	0.0159831000549321	0.0324815831183533	0.0395785054164096	0	0.027691974384481	0.0315303065656819	0.032965946390779	0.0257638397144366	0.0514103009210977	0.0202152206810887	0.0102546421133376	0.0347235948430525	0.03081763555999	0.0289049599281518	0.0441451390220861	0.0339630024794477	0.0414413337574308	0.0451228329352761	0.0421891720440853	0.0346273892496297	0.0421514440983202	0.0322436194268829	0.0366740579366771	0.0194314954385406	0.0456860560569299	0.0397074104857744	0.0298524044801593	0.0381300864112831	0.0403848322079793	0.0308386464708777	0.0394624759107196	0.0171092819685619	0.0395942950266578	0.0405181344825365	0.0374078299398927	0.0359215237207154	0.0132188626752947	0.0272239135165907	0.042446541705832	0.0357438722270845	0.0337905954057612	0.0413549963449044	0.030466170479773	0.0406865904027532	0.0181423259555425	0.033694323092849	0.0198579720363605	0.053448137821108	0.0395957107702209	0.0299741189767652	0.0218641524555107	0.026720819858817
OM3_C_7H_3	0.0545240277403745	0.0209550467890048	0.0530540327229001	0.0551093572454409	0.0649846969820511	0.0321834420820029	0.0242957055862379	0.0244320850037468	0.077190364919879	0.063720641314253	0.0199955185597441	0.0598866870841423	0.0663069062380688	0.027691974384481	0	0.0572865207193073	0.0592208474043311	0.0520001910659413	0.0778461473098448	0.0439218953349951	0.0369230479420084	0.0605007604487276	0.0567303716747615	0.0542762175677625	0.0715441210036842	0.0608531229668618	0.0684508680478856	0.0724691178556996	0.0689774331739614	0.0604071001924787	0.0687827802875886	0.0595112119117677	0.0629066369832748	0.0437381383410461	0.0730616430333195	0.0649720406721601	0.0560270506050559	0.0645009218678752	0.0657548181492126	0.0569717019414791	0.0659314992750707	0.0436688717586449	0.0664328927063347	0.0678594790447622	0.0635256290465979	0.0632801462500404	0.0204243474653602	0.0546652805225707	0.0690990292078854	0.0630603872771167	0.0612896513411456	0.0685279382925983	0.0569066411926498	0.0675235845797961	0.0436262861536623	0.0596901798885394	0.0474587876230919	0.0806598761748077	0.0651708319211885	0.0558133101048581	0.0437470765825737	0.0533702409136165
OM3_C_8A_1	0.0070409658634951	0.0396014513180176	0.0119628086982571	0.00500521878009022	0.0118969791189035	0.0323488829824215	0.0685618908274738	0.0574970363557915	0.0220069046829673	0.00939842904572604	0.0408392419572117	0.0114773340683057	0.0104983276076653	0.0315303065656819	0.0572865207193073	0	0.00305960780389381	0.00779355623534781	0.0207974928494751	0.0176642993709928	0.0228494503735304	0.00862616953301767	0.0109107376541893	0.00358395483936564	0.0179565916293758	0.0106368319522012	0.0130004304431852	0.0182834646776495	0.0133495532318085	0.00706514985601059	0.0122759300432796	0.0121051874797942	0.00589582565232094	0.0146268951855837	0.0201128856887166	0.00827920609640428	0.0058384777215677	0.00828872322212468	0.00927906988633985	0.00497599923723835	0.0116491034738982	0.0176123609172684	0.0126822624536606	0.0154100095830547	0.00933502583124709	0.0116185252219834	0.0383340949228534	0.0107515815512723	0.0136596841506339	0.0113024030114413	0.0124120181999166	0.01382407083514	0.00370435679805322	0.0115487287843489	0.0151126133869533	0.00442691284625837	0.0168174870493532	0.0255952531524834	0.00899404768346085	0.00778450882047769	0.0159592971426443	0.00737057653426171
OM3_C_8A_2	0.00885299924762228	0.0413419802952983	0.0120589764347056	0.00794301942418731	0.0100957642415188	0.0335184124200235	0.0702828172680819	0.0592972930120635	0.0192204693777619	0.00636121413495667	0.0426147795304491	0.00902392310402847	0.00766543046798263	0.032965946390779	0.0592208474043311	0.00305960780389381	0	0.00925418973294938	0.0188625034551586	0.0198735864053704	0.0242887961441816	0.00908944099222316	0.011634388994642	0.00590925713352735	0.0152451191534525	0.00953150561652986	0.0103727642220246	0.0155668002478535	0.0112611394186358	0.00558792859250917	0.00973795542190903	0.00969951846521497	0.00391063030589458	0.0164608856864835	0.0170972879064245	0.00786490598698667	0.00518940654860348	0.0056767611793257	0.00902212515860928	0.00410890442219066	0.0103827481434958	0.0188652076879478	0.0109169551186921	0.0129860807769365	0.0070073112554463	0.00877019119494503	0.0405250403381811	0.00958539023602177	0.011854105997038	0.00841396867270022	0.00985415998526973	0.0110222124624761	0.00270311201646323	0.00902383619275172	0.0170758633873298	0.00274748715836584	0.0166803252426496	0.0228240592414206	0.00869114791589038	0.00725565258414408	0.0187846057903037	0.00716114231929561
OM3_C_8A_3	0.003751720395771	0.0331575628560703	0.00588140625684311	0.00719109210139143	0.0134257856696051	0.0299309527415154	0.0654206730510179	0.0551238792165539	0.0270062082785998	0.0144649876392838	0.0371189353575539	0.0127536686293046	0.0160609127030665	0.0257638397144366	0.0520001910659413	0.00779355623534781	0.00925418973294938	0	0.0262733359459184	0.0110016315021691	0.0161751217818326	0.00917362128929668	0.00690839229758704	0.00774410686128236	0.0209479712223465	0.00975398248975941	0.017232000343889	0.0217068123387455	0.0171447803997834	0.0137986795487925	0.0180379585275621	0.0138527179880105	0.0120363056546079	0.012946512660254	0.024076472991406	0.0154886615319363	0.0100338127104159	0.0147366441936227	0.015198560111534	0.0100667534102217	0.0140235930618138	0.0101887211697999	0.0147101662902513	0.0171782722563892	0.015949319641116	0.0140752697023388	0.0327264559673844	0.00905235038963154	0.0171580749749371	0.0140075653497597	0.0135015882854532	0.0177598836851679	0.00781163880448059	0.0161929661640475	0.00856603784182268	0.01133811871912	0.0124373467199656	0.0304967047863387	0.0140889230606137	0.0120656821602033	0.0131374714514878	0.00804211504101295
OM3_C_8B_1	0.0241657879814255	0.0593503713967934	0.0269499725741176	0.023671416647357	0.0150098547315836	0.0518978358431632	0.0888022169127835	0.0775264429709188	0.00934056783863443	0.0158785056055218	0.0614023870683724	0.0212639387910248	0.012738503023709	0.0514103009210977	0.0778461473098448	0.0207974928494751	0.0188625034551586	0.0262733359459184	0	0.036143104124641	0.0421553520263002	0.0190141756741206	0.0236701369384353	0.0241133994385032	0.0118210769511309	0.0192300334886166	0.0107688083518268	0.0106410662634581	0.00995748744920634	0.0195949210997203	0.00992939326374856	0.0222817159549005	0.0150507500909552	0.0351569293660847	0.0136505630404658	0.0143726686107238	0.023036696904029	0.0143129654985434	0.0133663320334357	0.021920716023395	0.013615697136025	0.0358635475758799	0.0135975217973814	0.0142856272442397	0.0169720490679226	0.0174678819742677	0.0587003227850219	0.0253932001841278	0.0101416604740388	0.0175829239435332	0.0202966130395247	0.0116943937398877	0.0213116622813999	0.010997226209728	0.0347635666042114	0.0190555421989142	0.0335771546453418	0.0107384439244889	0.013693869587004	0.0242010180128575	0.035983419763849	0.0254291628155244
OM3_C_8B_3	0.0120556110081286	0.0249040201087067	0.0132485530482587	0.0143782114041785	0.0231921265326335	0.0285076590420317	0.0598713979878289	0.0503283518437653	0.037795560301121	0.0254434141887883	0.0318234743491545	0.0231991216230431	0.0269422923734527	0.0202152206810887	0.0439218953349951	0.0176642993709928	0.0198735864053704	0.0110016315021691	0.036143104124641	0	0.0110882398415184	0.0173695363009113	0.0135513800166193	0.016395471673024	0.0312994904948982	0.0191479844904923	0.027846478187578	0.0321307111365429	0.0271879547495728	0.0238821154412545	0.0287246278457574	0.0241484857470172	0.0224834405379893	0.0147389110287302	0.0349089803639607	0.0248085868312119	0.0198982784164111	0.0254623000951326	0.024134552997839	0.0201542620200274	0.023294412767985	0.00788645611140286	0.0243332916726787	0.0271866738246267	0.026508138225717	0.0248605101534048	0.0237998315122504	0.0185091584370249	0.0268477317807024	0.0248449734653306	0.0239302894044453	0.0284814206251501	0.0184572985360524	0.0267935925960381	0.00523435608235351	0.0216510297250646	0.0171817537526044	0.0412292221186361	0.0230463249708612	0.0213586079878692	0.00975307478397338	0.0175243919826599
OM3_C_8C_1	0.0192089716404163	0.0173954982603184	0.0161786502303493	0.0214947720862744	0.0283533962976412	0.0207770989027808	0.052567048658695	0.0439703048437101	0.041461190142801	0.0285348321759415	0.0245293798465867	0.024268420495684	0.0309366987795234	0.0102546421133376	0.0369230479420084	0.0228494503735304	0.0242887961441816	0.0161751217818326	0.0421553520263002	0.0110882398415184	0	0.0248478948855078	0.0206706411949719	0.0208050261528309	0.035029280243113	0.0241341624093438	0.0323143166601376	0.0360274995061549	0.0326935638677743	0.0270293224294326	0.0333421723396326	0.0245425032954892	0.0277286392565984	0.0141979985229452	0.0373647093767406	0.0310588347114293	0.0221670642769458	0.0296540236616687	0.0312285294902452	0.0229689448669325	0.0296535180980276	0.00690521705325254	0.0298627060696118	0.0311369128723832	0.0296397235802595	0.0272709203347685	0.0189043470353345	0.0188517434216968	0.032807524133098	0.0271816298284444	0.0253381140142469	0.0323695047299051	0.0219485857305396	0.0315549181669259	0.00877409782352757	0.0255345982730028	0.0128192029384636	0.0448638544902994	0.0302223803767518	0.0229344717385942	0.0154108484809017	0.0188289523753468
OM3_C_8C_2	0.00610257607107554	0.0414402689970981	0.0110149143950448	0.00842178985143945	0.00785072552780075	0.0387206929690977	0.0741245611752984	0.0635300064172812	0.0220995573783556	0.0130737748146484	0.0459226536251741	0.0144275236904713	0.0127342314421746	0.0347235948430525	0.0605007604487276	0.00862616953301767	0.00908944099222316	0.00917362128929668	0.0190141756741206	0.0173695363009113	0.0248478948855078	0	0.0053546992124256	0.0115075156411141	0.0161506532511254	0.00643703904247783	0.0122526160063383	0.0166417415629568	0.0105212654197483	0.0144552993407995	0.0133527518392526	0.0161968611627184	0.00841688884352106	0.0209760536729848	0.0207598624436436	0.011029803861198	0.0135929896437864	0.0121120708637504	0.00871211575268922	0.0127821127121441	0.00634689703288631	0.0183571146800414	0.00823235576545639	0.0126516479713382	0.0151805140150007	0.0130688757490837	0.0407279780914322	0.0140167338982805	0.0098572502117736	0.0132248006841982	0.0141599705243094	0.0134829154326714	0.0102605707391917	0.0111226058778546	0.016959612439328	0.011615015866139	0.0202950107936196	0.0253231005286064	0.00692538052756922	0.0158845469767246	0.0193749945635995	0.0137734406642409
OM3_C_8C_3	0.00512530816212925	0.037092678753364	0.00714027663198903	0.01000097222524	0.0101625806727528	0.0365956083523662	0.0714856501841784	0.0614181913974382	0.0256524128110414	0.0157524441953863	0.0431225561709048	0.0147506928303676	0.0162392288134149	0.03081763555999	0.0567303716747615	0.0109107376541893	0.011634388994642	0.00690839229758704	0.0236701369384353	0.0135513800166193	0.0206706411949719	0.0053546992124256	0	0.0127430331453927	0.018659642263018	0.00650922426393685	0.0156693981294429	0.0194626465118088	0.0143670823263549	0.0171825373921284	0.0174102741410954	0.0166192023233203	0.0123650578696442	0.0197447465669514	0.0233394949306541	0.0158162924868604	0.0147877003049497	0.0157439618786122	0.0139465832197943	0.0143727628445806	0.0101785144499122	0.0139234063272591	0.0111261996560253	0.0144792461853454	0.0183155885323375	0.0144673712961803	0.0370279189529817	0.0127165881172912	0.0138329701999033	0.0146948814916851	0.0145308364433595	0.0164706260417383	0.0115683964540803	0.0148436121896588	0.0134930641781376	0.0143314857044002	0.0173775179420909	0.0288510474545439	0.0122164737456199	0.0171371237355254	0.0179677075433357	0.0135709580067144
OM3_C_8E_1	0.00808227073054974	0.0371601319739128	0.0126584441349494	0.00524669508104245	0.0151907980695833	0.0290329521074227	0.0650898529907852	0.0539528285345584	0.0249269276123178	0.0117600696072668	0.0374895101301838	0.0129109070828872	0.0133708029281854	0.0289049599281518	0.0542762175677625	0.00358395483936564	0.00590925713352735	0.00774410686128236	0.0241133994385032	0.016395471673024	0.0208050261528309	0.0115075156411141	0.0127430331453927	0	0.0211024423163445	0.0133894004912357	0.0162652421877711	0.0214647464013439	0.0168635933366525	0.00783825790031355	0.0153605111610702	0.0130741762311167	0.00926993260602406	0.0112036729062771	0.0227521963534077	0.0109442980692247	0.00528480287612118	0.0109771472634723	0.0124244287835789	0.00504639922486181	0.0151505909377415	0.0163760995419063	0.0161053500552289	0.0185428697885987	0.0109261173171905	0.0139775345173643	0.0355828544968215	0.0110789767123685	0.0172234854955584	0.0135822593234826	0.0142406293963665	0.0169218699945487	0.00501269132244642	0.0148691605056053	0.01328175899575	0.00613225152398959	0.0156029657558951	0.028536201754202	0.0123404199923043	0.00658874354634013	0.0133392578137049	0.00634708145286491
OM3_C_8E_2	0.0202122167840886	0.0523199218893477	0.0193260180606916	0.0217530998402672	0.00859529735330414	0.0459678176746818	0.0834617291730826	0.0730360537580594	0.00844247878022123	0.01074395352842	0.0557946492125659	0.0126116360943477	0.00919927317343911	0.0441451390220861	0.0715441210036842	0.0179565916293758	0.0152451191534525	0.0209479712223465	0.0118210769511309	0.0312994904948982	0.035029280243113	0.0161506532511254	0.018659642263018	0.0211024423163445	0	0.0123631865204451	0.00547240158219982	0.0013553723852428	0.00682711226461721	0.0171300552722384	0.00861151161853773	0.0140406312424282	0.0128227544574858	0.0307171969602917	0.00636328294174395	0.0163298307263854	0.0185321590275822	0.0119868220564807	0.0154893541991525	0.0178051850991464	0.0104089124474252	0.0287557473619782	0.00817909529967165	0.00445353913728146	0.0145609978744736	0.00882318137029955	0.0531432163791184	0.0171869499445552	0.00793663740642518	0.00927041506767961	0.0109451405143814	0.00449008285146306	0.0165818448419675	0.00713974167323874	0.0292250085345166	0.0161871884724124	0.0249917068175226	0.0109956013318675	0.0146800937317808	0.0200223848156313	0.0331833439298153	0.0195355957074424
OM3_C_8E_3	0.00897208804985493	0.0412327520088102	0.00811778598551439	0.0125497040031592	0.004392707364275	0.0382613445865864	0.0745695618115331	0.06441182944663	0.019722016949796	0.011011547782467	0.0463114275837277	0.0100182577769838	0.0113323271207194	0.0339630024794477	0.0608531229668618	0.0106368319522012	0.00953150561652986	0.00975398248975941	0.0192300334886166	0.0191479844904923	0.0241341624093438	0.00643703904247783	0.00650922426393685	0.0133894004912357	0.0123631865204451	0	0.0100086798151063	0.0132732097030264	0.00930774930326108	0.01467066630875	0.0125401588079604	0.0122115525299196	0.00931854794666417	0.0218989398113188	0.0170177367076467	0.0140702072982418	0.0131582749670705	0.0118000410809439	0.0124819461775592	0.0126160701453212	0.00634669543957816	0.0174287710585344	0.00586549872733838	0.00811533243093506	0.0146691039619813	0.0086953923636644	0.0417469124244176	0.0102765603465331	0.00922235594162032	0.00908892851429101	0.0091683931733572	0.0104756138381834	0.00989378220961144	0.0096127788843931	0.0177520201663652	0.0121223722052379	0.0171257760795484	0.0228653791296889	0.0107450741106087	0.0154974361802964	0.02251919101037	0.0125145453388197
OM3_C_8F_1	0.016157823724866	0.0496764352582931	0.0170320845152145	0.016858918404439	0.00626374769839291	0.0426583357208103	0.079956457441686	0.0691881200822657	0.0100533699178858	0.0066516774470875	0.0522772449190955	0.0106827733933052	0.00439257176683545	0.0414413337574308	0.0684508680478856	0.0130004304431852	0.0103727642220246	0.017232000343889	0.0107688083518268	0.027846478187578	0.0323143166601376	0.0122526160063383	0.0156693981294429	0.0162652421877711	0.00547240158219982	0.0100086798151063	0	0.00543114238874222	0.00343731251127761	0.0123695014714304	0.00385305585103023	0.0120373894794637	0.00749905348758935	0.026535867078147	0.0088101079316642	0.0109138410992598	0.014215525454523	0.0068936242085212	0.010364045988427	0.0133009185379184	0.0071783059970747	0.0261273295495948	0.00586509660659168	0.00550084629817432	0.0100745225813673	0.00682765277894747	0.0497593339447869	0.0148040235293784	0.00501808605837173	0.00702440598375902	0.00962743204704051	0.00179235865342781	0.0121770988330987	0.00168270840687991	0.0257242206693759	0.0112271059477486	0.0229840648461464	0.0134256110034398	0.00974003348378965	0.0157690849904773	0.0286390590763628	0.0157885442258889
OM3_C_8F_2	0.0208440093716281	0.0533482628834927	0.0203633340688267	0.0221096957956476	0.00932783563560171	0.0466453066065891	0.0841651538369878	0.0736343531074872	0.00723142579442619	0.0109256697330731	0.0565503863745999	0.0134240569040959	0.00908053289899803	0.0451228329352761	0.0724691178556996	0.0182834646776495	0.0155668002478535	0.0217068123387455	0.0106410662634581	0.0321307111365429	0.0360274995061549	0.0166417415629568	0.0194626465118088	0.0214647464013439	0.0013553723852428	0.0132732097030264	0.00543114238874222	0	0.00678839049022616	0.0171692569075319	0.00813297018589615	0.0147352333108493	0.0129234828960066	0.0312873937919119	0.00597043915544846	0.0160426510388907	0.0189210839991279	0.0118944692010747	0.0152711215533959	0.0181454515012167	0.0107667707102563	0.0297683476679664	0.00874138548648572	0.00557972479253702	0.0144485914371064	0.00957772725223731	0.0540278861623118	0.0180988441480048	0.00792759039434616	0.00995787570627086	0.011862756349052	0.00460975570987918	0.0170575537391932	0.00708124590144459	0.0300614751960961	0.016352244416206	0.0259925934221499	0.00982952138133799	0.0146021620759639	0.0203351804072152	0.0337191597929802	0.0201544423752182
OM3_C_8F_3	0.0154282629275048	0.0499385548810845	0.0170945794903179	0.0163706603219845	0.00509911702760503	0.0442569239574139	0.0811897401836986	0.0704158643773996	0.0118672172831993	0.00931046852530095	0.0532860979311531	0.0130042982211976	0.00696445944233212	0.0421891720440853	0.0689774331739614	0.0133495532318085	0.0112611394186358	0.0171447803997834	0.00995748744920634	0.0271879547495728	0.0326935638677743	0.0105212654197483	0.0143670823263549	0.0168635933366525	0.00682711226461721	0.00930774930326108	0.00343731251127761	0.00678839049022616	0	0.0142103013887312	0.00581201550844643	0.0146388048392289	0.00794572338194193	0.0274711145665931	0.0115937047456169	0.0107144776563207	0.0158379708161127	0.00874007131908011	0.00902376317937276	0.0148351215398875	0.00459408303074742	0.0262336748973854	0.00387857969996051	0.00592401342029688	0.0123952806006927	0.00930717205649936	0.0498540903797584	0.0163479860730401	0.00158802887139313	0.00959874319318287	0.0118802495337832	0.00498055187199472	0.0132952089479895	0.00340432837246851	0.0256951609282476	0.0125845297405559	0.0244066077158048	0.0148957402454836	0.00804073760881598	0.0176339006607124	0.0284194154396089	0.0172530055555145
OM3_C_9A_1	0.0139298242432871	0.0436512237987281	0.0167108077655923	0.0116378767223239	0.0144487967312217	0.0326108560149975	0.0695761975518822	0.0582676665710078	0.0188258940620908	0.00657268472731273	0.0426907191869248	0.010611314723372	0.00820581618868712	0.0346273892496297	0.0604071001924787	0.00706514985601059	0.00558792859250917	0.0137986795487925	0.0195949210997203	0.0238821154412545	0.0270293224294326	0.0144552993407995	0.0171825373921284	0.00783825790031355	0.0171300552722384	0.01467066630875	0.0123695014714304	0.0171692569075319	0.0142103013887312	0	0.0102937285241079	0.0100780530023442	0.00718214286112456	0.0168417875879565	0.0169620065320042	0.00870767800238785	0.00495116730245982	0.00569240491034145	0.0115739927183199	0.00413918522315472	0.0147971761228748	0.0225238949432384	0.0150612727500281	0.0161371748062336	0.00347645039213821	0.0107679616997937	0.0425202837998928	0.0121373288110086	0.0151645084079908	0.010156797202091	0.0118957507388136	0.0126894089830253	0.00624819614648192	0.0111746655216307	0.0204341131983176	0.00288976772724533	0.0185342895296058	0.0223667846256325	0.0121135349060706	0.00499877545895451	0.0209332957618028	0.00858670291957109
OM3_C_9A_2	0.0168381024807201	0.0506204210076113	0.0189406071300116	0.0163307950627356	0.00928421150622801	0.0421498718420312	0.0793541949863974	0.0682634379371285	0.0099408286161705	0.00599236722640075	0.0519883153524446	0.0119750667225977	0.00283216580038711	0.0421514440983202	0.0687827802875886	0.0122759300432796	0.00973795542190903	0.0180379585275621	0.00992939326374856	0.0287246278457574	0.0333421723396326	0.0133527518392526	0.0174102741410954	0.0153605111610702	0.00861151161853773	0.0125401588079604	0.00385305585103023	0.00813297018589615	0.00581201550844643	0.0102937285241079	0	0.0127676034497795	0.00655052309353412	0.0259255533273595	0.00985405046269413	0.00843583350281774	0.0133517434401819	0.00472301143128986	0.00892138834585205	0.0123185904938531	0.00924057552215202	0.0274682623443864	0.00885094816744882	0.00933870514112956	0.00765151967770265	0.00866960980258197	0.0501688731534492	0.0160197498631985	0.0071274547778333	0.00855246765267731	0.0115017482021678	0.00477475067534982	0.0119091365213115	0.00315398150716779	0.0264066751162511	0.0097397111968581	0.0241348391890602	0.0134616495965442	0.00905764460362349	0.014526702740278	0.0282028846841787	0.0157332264214372
OM3_C_9A_3	0.0155556125762386	0.0415246052520075	0.0128948212785183	0.0166059815698361	0.0127817105560294	0.032278104183418	0.0700038001369545	0.0597316377435059	0.0182655320560555	0.00708339205213351	0.0428356702283069	0.00231957473680993	0.0100447648238006	0.0322436194268829	0.0595112119117677	0.0121051874797942	0.00969951846521497	0.0138527179880105	0.0222817159549005	0.0241484857470172	0.0245425032954892	0.0161968611627184	0.0166192023233203	0.0130741762311167	0.0140406312424282	0.0122115525299196	0.0120373894794637	0.0147352333108493	0.0146388048392289	0.0100780530023442	0.0127676034497795	0	0.0114920747358746	0.0190698517808548	0.0136791548636569	0.0162316602355951	0.00841423137011847	0.0102570140407952	0.0174480501763676	0.00866845259352018	0.015345154788485	0.0197905188197572	0.0140654194984397	0.012460970608282	0.00968035927433805	0.00560597012032001	0.0423700888579447	0.00604164655210304	0.0158405044486399	0.0051575991546812	0.00407942358241207	0.0111416678029626	0.00852582856363985	0.0119652317728643	0.0202030966117703	0.00984521646740308	0.0128809876971878	0.0215356201911367	0.0169057049653825	0.00923429319541729	0.0246157820204482	0.00813198574650107
OM3_C_9C_1	0.0106549690353049	0.0448239909550005	0.0142595092391574	0.0098181199910931	0.00823805945924984	0.0373915503460191	0.0740883817263982	0.0630164077239898	0.0163947964845974	0.00585009553769365	0.0464394007026479	0.0105064596571298	0.00534130921331433	0.0366740579366771	0.0629066369832748	0.00589582565232094	0.00391063030589458	0.0120363056546079	0.0150507500909552	0.0224834405379893	0.0277286392565984	0.00841688884352106	0.0123650578696442	0.00926993260602406	0.0128227544574858	0.00931854794666417	0.00749905348758935	0.0129234828960066	0.00794572338194193	0.00718214286112456	0.00655052309353412	0.0114920747358746	0	0.0202260431361295	0.0151808271877712	0.00542945009263722	0.00878252982091029	0.00379537829260832	0.00596910432871382	0.00761595857637493	0.00775693574529284	0.0219407374089151	0.00851419552228489	0.0110794703470108	0.00698399359592753	0.00866077642789919	0.043973958120006	0.0124197075128328	0.00851176635262489	0.00844256848726752	0.0106915336127078	0.00860663017521262	0.00652146395038145	0.00590563687861867	0.0202740835233499	0.00501292380204367	0.020065245077225	0.0199353601415476	0.00567933347929939	0.0105396701468122	0.0217129730042874	0.0109502978391006
