	OM3_B_B_1	OM3_B_B_2	OM3_B_B_3	OM3_C_7A_2	OM3_C_7A_3	OM3_C_7B_1	OM3_C_7B_2	OM3_C_7B_3	OM3_C_7C_1	OM3_C_7C_2	OM3_C_7C_3	OM3_C_7G_1	OM3_C_7G_2	OM3_C_7G_3	OM3_C_7H_1	OM3_C_7H_2	OM3_C_7H_3	OM3_C_8A_1	OM3_C_8A_2	OM3_C_8A_3	OM3_C_8B_1	OM3_C_8B_3	OM3_C_8C_1	OM3_C_8C_3	OM3_C_8E_1	OM3_C_8E_2	OM3_C_8E_3	OM3_C_8F_2	OM3_C_8F_3	OM3_C_9A_1	OM3_C_9A_2	OM3_C_9A_3	OM3_C_9C_1	OM3_C_9C_2	OM3_C_9C_3	OM3_C_9D_1	OM3_C_9D_2	OM3_C_9D_3	OM3_C_9E_1	OM3_C_9E_2	OM3_C_9E_3	OM3_C_9F_1	OM3_C_9F_3	OM3_C_9G_1	OM3_C_9G_3	OM3_C_9H_1	OM3_C_9H_2	OM3_C_9H_3	OM3_H_3C_1	OM3_H_3C_2	OM3_H_3C_3	OM3_H_3D_2	OM3_H_3D_3	OM3_H_3E_1	OM3_H_3E_2	OM3_H_3E_3	OM3_H_3F_1	OM3_H_3F_2	OM3_H_3F_3	OM3_H_3G_2	OM3_H_3G_3	OM3_H_3H_1	OM3_H_3H_2	OM3_H_3H_3
OM3_B_B_1	0	0.00527107663555535	0.013447600969961	0.00413649877108551	0.014798648341964	0.0196200125777331	0.0225225698431315	0.0262848908108889	0.00336951670039122	0.0120307868253918	0.0211974061765848	0.00773021623792136	0.0255248016587195	0.020977110384954	0.00605976494210808	0.0143411308206854	0.0146161715568262	0.0142830711042553	0.0190911088078586	0.0294444800497141	0.00949947446674768	0.00801181191853324	0.00757139164951905	0.0204567030497575	0.0457604677159035	0.0419416090985171	0.0222891469817149	0.0197305626360845	0.0245763981690433	0.0118166502074541	0.0216345252832612	0.014033111307604	0.0220903975893366	0.021425515041927	0.0294897568983642	0.00870527911731826	0.0173129266939077	0.0213073850519886	0.00797196274097796	0.00807951227728846	0.0289546449395334	0.00263079485342675	0.0127955226862287	0.0291348357287551	0.0163488181150224	0.00953305194782996	0.0113242681011918	0.0151273265070379	0.012154281054718	0.0189107441272214	0.0359460792810501	0.010951403203852	0.0212770347179872	0.0145616291169304	0.0230121242545327	0.0421148076810379	0.0131085053519134	0.0163188462361006	0.0251357791088297	0.0221439902536025	0.0355470891827545	0.0123002541445652	0.0161564871307474	0.0185226890661528
OM3_B_B_2	0.00527107663555535	0	0.0105603466967042	0.00284626232808065	0.012378241997517	0.0166866103425195	0.0196006326919537	0.0225460352910936	0.00651400070893724	0.00913266298137201	0.0174107780358794	0.00512746482731313	0.0227649176281504	0.0177078534250962	0.0106663003378714	0.0118987640579849	0.0125295738848205	0.0116237888321236	0.0160103789159766	0.0248457402833595	0.0124161815114729	0.00648500064356241	0.00661738709279416	0.0170989204947471	0.0501107196310628	0.0459951136509106	0.0261580036571606	0.0176703750334272	0.0207147447737158	0.0107255065647052	0.0178580848729928	0.0117474888393007	0.0195120220719249	0.0177018345609099	0.0248894288883068	0.0119558361645093	0.0135212720354842	0.0179055105506184	0.00865629645004165	0.00681190183867175	0.0241870264681332	0.00681401342998871	0.0113640505464722	0.0335843324025447	0.0204992149046309	0.00834572611403361	0.0117985048778454	0.0120657024274805	0.00892792656900854	0.0173326371690368	0.0320860140212387	0.00906006780403759	0.0171374431728342	0.0118947120141549	0.0183543491167664	0.0383858031307209	0.0100996690796215	0.0122631990630133	0.0212710640511127	0.0179407645314505	0.0312975238316329	0.0110765336804914	0.0121271243682539	0.0149535061013847
OM3_B_B_3	0.013447600969961	0.0105603466967042	0	0.00984406355857411	0.00207161119678761	0.00635641206524005	0.0107713904628638	0.0155578154257579	0.0118373745746356	0.00341485754732195	0.0101452160657804	0.00647770560015564	0.0123119542319904	0.00825505771808144	0.0186408107119337	0.00195252510122093	0.00376226665494364	0.00358178178427563	0.00568316061782393	0.0180285492016755	0.013772713634581	0.00968548563207427	0.00645801058778202	0.00758415958861218	0.0587761522246773	0.0548151666244843	0.0351023023364935	0.0073491301776521	0.0121032779083512	0.00442415696723845	0.00893224866643757	0.001881661742074	0.00903566440001358	0.00863444702935141	0.0177188862174077	0.0141120103329338	0.00524246282586769	0.00804101201771399	0.00791562594408884	0.00584889286454395	0.0175492434925247	0.0148555045138864	0.00494739230191342	0.0411601837073287	0.02927764827303	0.00610916500450538	0.00896872903527549	0.00720740170258145	0.00612695490818834	0.0114583585388953	0.0237733813758066	0.0052709393904249	0.00876244343865721	0.00204723244682345	0.0121683421271145	0.0298359326980435	0.00208130700626259	0.00469675091019734	0.0133472565813052	0.0105712815058633	0.0233058524304906	0.00755827009235396	0.00981295025498668	0.00543975867974699
OM3_C_7A_2	0.00413649877108551	0.00284626232808065	0.00984406355857411	0	0.0113933085485338	0.0159278467289223	0.019570948558738	0.0233219172452258	0.00397281774361154	0.00890679626349251	0.0180235298071678	0.00373326873569001	0.0221246038761652	0.0176249530495048	0.00934770165468573	0.0110465825427974	0.0111089268958009	0.0112533422057346	0.0155129425334947	0.0258281256113426	0.00958910218468268	0.00701789128271544	0.00514184283411294	0.017014939726539	0.0494394434081062	0.045366934213431	0.025546884191108	0.0166252578881739	0.02107522839621	0.00893719005852071	0.0180535756331486	0.0106396342837195	0.0185632573940655	0.01784170012627	0.0257362267271929	0.00916987144239995	0.0137464718969884	0.0177077383743592	0.00630124796430377	0.00486853225409645	0.0250853306347531	0.00629587799549173	0.00952231473512285	0.0323524651033102	0.0197566871807018	0.00742768691931009	0.00921150976673438	0.0125529245851496	0.00947130572363609	0.0171699167866817	0.0326478976825498	0.00733523164835889	0.0173320366405605	0.010896043109007	0.0193519190193049	0.0388739335005227	0.00925483506458452	0.0125712181300271	0.0218355297032753	0.0186317978107113	0.0320003984383745	0.00905353446479101	0.0135359890581203	0.0146381543395822
OM3_C_7A_3	0.014798648341964	0.012378241997517	0.00207161119678761	0.0113933085485338	0	0.00515270677904693	0.0099521737740064	0.0154386703462684	0.0128879142140838	0.00472725047287128	0.0102582171916357	0.00806360178014752	0.0107981164233393	0.00753872205888659	0.0197943070382868	0.00119212087107326	0.00304678737810076	0.00382024699969918	0.00464767662073974	0.0181918389385241	0.0139877675642167	0.0110229145016961	0.00751723551016549	0.00695487370208016	0.0597715368546425	0.0559005036749062	0.0363052949990407	0.00541472694731933	0.0117478450565198	0.00417624580212903	0.00864944398215275	0.000883876248269454	0.00743122500419472	0.00830078940732297	0.0178135721319351	0.0144464818773341	0.00573981626800744	0.00726573232745044	0.00836366719878744	0.00694332865072484	0.0178357218540554	0.0161423153859697	0.00477070220795777	0.0419996411742386	0.0304528632492752	0.00688428116907268	0.00885185824703704	0.00791590054219852	0.00746638667815318	0.0109692999126327	0.0231889694026676	0.00610840408620008	0.00887818904301117	0.00186097491398137	0.0127732147126	0.029086646412203	0.0034247569434878	0.00574550275324097	0.0131246688859489	0.0108168515792965	0.0229442179175581	0.00789991860216101	0.0110755542227602	0.0052684928139072
OM3_C_7B_1	0.0196200125777331	0.0166866103425195	0.00635641206524005	0.0159278467289223	0.00515270677904693	0	0.00917619277600339	0.014307063934722	0.017652170249594	0.00916068581334039	0.00988859270283734	0.0123071271518935	0.00691393018921086	0.00605099952551052	0.0244337838131026	0.0059761279635624	0.00572681028454691	0.00769066360290272	0.00248593928147934	0.0154099270777079	0.0181094367142388	0.0157948536745089	0.0125907543219268	0.00539705447116159	0.0644047298175046	0.0603357382636106	0.0407182732464859	0.00457845625556269	0.00918980876427587	0.00883950726035064	0.00648931107104	0.00583392145946849	0.00308747368312925	0.00611692828929992	0.0146020221559323	0.0187150733409753	0.00634023541373394	0.00429112978245513	0.0132674801805209	0.0116725696892335	0.0146091561059788	0.021127933130412	0.00817962451868059	0.0462946371906414	0.0349965214871006	0.0119617784361954	0.0124790200895072	0.0109447755007979	0.011406198074103	0.0134300066594551	0.0200823316799288	0.00968522575469711	0.00592897982617394	0.00508452410701628	0.011129876149277	0.0257771335872704	0.00674282629241203	0.0066828366642016	0.0112506374781773	0.00938372645052587	0.0194773514613543	0.0105883238622058	0.0133795659864579	0.00302225500232063
OM3_C_7B_2	0.0225225698431315	0.0196006326919537	0.0107713904628638	0.019570948558738	0.0099521737740064	0.00917619277600339	0	0.00694049786514108	0.0214073446983946	0.0106682274080515	0.00489981746411558	0.0168429609756238	0.00744280387419928	0.00352180093939853	0.0281883888443542	0.00950891556817378	0.0126684323672326	0.00838123939261244	0.00699398712198915	0.0127444531361294	0.0231510780937588	0.0158326149508505	0.0152717396069197	0.00441204858769027	0.0677246744053387	0.0642679217598992	0.044753680225823	0.00758688636836261	0.00565338980287016	0.0134714725514817	0.00544451662579688	0.0107679961079792	0.0094028204761535	0.00540464919194214	0.0131067454983901	0.0235309508333308	0.00731758309802141	0.00572384419151256	0.0168917513147484	0.0159395959183772	0.0147066055410786	0.0230655582850211	0.0146680592094207	0.050789028949406	0.0387729409709029	0.0132542199848379	0.0184275309112569	0.0083114652803159	0.0110388452938693	0.00759564004300351	0.0144482066401286	0.0159275095412029	0.00964409584615502	0.0112978268607608	0.0102909775977464	0.0201176140268482	0.0125427986327363	0.00921054207019906	0.00564826027359691	0.00693701037018395	0.0154821853026217	0.0178132069503394	0.0107818406021559	0.0094223612028029
OM3_C_7B_3	0.0262848908108889	0.0225460352910936	0.0155578154257579	0.0233219172452258	0.0154386703462684	0.014307063934722	0.00694049786514108	0	0.0258811823567106	0.0148859858405732	0.00550233109633946	0.0209089231974384	0.0123333936486006	0.008495599547646	0.0322630101823084	0.0149051972004602	0.0181344976231638	0.0132763610427602	0.0121888752260458	0.0085196634317359	0.0287276118027692	0.0189691268008289	0.0198485493459952	0.00905824819925685	0.0715666190858941	0.0680332759149886	0.0484266126025695	0.0141668842986711	0.00592287031286373	0.0191154394860602	0.00809079835556622	0.0162083239929056	0.014928322859949	0.00839721796006043	0.00986059323994222	0.0289730981899442	0.0106477037075708	0.0100675382120328	0.0221483493494248	0.020664810237715	0.0120935400015077	0.0266488321012889	0.0201559622767558	0.0552886730500386	0.0425646469750078	0.0179007301555263	0.0241701721645935	0.0113121254622796	0.0141359538245735	0.0118995692320938	0.0103749524277317	0.0207693160917686	0.0116934845940703	0.0163956299404618	0.0086602506646461	0.0163906163579347	0.0170912745098968	0.0121715221642064	0.00349277709945765	0.00658557415370955	0.0112143825627779	0.0229205595456191	0.0110940728551217	0.013429169032578
OM3_C_7C_1	0.00336951670039122	0.00651400070893724	0.0118373745746356	0.00397281774361154	0.0128879142140838	0.017652170249594	0.0214073446983946	0.0258811823567106	0	0.0110825650915092	0.0206325088999261	0.00637575119768254	0.0236104059900953	0.0197091812346985	0.0069521610641729	0.0126116797776643	0.012273744991762	0.0130850288454667	0.017416297944932	0.028975371222751	0.00634458910308676	0.00877657510480398	0.0061587737455136	0.0191722288192243	0.0469632417067453	0.0431159562241636	0.0235624349120695	0.0176296207463212	0.0236099373684707	0.0093913442329248	0.0205404212222683	0.0120531334306508	0.0199095522317336	0.02028339952208	0.0288477849788078	0.00569079831069039	0.016363358097338	0.0198474868493263	0.00535795023592406	0.00602685567268527	0.02833530483918	0.00535365045805724	0.0101899283220454	0.0295718766451171	0.0176236145699744	0.00843947493087427	0.0080934290637632	0.0148192856856713	0.0119832301320547	0.0181888484390104	0.0351346257130601	0.00864676813568383	0.0200886841142027	0.0126016574454415	0.0226049027252753	0.0412182632226941	0.011367135728551	0.0154241256171986	0.0244221460061025	0.0215177094878206	0.0347892925196739	0.00960520952809977	0.0165844372704941	0.016961600394634
OM3_C_7C_2	0.0120307868253918	0.00913266298137201	0.00341485754732195	0.00890679626349251	0.00472725047287128	0.00916068581334039	0.0106682274080515	0.0148859858405732	0.0110825650915092	0	0.00959242632398903	0.00651070525183792	0.0141255877006778	0.00897455607383212	0.0177336817355495	0.00371475603287457	0.00690377134234396	0.00249732388025783	0.00774241255468811	0.0184769704934381	0.0142054837668387	0.00666205898389439	0.00508712381327177	0.008504150098317	0.0576507185202947	0.0539091772325354	0.0342346538451496	0.00917089275151564	0.0127151411937246	0.00573828777579827	0.0098248213075614	0.00458550881749511	0.0116651304231967	0.009606587518076	0.0185400326027013	0.0143279353350534	0.00569737128399163	0.00959229600520763	0.00760067832398988	0.00587914999891869	0.0186062375598939	0.0129470227079682	0.007401668427659	0.0406379212756352	0.02831433799524	0.00387612987978382	0.0104277003580819	0.00459555556182123	0.0028803255429962	0.00953848004604712	0.024086420482391	0.00719093332881761	0.0105859763674857	0.00543474470913833	0.0125069931482437	0.0302019330833915	0.00496652137709178	0.00546783556973894	0.0133660762160003	0.0107461693954784	0.0239079578032776	0.00984547803379255	0.00744643625286796	0.00798249673358849
OM3_C_7C_3	0.0211974061765848	0.0174107780358794	0.0101452160657804	0.0180235298071678	0.0102582171916357	0.00988859270283734	0.00489981746411558	0.00550233109633946	0.0206325088999261	0.00959242632398903	0	0.0154530688081076	0.0104635854234735	0.00451114270873889	0.0270995711788511	0.0096972100840397	0.0129512716278589	0.00812137405023135	0.00758488213749666	0.010003243143831	0.0234962498129993	0.0143606769527865	0.0146508830477793	0.00471249274510356	0.0667822550494969	0.0630744751525247	0.0433630108026056	0.0102568297455891	0.00458200284934214	0.0139199581881603	0.00410841663460511	0.0109753508112571	0.0113356447731368	0.00432175413561137	0.0106252922686766	0.0237375010317599	0.00520261273241231	0.00614823038781354	0.0169754735616245	0.0152756517720978	0.0118268129903161	0.0218139746075788	0.0148744677019423	0.0501330122596034	0.0375107173954896	0.0129214245054663	0.0189244649676402	0.00670090730976903	0.00917748145381331	0.00952192468771886	0.0147988004925369	0.0153144417607646	0.00767266236900165	0.0111074385098904	0.00618378746342012	0.0210320419806196	0.0116466726815222	0.00675989328588372	0.00404604429219972	0.00308357661191549	0.0147691384735166	0.0175352762392484	0.00711302825870875	0.00856944910914305
OM3_C_7G_1	0.00773021623792136	0.00512746482731313	0.00647770560015564	0.00373326873569001	0.00806360178014752	0.0123071271518935	0.0168429609756238	0.0209089231974384	0.00637575119768254	0.00651070525183792	0.0154530688081076	0	0.0187077568614109	0.0145430419248728	0.0126056724480327	0.00791355149194439	0.00758153146987101	0.00864363959407557	0.0120850020545016	0.022986408064277	0.0100439884634302	0.00781685889537363	0.00420046465154772	0.0138636283832825	0.0527867352000349	0.0486255074236825	0.02881293589968	0.0134171615236034	0.018020128877179	0.00617580955423466	0.0148967373479654	0.00731355363415216	0.0149901983528537	0.0146579657130177	0.0227254417415326	0.0100170228014504	0.0107321092280647	0.014351702141475	0.00555260638214522	0.00255744004488918	0.0220631859797348	0.00974143025834717	0.00628651297993653	0.0352666869628447	0.0230843716535836	0.00628748203595781	0.00742685733765888	0.010786480320026	0.00796293183025776	0.0156398223249358	0.0297416925579991	0.00394606609774603	0.0139225963376612	0.00730862958974009	0.0165832649933507	0.0359397645485607	0.00558932405465256	0.00948257045139407	0.0190438082361176	0.0157940970300391	0.0289904189916722	0.00619981772194236	0.0121708390461838	0.0110550071845984
OM3_C_7G_2	0.0255248016587195	0.0227649176281504	0.0123119542319904	0.0221246038761652	0.0107981164233393	0.00691393018921086	0.00744280387419928	0.0123333936486006	0.0236104059900953	0.0141255877006778	0.0104635854234735	0.0187077568614109	0	0.00645882636973817	0.030537527124632	0.0111904426054668	0.0120768555204656	0.0118841190750215	0.00681696195259197	0.0142163747794949	0.0237094237991425	0.0204816223919911	0.0180637371350663	0.00671687835091974	0.0702826283707391	0.0665075460595779	0.0470236124199489	0.00633078285485884	0.00778812228607522	0.0143817575702453	0.00743995308660976	0.011620339454844	0.00478721875035992	0.0072313855445222	0.0135271578645712	0.024366237914035	0.0103265556490072	0.00565959715138906	0.0187164039225563	0.0177306643000794	0.0146447434652674	0.0266585272932736	0.0143942917998189	0.0523166211516057	0.0411807257116452	0.0167241943277964	0.0182276051879345	0.0139675587045002	0.0157420277531382	0.0137404755659447	0.0152749508353964	0.0162847285449505	0.0092688179290105	0.0115244518475206	0.0127647331841303	0.0202081354398318	0.0133096478740358	0.0116261932433705	0.00959351490635589	0.010356497464499	0.0156416606690727	0.0171372983665374	0.0165376702437629	0.00889034065609729
OM3_C_7G_3	0.020977110384954	0.0177078534250962	0.00825505771808144	0.0176249530495048	0.00753872205888659	0.00605099952551052	0.00352180093939853	0.008495599547646	0.0197091812346985	0.00897455607383212	0.00451114270873889	0.0145430419248728	0.00645882636973817	0	0.0265350642469477	0.0073464274201153	0.00999418282464787	0.00684969876355503	0.00381954261727274	0.0119646697731058	0.0214004603257239	0.0150064090641477	0.0137284145829609	0.000916224888225574	0.0664947083008619	0.062748242889634	0.0430690526496024	0.00602985497895263	0.00465959911638178	0.0115249484926862	0.00261974706718005	0.00840022843458106	0.0069686963500325	0.00238518621467489	0.0118958676052808	0.0218202722926523	0.00458266698709751	0.00239421519045612	0.0153320775342685	0.0139060585918963	0.012898761170032	0.0218827778991291	0.0121942277977967	0.0491818663241046	0.0371746674015763	0.0121361738245709	0.0163327132185848	0.00786543322379833	0.00989390389075844	0.00950280313287161	0.0157025466015012	0.0133145884716858	0.0063367564963838	0.00851506909279733	0.00834358697569986	0.021650389527285	0.00973776551355371	0.00633651857252876	0.0059205513984461	0.00526857479286383	0.0158007274650341	0.0150938180564362	0.0100869482577226	0.00594747376581584
OM3_C_7H_1	0.00605976494210808	0.0106663003378714	0.0186408107119337	0.00934770165468573	0.0197943070382868	0.0244337838131026	0.0281883888443542	0.0322630101823084	0.0069521610641729	0.0177336817355495	0.0270995711788511	0.0126056724480327	0.030537527124632	0.0265350642469477	0	0.0195303494690828	0.0189779463018972	0.0198752092047067	0.0242758587439821	0.0351603620353735	0.0098535845594336	0.013957898853558	0.0129374970601565	0.0259838826617404	0.0402147060514177	0.0362443342220964	0.0166339903244266	0.0245606479963257	0.0302655632468953	0.0162793001708047	0.02722490325119	0.0189541745447193	0.0267273087667105	0.0269899038251981	0.035072617511101	0.00883838434333608	0.0229557663895066	0.0266659185543291	0.0121521139439226	0.0128702986871059	0.0343481247026808	0.00669650413621053	0.0167801421138969	0.0231274176085347	0.0106814287281718	0.0150485529199269	0.013989091529408	0.0210938794559113	0.0181449971143711	0.0244353303931712	0.0417735903118385	0.0150306290016391	0.0265182093008983	0.019374709911323	0.0286779387036276	0.0479215325489221	0.0179840792820311	0.0218686737433004	0.0309797449389236	0.0279230958504097	0.0412976809208781	0.0154201566586217	0.0221917467734185	0.0235875399413405
OM3_C_7H_2	0.0143411308206854	0.0118987640579849	0.00195252510122093	0.0110465825427974	0.00119212087107326	0.0059761279635624	0.00950891556817378	0.0149051972004602	0.0126116797776643	0.00371475603287457	0.0096972100840397	0.00791355149194439	0.0111904426054668	0.0073464274201153	0.0195303494690828	0	0.00408672116111504	0.00266838117643035	0.00499971798141349	0.0180925513931971	0.0141122061108947	0.0100538369584715	0.00692894377642711	0.00682401044268835	0.0594984549402768	0.055704043910251	0.0361033484795728	0.00579053430009168	0.0116209614824223	0.00428868064636649	0.00856653025447248	0.00151157070780843	0.00822114112127393	0.00823985696131781	0.0178479269650938	0.0145017367440531	0.00535964220335634	0.00743620861340103	0.00810683772723929	0.00675019086694678	0.017968743326499	0.0155350253450236	0.00545976361621788	0.0419202471823706	0.0302070703629772	0.00599447675747302	0.00926769260249045	0.006806949086721	0.00639931056953197	0.00998387543447886	0.0230423800496647	0.00653126827455801	0.00919476773994261	0.00277958479575038	0.012600145436127	0.0289772731492551	0.00383352440796252	0.00550159688764139	0.0128004207735077	0.0105296595210054	0.0229093034450178	0.00858260293137558	0.0101399756511469	0.00582028456678261
OM3_C_7H_3	0.0146161715568262	0.0125295738848205	0.00376226665494364	0.0111089268958009	0.00304678737810076	0.00572681028454691	0.0126684323672326	0.0181344976231638	0.012273744991762	0.00690377134234396	0.0129512716278589	0.00758153146987101	0.0120768555204656	0.00999418282464787	0.0189779463018972	0.00408672116111504	0	0.00670846199538164	0.00647590677180846	0.0200087080536921	0.0124551402807291	0.0125170352165056	0.00807433424631243	0.00932852786443832	0.0587799834412624	0.0547214707789827	0.0351985383451389	0.00689957718133103	0.0139097803776763	0.00383314733138269	0.0107874653149459	0.00261891051524272	0.00782312721380361	0.0104291518183515	0.0193756070878948	0.013040573979557	0.0081217796938816	0.00914380889418789	0.00804624093605879	0.00656100404072144	0.0190547916226637	0.0163324713901178	0.00245892280066085	0.0405863567751566	0.0294828573816801	0.00833325371130168	0.0068851024201432	0.010744304792059	0.00975017516366633	0.0138381037701344	0.0253239934391458	0.00433909323709103	0.00996063010975912	0.00201781552570526	0.0145685008431636	0.0311485115109223	0.00321579262824684	0.00762498386032972	0.0155600701630385	0.0130481733871057	0.024801966902906	0.00528852222400714	0.0135521545359022	0.00617880288773156
OM3_C_8A_1	0.0142830711042553	0.0116237888321236	0.00358178178427563	0.0112533422057346	0.00382024699969918	0.00769066360290272	0.00838123939261244	0.0132763610427602	0.0130850288454667	0.00249732388025783	0.00812137405023135	0.00864363959407557	0.0118841190750215	0.00684969876355503	0.0198752092047067	0.00266838117643035	0.00670846199538164	0	0.00593851471795485	0.0173258179406903	0.0154578570028622	0.00861494240793449	0.00697507635121648	0.00649510303538977	0.0597020456670051	0.0560530101772007	0.0364532639061511	0.00703222544057073	0.010962462258695	0.00611095684682108	0.00815506338247752	0.00410977168842184	0.00985379813061734	0.0079038458545608	0.0173815192204062	0.0157033781813295	0.00464768080485215	0.00770343977278935	0.00891519388328791	0.00765816988565187	0.0177371891363043	0.0151072553441996	0.00781753605337897	0.0425941779695302	0.0304999205940496	0.00530548170707952	0.0112087589484992	0.00417772238807832	0.00432370353477076	0.00795120465966174	0.0221697261922464	0.00839836677680322	0.0096446248011473	0.00518980423340475	0.0118253424395887	0.0281716006803763	0.00563718847426097	0.00521170073074302	0.0116642812583171	0.00954047689169152	0.0222414957796499	0.0107774207141699	0.00789340316593394	0.00702228523873353
OM3_C_8A_2	0.0190911088078586	0.0160103789159766	0.00568316061782393	0.0155129425334947	0.00464767662073974	0.00248593928147934	0.00699398712198915	0.0121888752260458	0.017416297944932	0.00774241255468811	0.00758488213749666	0.0120850020545016	0.00681696195259197	0.00381954261727274	0.0242758587439821	0.00499971798141349	0.00647590677180846	0.00593851471795485	0	0.0142639436618391	0.0185236738275784	0.0143640664983549	0.0118510892162369	0.00313521087577175	0.0643416024749799	0.0604118594313105	0.0407377267206349	0.00419598318293035	0.00758199489644899	0.00876993558862561	0.00467560330991316	0.00550009488473673	0.00454073413311311	0.0042834614261491	0.0137613498292816	0.0190311337780601	0.00435393264382755	0.00271675314647713	0.0129915817526021	0.0114175358556391	0.0140763348785803	0.020357941819853	0.00883804173539787	0.0465775545447718	0.034920531095754	0.0108113553755111	0.013145746027225	0.0087373809582409	0.00963771113496689	0.0112531372114046	0.0188533266389351	0.0101365428734733	0.00554452598614238	0.00521872527473803	0.00978418832938997	0.0247141492404458	0.00673828780319778	0.00526087950409507	0.00935817548212152	0.00755342987200582	0.0185034759321944	0.0115914201376583	0.0112735892858102	0.00303157571945748
OM3_C_8A_3	0.0294444800497141	0.0248457402833595	0.0180285492016755	0.0258281256113426	0.0181918389385241	0.0154099270777079	0.0127444531361294	0.0085196634317359	0.028975371222751	0.0184769704934381	0.010003243143831	0.022986408064277	0.0142163747794949	0.0119646697731058	0.0351603620353735	0.0180925513931971	0.0200087080536921	0.0173258179406903	0.0142639436618391	0	0.0317654782949393	0.0233503369773885	0.0234610878553015	0.0119959786577614	0.0748941185057786	0.0707186146684015	0.0508654134456386	0.0175096924692552	0.0074857778656893	0.0222439291561542	0.00980104902898003	0.018931805501227	0.0161863529711244	0.0101709719893452	0.00205165229501127	0.032081904751153	0.012995627165665	0.0118066062697436	0.0257375284832094	0.0234528457585094	0.00441081286913804	0.0304002816793172	0.0222336343402411	0.0580825336447863	0.045305848203782	0.0222198629296953	0.026701358998821	0.0163430784861856	0.018202596304296	0.0191753710055199	0.0100771926966918	0.0224522596967384	0.0104103677672777	0.0183230562196715	0.00652785485975307	0.0160131035349923	0.0187393574943545	0.0136662566565104	0.00721394431810547	0.00780263985625445	0.00728303898203002	0.0241743963973457	0.0149101821383045	0.0139331010272441
OM3_C_8B_1	0.00949947446674768	0.0124161815114729	0.013772713634581	0.00958910218468268	0.0139877675642167	0.0181094367142388	0.0231510780937588	0.0287276118027692	0.00634458910308676	0.0142054837668387	0.0234962498129993	0.0100439884634302	0.0237094237991425	0.0214004603257239	0.0098535845594336	0.0141122061108947	0.0124551402807291	0.0154578570028622	0.0185236738275784	0.0317654782949393	0	0.013908409844899	0.00968967022625761	0.0208942638815371	0.0471506489242357	0.0433875229326683	0.0246798763672652	0.0176070267102912	0.0256940803772206	0.00987923003831146	0.0225679280841916	0.013138073990322	0.0196393112267616	0.022237377555422	0.0313574364038124	0.001060209551017	0.0189510485526059	0.0212130723958479	0.00677821351969061	0.00871823092236186	0.0308904364687693	0.01102050455726	0.0100333869597003	0.0287448173149374	0.019083127294434	0.0115968988485653	0.00575017018882738	0.0183335687572089	0.0160191029295495	0.020375527528115	0.0370844001406104	0.00972280805486434	0.0220046365100873	0.0136844130720208	0.0257214020745225	0.0428683245134164	0.013137567228747	0.0182124614117007	0.0268794995287102	0.0243091849339258	0.0369135121458048	0.00905927743903311	0.0210410284787809	0.0183865353704983
OM3_C_8B_3	0.00801181191853324	0.00648500064356241	0.00968548563207427	0.00701789128271544	0.0110229145016961	0.0157948536745089	0.0158326149508505	0.0189691268008289	0.00877657510480398	0.00666205898389439	0.0143606769527865	0.00781685889537363	0.0204816223919911	0.0150064090641477	0.013957898853558	0.0100538369584715	0.0125170352165056	0.00861494240793449	0.0143640664983549	0.0233503369773885	0.013908409844899	0	0.00531120974946301	0.0146885151097392	0.0526329081968447	0.0492071220195409	0.0298170011470601	0.0152862844567725	0.0183523748633845	0.00984365904181078	0.0158344875984816	0.0106179251463818	0.0182206620320393	0.0156910394621473	0.0237664039575942	0.0135463390908447	0.0117421416988649	0.0160202916940964	0.0081062762380083	0.00757643995007016	0.0238173731391815	0.00775619043296494	0.0118840040486492	0.0367328850367018	0.0238796931421424	0.0048379498202978	0.0127897972334089	0.00783279824260335	0.00533832697840781	0.0117430786684642	0.0290220236396287	0.0108119016903961	0.016736639708458	0.0115541237770323	0.0173389709768142	0.0350935248706344	0.0105278197217954	0.0113594183980747	0.0183983705800983	0.0159437919794017	0.0290622255378444	0.0133393383087007	0.009073848460708	0.0145039146852851
OM3_C_8C_1	0.00757139164951905	0.00661738709279416	0.00645801058778202	0.00514184283411294	0.00751723551016549	0.0125907543219268	0.0152717396069197	0.0198485493459952	0.0061587737455136	0.00508712381327177	0.0146508830477793	0.00420046465154772	0.0180637371350663	0.0137284145829609	0.0129374970601565	0.00692894377642711	0.00807433424631243	0.00697507635121648	0.0118510892162369	0.0234610878553015	0.00968967022625761	0.00531120974946301	0	0.0132599692046852	0.0527931495212549	0.0491072725207312	0.0295513596936634	0.012236432563105	0.0177135539696014	0.00498638281667901	0.0147336087741161	0.0068218569221028	0.0148979260288168	0.0144806889276065	0.0234422786632082	0.00962259642539672	0.0106264577417843	0.0141378631099084	0.003240125886544	0.00258657662509916	0.023283333040929	0.00865627368608273	0.00689068405313609	0.0356530106931067	0.0235764688856318	0.00254012145693629	0.007524174852971	0.00890432021729327	0.00636223151596232	0.0124715910120906	0.0290872693658844	0.00604747767338959	0.0149644916655063	0.00775599479081137	0.0173152021792343	0.0351311106913248	0.00683339850067983	0.0100388104018864	0.0184288303415365	0.0157906858327721	0.0289567813859945	0.00834051390162463	0.0113984228801249	0.0118724920861357
OM3_C_8C_3	0.0204567030497575	0.0170989204947471	0.00758415958861218	0.017014939726539	0.00695487370208016	0.00539705447116159	0.00441204858769027	0.00905824819925685	0.0191722288192243	0.008504150098317	0.00471249274510356	0.0138636283832825	0.00671687835091974	0.000916224888225574	0.0259838826617404	0.00682401044268835	0.00932852786443832	0.00649510303538977	0.00313521087577175	0.0119959786577614	0.0208942638815371	0.0146885151097392	0.0132599692046852	0	0.0660136917909795	0.0621983873230399	0.0424864500388198	0.00594281238036871	0.00490613656159714	0.0110227487555045	0.0022895946207016	0.00781105785808218	0.0066545890500185	0.00196957147391789	0.0118339366897051	0.0213146964454501	0.00388260290065203	0.00186461691639113	0.0148769428474857	0.0133163438180208	0.0126388211725809	0.0214474859035874	0.0115555473897182	0.0486350416639589	0.0366185353279132	0.0117956954748693	0.015776840852044	0.00775977856821263	0.00954654982790689	0.00997439393116336	0.0162636449631291	0.0125958477300949	0.00557958962724261	0.00779852855882513	0.00799080303831976	0.0222620650432603	0.00897296940963084	0.00554984692840725	0.00634918512227196	0.00510654306963379	0.0161434367730068	0.0143675518208214	0.009875108724357	0.00505579702618133
OM3_C_8E_1	0.0457604677159035	0.0501107196310628	0.0587761522246773	0.0494394434081062	0.0597715368546425	0.0644047298175046	0.0677246744053387	0.0715666190858941	0.0469632417067453	0.0576507185202947	0.0667822550494969	0.0527867352000349	0.0702826283707391	0.0664947083008619	0.0402147060514177	0.0594984549402768	0.0587799834412624	0.0597020456670051	0.0643416024749799	0.0748941185057786	0.0471506489242357	0.0526329081968447	0.0527931495212549	0.0660136917909795	0	0.00698679423056001	0.0246759921623747	0.0640786048830027	0.0702829431270788	0.0559492880118858	0.0673206203919124	0.0589244873804916	0.0664298501064747	0.0670936159345224	0.074935486507385	0.046318326345722	0.0630322846775642	0.0667728186297207	0.0516270798811296	0.0529640746584905	0.0740651342043674	0.0450083546697297	0.0564179559728564	0.019557829121554	0.0298360971060736	0.0545350699819407	0.0527044204687808	0.0603781396207364	0.0576274703758481	0.0625009099549096	0.0814992009746621	0.0549301408465815	0.066644684450901	0.059427201246432	0.0684296898448746	0.0875491829957319	0.0581267443876063	0.061978820345118	0.0707698428456943	0.0678317303028809	0.0812070857237515	0.0546715561554845	0.0610728904960143	0.0637391052526533
OM3_C_8E_2	0.0419416090985171	0.0459951136509106	0.0548151666244843	0.045366934213431	0.0559005036749062	0.0603357382636106	0.0642679217598992	0.0680332759149886	0.0431159562241636	0.0539091772325354	0.0630744751525247	0.0486255074236825	0.0665075460595779	0.062748242889634	0.0362443342220964	0.055704043910251	0.0547214707789827	0.0560530101772007	0.0604118594313105	0.0707186146684015	0.0433875229326683	0.0492071220195409	0.0491072725207312	0.0621983873230399	0.00698679423056001	0	0.0199201425176708	0.0604262072577129	0.066398360585011	0.0521665705452251	0.0633814563429543	0.0550400544007253	0.0624617003477695	0.0631572814385332	0.0706472468392789	0.0425702056784023	0.0590885436408881	0.062839378437359	0.0479855633307065	0.0490289012931438	0.0695771018259812	0.041499132341161	0.0523660353315287	0.0154430418176297	0.0256350607351122	0.0510414360133689	0.0487658460996718	0.0568848855185609	0.0539902908044299	0.0595937424287357	0.0778205580645503	0.050716157725005	0.062343681658792	0.0553770934783382	0.0642218063302056	0.0839852358695524	0.0539785612305832	0.0578933026734188	0.0670172354650409	0.0638628041835253	0.0772173606355529	0.0503368738673392	0.0573921162048243	0.0595480396017138
OM3_C_8E_3	0.0222891469817149	0.0261580036571606	0.0351023023364935	0.025546884191108	0.0363052949990407	0.0407182732464859	0.044753680225823	0.0484266126025695	0.0235624349120695	0.0342346538451496	0.0433630108026056	0.02881293589968	0.0470236124199489	0.0430690526496024	0.0166339903244266	0.0361033484795728	0.0351985383451389	0.0364532639061511	0.0407377267206349	0.0508654134456386	0.0246798763672652	0.0298170011470601	0.0295513596936634	0.0424864500388198	0.0246759921623747	0.0199201425176708	0	0.0410712460836487	0.0466044349535508	0.0327518562694405	0.0435839716729844	0.0354527791000066	0.0430050968840654	0.0433673196117887	0.0507693021741321	0.0237865323629636	0.0392844673111404	0.043109635875884	0.0286653404772879	0.0293850808568292	0.0497185642734063	0.0221446297900711	0.0329167799755667	0.00984116120928041	0.0060728524190135	0.0316038050965644	0.0296790277702597	0.0373487112871549	0.0343648320875636	0.0406283266049591	0.0580969139738116	0.0310834388580484	0.0424840374353171	0.0357198705097907	0.0443541494033725	0.0643172456937515	0.0342312490477329	0.0380395907335217	0.0472718457808348	0.0440318027985331	0.0573787048547973	0.0309215502836836	0.0378038736986274	0.0397687922147618
OM3_C_8F_2	0.0197305626360845	0.0176703750334272	0.0073491301776521	0.0166252578881739	0.00541472694731933	0.00457845625556269	0.00758688636836261	0.0141668842986711	0.0176296207463212	0.00917089275151564	0.0102568297455891	0.0134171615236034	0.00633078285485884	0.00602985497895263	0.0245606479963257	0.00579053430009168	0.00689957718133103	0.00703222544057073	0.00419598318293035	0.0175096924692552	0.0176070267102912	0.0152862844567725	0.012236432563105	0.00594281238036871	0.0640786048830027	0.0604262072577129	0.0410712460836487	0	0.0102571130830576	0.00833083735358901	0.00801852746705724	0.00611032203274523	0.00421509948908202	0.00764186603095515	0.0170621445583133	0.0182281653729216	0.0078664839221751	0.00583065504892657	0.0125446210992505	0.0119844230730638	0.0177078005822472	0.0208291505455665	0.00886959297219594	0.0462040189149467	0.0351787109489606	0.0109908004458805	0.0123586980459825	0.010321166386728	0.0113433732750291	0.0104590663955085	0.0202716810339981	0.011018866035921	0.00959020564958874	0.00663383891801446	0.0136862885702705	0.0256375770149592	0.00859369305222491	0.00891130665732984	0.0117748338272134	0.0110324767075549	0.0206550760634596	0.0120491689001049	0.0139137391200264	0.00685274430522824
OM3_C_8F_3	0.0245763981690433	0.0207147447737158	0.0121032779083512	0.02107522839621	0.0117478450565198	0.00918980876427587	0.00565338980287016	0.00592287031286373	0.0236099373684707	0.0127151411937246	0.00458200284934214	0.018020128877179	0.00778812228607522	0.00465959911638178	0.0302655632468953	0.0116209614824223	0.0139097803776763	0.010962462258695	0.00758199489644899	0.0074857778656893	0.0256940803772206	0.0183523748633845	0.0177135539696014	0.00490613656159714	0.0702829431270788	0.066398360585011	0.0466044349535508	0.0102571130830576	0	0.0158563501535915	0.00321036364388048	0.0125825739460264	0.00977010713219097	0.00352379918290508	0.00754025837279605	0.0260889258372641	0.00733340680118653	0.004986049786174	0.0196079729348412	0.0178279498224178	0.00909299345835035	0.0254869266407651	0.016206726599457	0.0531150963296588	0.0407977320463306	0.0162040011779258	0.0205488826859396	0.010844908695314	0.0130396383758886	0.0127377235869847	0.0117795127794579	0.0170093970444176	0.00641186383959481	0.0123322689855286	0.00595719511996467	0.0179930098812615	0.0132577790834383	0.00871646841346274	0.00244189625088294	0.00351720382757516	0.0113226361396024	0.0187504238335865	0.0114143949198185	0.0084670323438885
OM3_C_9A_1	0.0118166502074541	0.0107255065647052	0.00442415696723845	0.00893719005852071	0.00417624580212903	0.00883950726035064	0.0134714725514817	0.0191154394860602	0.0093913442329248	0.00573828777579827	0.0139199581881603	0.00617580955423466	0.0143817575702453	0.0115249484926862	0.0162793001708047	0.00428868064636649	0.00383314733138269	0.00611095684682108	0.00876993558862561	0.0222439291561542	0.00987923003831146	0.00984365904181078	0.00498638281667901	0.0110227487555045	0.0559492880118858	0.0521665705452251	0.0327518562694405	0.00833083735358901	0.0158563501535915	0	0.0127750256822487	0.00337263494860448	0.0106992843797763	0.012435997675653	0.0218976806503026	0.0103353997069926	0.0094497151207428	0.0114178719016827	0.0044953870205863	0.00407904269639422	0.0217878054118943	0.0132384422551395	0.00283525345419305	0.0380739730933317	0.0268792972563448	0.00530698945250305	0.00513268172544015	0.00988051345136935	0.00843800201489051	0.012426459797816	0.0272141856598558	0.00424096260780144	0.0128008717091832	0.00443470989957286	0.0165543152843783	0.0330480197842572	0.00470537329770942	0.00911422944090592	0.017083863796066	0.0147380942372411	0.0270962761162132	0.00582046608288585	0.0131731459077166	0.00912091033062633
OM3_C_9A_2	0.0216345252832612	0.0178580848729928	0.00893224866643757	0.0180535756331486	0.00864944398215275	0.00648931107104	0.00544451662579688	0.00809079835556622	0.0205404212222683	0.0098248213075614	0.00410841663460511	0.0148967373479654	0.00743995308660976	0.00261974706718005	0.02722490325119	0.00856653025447248	0.0107874653149459	0.00815506338247752	0.00467560330991316	0.00980104902898003	0.0225679280841916	0.0158344875984816	0.0147336087741161	0.0022895946207016	0.0673206203919124	0.0633814563429543	0.0435839716729844	0.00801852746705724	0.00321036364388048	0.0127750256822487	0	0.00946322353127296	0.00781128455850421	0.000395706465930967	0.00960405190014212	0.0229629238297272	0.00435792211248353	0.00250107923711539	0.0165626097904597	0.0146959856619366	0.0103812137265781	0.0226787050466492	0.0130519226333013	0.0499993914816357	0.037784911523941	0.0133985163359252	0.0174197445328775	0.00877528185428735	0.0105326662478029	0.0116082171550858	0.0149674815817184	0.0137994487958593	0.00430555267978117	0.00915047206817852	0.00591241906482774	0.0211291769683915	0.010049062846108	0.00573844505717918	0.00496619572467647	0.00321446859266636	0.0143956452162976	0.0155713635999955	0.00986353850395777	0.0054439041154493
OM3_C_9A_3	0.014033111307604	0.0117474888393007	0.001881661742074	0.0106396342837195	0.000883876248269454	0.00583392145946849	0.0107679961079792	0.0162083239929056	0.0120531334306508	0.00458550881749511	0.0109753508112571	0.00731355363415216	0.011620339454844	0.00840022843458106	0.0189541745447193	0.00151157070780843	0.00261891051524272	0.00410977168842184	0.00550009488473673	0.018931805501227	0.013138073990322	0.0106179251463818	0.0068218569221028	0.00781105785808218	0.0589244873804916	0.0550400544007253	0.0354527791000066	0.00611032203274523	0.0125825739460264	0.00337263494860448	0.00946322353127296	0	0.00810712880655082	0.00912079052157523	0.0185492730682161	0.0135887770288623	0.00635391583698182	0.00812300396052461	0.00755697921621726	0.00611336004723198	0.0184946339615187	0.015430968512465	0.00400959901493646	0.0411238752076439	0.0296063389308133	0.00640890963521454	0.00803957756103389	0.00820203945830185	0.00742643789708054	0.0113666273051266	0.0240572475535241	0.00530582489349949	0.00951328687783404	0.0017071544488382	0.0133881121682246	0.0299658871679554	0.00298954310065913	0.006169808393038	0.0139368668643037	0.0115347217622265	0.0237836972980483	0.00715625454630335	0.0113237466212194	0.00586984691102151
