	OM3_B_B_1	OM3_B_B_2	OM3_B_B_3	OM3_C_7A_2	OM3_C_7A_3	OM3_C_7B_1	OM3_C_7B_2	OM3_C_7B_3	OM3_C_7C_1	OM3_C_7C_2	OM3_C_7C_3	OM3_C_7G_1	OM3_C_7G_2	OM3_C_7G_3	OM3_C_7H_1	OM3_C_7H_2	OM3_C_7H_3	OM3_C_8A_1	OM3_C_8A_2	OM3_C_8A_3	OM3_C_8B_1	OM3_C_8B_3	OM3_C_8C_1	OM3_C_8C_3	OM3_C_8E_1	OM3_C_8E_2	OM3_C_8E_3	OM3_C_8F_1	OM3_C_8F_2	OM3_C_8F_3	OM3_C_9A_1	OM3_C_9A_2	OM3_C_9A_3	OM3_C_9C_1	OM3_C_9C_2	OM3_C_9C_3	OM3_C_9D_1	OM3_C_9D_2	OM3_C_9D_3	OM3_C_9E_1	OM3_C_9E_2	OM3_C_9E_3	OM3_C_9F_1	OM3_C_9F_3	OM3_C_9G_1	OM3_C_9G_3	OM3_C_9H_1	OM3_C_9H_2	OM3_C_9H_3	OM3_H_3C_1	OM3_H_3C_2	OM3_H_3C_3	OM3_H_3D_2	OM3_H_3D_3	OM3_H_3E_1	OM3_H_3E_2	OM3_H_3E_3	OM3_H_3F_1	OM3_H_3F_2	OM3_H_3F_3	OM3_H_3G_2	OM3_H_3G_3	OM3_H_3H_2	OM3_H_3H_3
OM3_B_B_1	0	0.00047808877167559	0.00318782338130129	0.0018627966516045	0.00390000893710628	0.00606382811768159	0.00855795004245362	0.0102336082614722	0.00460735612837167	0.00218122720121861	0.00438624629428923	0.000662807680307853	0.0167255237079811	0.00798624941730675	0.00873741630362681	0.00341540851036025	0.00589235627940682	0.00272120857977744	0.00777785857980215	0.0186952020716851	0.0175730340046429	0.00407029545792546	0.0101987547269947	0.00224845905286413	0.00388785619070426	0.00776542297806262	0.0122073339384714	0.0156810908567111	0.00773889621755099	0.00862540706906038	0.00157515626913105	0.00115349846991451	0.0141199972698099	0.00247843761502636	0.0101275859055087	0.0110769949495038	0.00958513304117123	0.00610255033297903	0.00611621935944151	0.00355573483744526	0.0128963163086944	0.0167760964305364	0.00177007075753146	0.014338349920613	0.00806336537762685	0.0136418652871873	0.000381915418158004	0.00430228909274129	0.0163412063212535	0.00126091004028216	0.0108301009184012	0.022568248866097	0.00490445579715116	0.00934363259500275	0.00520134618962709	0.0157633839431132	0.0160817489026946	0.00695813070319469	0.00884682614249946	0.00960035211787471	0.0164817899306501	0.00115668230065145	0.0101408681874811	0.0120733977203439
OM3_B_B_2	0.00047808877167559	0	0.00366591019235174	0.00138470831329258	0.00342192240849889	0.00654191023873215	0.00903602585723111	0.00975553629830501	0.00508544097045279	0.00265931499944165	0.0048643314874289	0.000184718929107781	0.016247480774347	0.0075081707348277	0.00921549158452125	0.00293732142466152	0.00541427287265232	0.00319929589063938	0.00729977936079533	0.0182171707812863	0.0180510697329115	0.00359220914388375	0.0106768252606516	0.00177037094999101	0.00340976964717222	0.00728734372750603	0.0117292692870935	0.0152030422857231	0.00726081689984832	0.00814733012372668	0.00109706778776215	0.00163158692566563	0.0136419409649647	0.00200034967637709	0.00964951358693401	0.0105989259491582	0.0100632056549625	0.00562446733362251	0.00563813638709445	0.00307764790489698	0.0124182545207754	0.0162980537792933	0.00224815886130985	0.0138602946476674	0.00758528689741332	0.0131638067793849	9.61733595491586e-05	0.0047803744148646	0.0158631612700528	0.000782821434478279	0.0103520310257655	0.0220902443361811	0.00442637067519033	0.00886555776656462	0.00567943000768685	0.0152853358028133	0.0156037024503428	0.00648004951604329	0.00836874983116739	0.00912227808842257	0.0160037456482153	0.000678593660762442	0.00966279591321183	0.0115953325310204
OM3_B_B_3	0.00318782338130129	0.00366591019235174	0	0.0050506095046361	0.00708780136923417	0.00287602421502492	0.00537017796276424	0.0134212776080526	0.00141954005451682	0.00100659863468963	0.00119842878644798	0.00385062820641145	0.019912972893647	0.0111739727791334	0.00554964704801925	0.00660320664432592	0.00908011972640752	0.000466616220957837	0.0109655863734221	0.0218825655577207	0.0143854922721257	0.00725808576128666	0.00701101113444365	0.00543626875449184	0.00707564877228952	0.0109531510330548	0.0153949464426436	0.0188685819085906	0.0109266248289076	0.0118131162277526	0.00476297125550578	0.00203432753538429	0.0173075462841611	0.00566624527867206	0.0133152580564307	0.0142646410839715	0.00639737809404157	0.00929031020162092	0.00930397899193976	0.00674353137454512	0.0160839068966624	0.0199635435261042	0.00141775542953867	0.0175258911600085	0.0112510870746505	0.0168294309493364	0.0035697372744401	0.00111447106897723	0.0195286712003255	0.00444872714529321	0.0140177540143284	0.0257554180692944	0.00809223473139458	0.0125313246945504	0.0020135345082035	0.0189508717861273	0.0192692241869336	0.0101458749805468	0.0120345301661197	0.0127880378376015	0.0196692491079631	0.00434450005951708	0.0133285399884654	0.015261014360304
OM3_C_7A_2	0.0018627966516045	0.00138470831329258	0.0050506095046361	0	0.00203721749046875	0.00792659336098683	0.010420688454621	0.00837086782759523	0.00647013329360447	0.00404401808323662	0.00624902502767426	0.00119998949191444	0.0148628905038444	0.00612348483885535	0.0106001524730186	0.00155261533222612	0.00402957519097987	0.00458399707352958	0.00591509209967767	0.0168326124508538	0.0194356080630709	0.00220750469289708	0.0120614710757393	0.000385662969042534	0.00202506469689665	0.00590265638627176	0.0103446202059201	0.0138184366330563	0.00587612938822191	0.00676264868001307	0.000287640679186317	0.00301629284519508	0.0122573143259748	0.000615641962647201	0.00826484418288685	0.00921426529574628	0.0114478580506829	0.00423977064148224	0.00425343976079084	0.00169294212902083	0.0110336131091339	0.0149134642809442	0.00363286320268696	0.0124756707996451	0.00620060151739909	0.0117791741928499	0.00148088160351816	0.00616506840485848	0.014478565214263	0.000601887108075011	0.0089673680116453	0.0207057600095741	0.00304166892098278	0.00748088180334359	0.00706411882659375	0.0139007313230975	0.0142191025712468	0.00509535729735289	0.00698407002312993	0.00773760420676972	0.0146191516917805	0.000706114885656987	0.00827812662549868	0.010210682013074
OM3_C_7A_3	0.00390000893710628	0.00342192240849889	0.00708780136923417	0.00203721749046875	0	0.00996375435606999	0.0124578131400794	0.00633368843145048	0.00850731139553721	0.00608121796445896	0.00828620546228357	0.00323720419872767	0.0128258102495902	0.00408628531546122	0.0126372742044986	0.000484602697660212	0.00199236346178908	0.0066211928341548	0.0038778910787436	0.0147955743635231	0.0214725278434576	0.000170287471793357	0.0140985670499625	0.00165155497797253	1.21528073320379e-05	0.00386545527793694	0.00830746449844853	0.0117813363067235	0.00383892809422999	0.00472545413995925	0.00232485769028531	0.00505349941823224	0.0102201869488718	0.00142157615526143	0.00622766367347665	0.00717709533332761	0.0134849652100563	0.00220255985274375	0.00221622903540485	0.000344275779428871	0.00899646699676505	0.0128763850388053	0.0056700659421556	0.0104385469936598	0.00416340256403043	0.00974203923718901	0.00351809536100029	0.00820224970694547	0.0124414773899615	0.00263910346019521	0.0069301951812562	0.0186688213172781	0.0010044536223912	0.00544369356562312	0.00910129031689448	0.0118636325208202	0.0121820097575921	0.00305815099240298	0.00494687734670342	0.00570041840219817	0.0125820666117277	0.00274333098780903	0.00624094625466629	0.00817352452005562
OM3_C_7B_1	0.00606382811768159	0.00654191023873215	0.00287602421502492	0.00792659336098683	0.00996375435606999	0	0.00249416721910409	0.0162970808674389	0.00145648624174692	0.00388261891343436	0.00167759745243424	0.0067266263170611	0.0227885379110594	0.0140498384929024	0.00267363775575574	0.0094791677357246	0.011956034392869	0.0033426388651738	0.0138414573581005	0.0247580412473799	0.0115096342855286	0.0101340357872578	0.00413501606732136	0.00831224741143068	0.00995160196817506	0.0138290223294881	0.0182706863710795	0.0217441910677389	0.0138024967892921	0.0146889652245256	0.0076389587938921	0.0049103416872318	0.020183217260499	0.00854222069187865	0.0161910644931696	0.0171404182529083	0.00352137653166898	0.0121662203558763	0.0121798888496571	0.00961949016801561	0.0189596228475336	0.0228391063494345	0.00429377351286861	0.0204015537895577	0.0141269508155181	0.019705119862656	0.0064457383013671	0.00176155512238999	0.0224042527201483	0.00732471851512465	0.0168935389710031	0.0286306948773705	0.0109681694046608	0.0154071539151973	0.000862491454731676	0.0218264775482916	0.0221448166767412	0.0130217658429133	0.0149103731780443	0.0156638597349786	0.02254482462628	0.00722049265604995	0.0162043460284057	0.0181367588374869
OM3_C_7B_2	0.00855795004245362	0.00903602585723111	0.00537017796276424	0.010420688454621	0.0124578131400794	0.00249416721910409	0	0.0187909801619656	0.00395064844345345	0.00637676453282047	0.00417175856877151	0.00922073939177945	0.0252822002436944	0.0165438024646006	0.000179470954806946	0.011973235817113	0.0144500506175748	0.00583678906516271	0.0163354268760835	0.0272516169116224	0.00901555732370354	0.0126280912063146	0.00164085475790164	0.0108063361901019	0.0124456609903881	0.0163229921760205	0.020764521511566	0.0242378965617676	0.0162964673357514	0.017182911707928	0.0101330584276398	0.00740447717964882	0.0226769836608138	0.0110363055806388	0.0186849670391556	0.0196342909759376	0.00102721246353933	0.0146602316836005	0.0146738998562364	0.012113555599556	0.0214534339721905	0.0253327665429973	0.00678791530253652	0.0228953119305696	0.016620912715399	0.0221989040537155	0.00893985522063367	0.00425571580418215	0.0248979311598513	0.00981882294315122	0.0193874196026242	0.0311240799869957	0.0134622076042516	0.0179010798876697	0.00335665614974609	0.0243201797117691	0.0246385058423184	0.0155157564356603	0.0174043134351811	0.0181577781554189	0.0250384972044077	0.00971459863598252	0.0186982481681374	0.0206305985491364
OM3_C_7B_3	0.0102336082614722	0.00975553629830501	0.0134212776080526	0.00837086782759523	0.00633368843145048	0.0162970808674389	0.0187909801619656	0	0.0148407183125032	0.0124147379440082	0.0146196237642807	0.00957082344385598	0.00649230868848023	0.00224742366842392	0.0189704286896989	0.006818283744898	0.00434134431449832	0.0129546899083058	0.00245581866418262	0.00846216709175192	0.0278048895162643	0.00616340330542433	0.0204316141583247	0.00798521394618141	0.00634584107028493	0.00246825450414186	0.00197381281187457	0.00544779186218368	0.00249478176899845	0.00160825130258595	0.00865850115874275	0.0113870594162346	0.00388658758411699	0.00775523995491475	0.000106026236773128	0.000843420461870222	0.0198180585546908	0.00413114893030785	0.00411747980626604	0.00667795907257415	0.00266283226025945	0.0065428856792255	0.0120036024945072	0.00410495464976756	0.00217030608967313	0.00340842524892342	0.00985170640249474	0.0145356722751769	0.00610795947630967	0.00897273900361043	0.000596516009568915	0.0123356507161565	0.00532924677756184	0.000890005712985587	0.0154346655765888	0.00553009127639535	0.00584848118134564	0.00327555984983663	0.00138682644219203	0.00063327811214879	0.00624855460246465	0.00907696380555657	9.27434721168802e-05	0.00183986978630629
OM3_C_7C_1	0.00460735612837167	0.00508544097045279	0.00141954005451682	0.00647013329360447	0.00850731139553721	0.00145648624174692	0.00395064844345345	0.0148407183125032	0	0.00242613747473838	0.000221111399880396	0.00527015816276268	0.021332300697675	0.0125934426848326	0.00413011837494902	0.00802272032029805	0.0104996122797703	0.00188615583774125	0.012385058730039	0.0233018506935285	0.0129660446718145	0.00867759444937232	0.00559149053998151	0.00685579025617352	0.00849515889299379	0.0123726235345532	0.0168143573149331	0.020287930745742	0.0123460976389313	0.0132325783444742	0.00618249665371852	0.0034538640950574	0.0187269245052587	0.00708576534572146	0.0147347002525186	0.0156840695204097	0.00497785384967573	0.0107098006798844	0.0107234693337218	0.00816304401782527	0.0175033064320509	0.0213828702836928	0.0028372934835518	0.0189452654190681	0.0126705560623349	0.0182488176782883	0.0049892684669647	0.000305069154388636	0.0209480068720526	0.00586825420726998	0.015437186116161	0.0271746078357865	0.00951173644511695	0.0139507775695175	0.000593995048001818	0.0203702190060371	0.0206885650858334	0.0115653565555464	0.013453989488948	0.0142074872835525	0.0210885819190001	0.00576402765155111	0.0147479819982982	0.0166804273809629
OM3_C_7C_2	0.00218122720121861	0.00265931499944165	0.00100659863468963	0.00404401808323662	0.00608121796445896	0.00388261891343436	0.00637676453282047	0.0124147379440082	0.00242613747473838	0	0.00220502648923552	0.00284403343822415	0.0189065077413125	0.0101674143296237	0.00655623286449188	0.0055966210660366	0.00807354700780833	0.000539982502797969	0.00995902636413009	0.0208761289800307	0.0153920130442491	0.00625150315978591	0.00801758997238161	0.00442967862511904	0.00606906531096646	0.00994659093165817	0.0143884262458389	0.0178621027334959	0.00992006453142053	0.0108065627549677	0.00375637893900847	0.00102772963855475	0.0163010476062473	0.0046596559698984	0.0123087174252998	0.0132581093983696	0.00740396004499282	0.00828373877472697	0.00829740765013585	0.00573694640852376	0.0150773941501678	0.0189570790726234	0.000411157000629625	0.0165193951050549	0.0102445292101743	0.0158229266469366	0.00256314186994209	0.00212106887003588	0.0185222007971484	0.00344213391784488	0.0130112199405955	0.0247490458139522	0.0070856563620165	0.0115247771611342	0.00302013099881117	0.0179443936875504	0.0182627502987199	0.00913930913537685	0.0110279784851979	0.0117814925162423	0.0186627806132707	0.00333790654537269	0.0123219994780485	0.0142544927545362
OM3_C_7C_3	0.00438624629428923	0.0048643314874289	0.00119842878644798	0.00624902502767426	0.00828620546228357	0.00167759745243424	0.00417175856877151	0.0146196237642807	0.000221111399880396	0.00220502648923552	0	0.00504904882486751	0.0211112243365356	0.0123723433798065	0.00435122838510002	0.00780161377360669	0.0102785092529316	0.00166504468117624	0.0121639590239316	0.0230807811608344	0.0131871428733125	0.00845648874035613	0.00581259942735847	0.0066346823822895	0.00827405294390474	0.0121515238047295	0.0165932675963643	0.020066851011716	0.0121249978585914	0.0130114803119395	0.00596138811045175	0.00323275356007931	0.0185058400497299	0.00686465771662397	0.0145136054621257	0.0154629769612486	0.00519896324864332	0.0104886979957652	0.0105023666721283	0.00794193764502047	0.0172822185431862	0.0211617940902294	0.00261618265861147	0.0187241816008984	0.0124494569074492	0.0180277318532596	0.00476815891046043	8.39577564855215e-05	0.0207269292498348	0.00564714537568629	0.0152160929631872	0.0269535535163511	0.0092906318998129	0.0137296810430817	0.000815106410258006	0.0201491395315422	0.0204674866253931	0.0113442553375596	0.0132328919121295	0.0139863913150341	0.0208675047553897	0.00554291872774182	0.0145268872381516	0.0164593373153466
OM3_C_7G_1	0.000662807680307853	0.000184718929107781	0.00385062820641145	0.00119998949191444	0.00323720419872767	0.0067266263170611	0.00922073939177945	0.00957082344385598	0.00527015816276268	0.00284403343822415	0.00504904882486751	0	0.016062778857072	0.00732345538086093	0.00940020490507839	0.00275260302048973	0.00522955578338144	0.00338401411789096	0.00711506380849087	0.0180324732780247	0.0182357673919071	0.00340749100969335	0.0108615366842079	0.00158565220299487	0.00322505143216162	0.00710262816355024	0.0115445591728683	0.0150183382352088	0.00707610131109519	0.00796261541345254	0.000912348923400575	0.00181630566264594	0.0134572339934011	0.00181563098295172	0.00946480059973647	0.0104142142032061	0.0102479179086005	0.00543975039274628	0.00545341945605588	0.00289292955391017	0.0122335454832993	0.0161133519689596	0.00243287743579592	0.0136755880654132	0.00740057161828029	0.0129790989772003	0.000280892287150374	0.0049650918057492	0.015678458551118	0.000598102535568932	0.010167318945675	0.0219055570061106	0.0042416529657212	0.00868084384332633	0.00586414677876721	0.0151006319151789	0.0154189992011968	0.00629533323857058	0.00818403535633406	0.00893756446284443	0.0158190432202773	0.000493874753480433	0.00947808294256422	0.0114106222146958
OM3_C_7G_2	0.0167255237079811	0.016247480774347	0.019912972893647	0.0148628905038444	0.0128258102495902	0.0227885379110594	0.0252822002436944	0.00649230868848023	0.021332300697675	0.0189065077413125	0.0211112243365356	0.016062778857072	0	0.00873968711187409	0.0254616306348472	0.0133103836982191	0.010833544740092	0.0194464203068838	0.0089480767369485	0.00196989694649938	0.0342950188006371	0.0126555325518956	0.026922663002471	0.0144772568451286	0.0128379623532376	0.00896051225010545	0.00451851645070508	0.00104452996923426	0.00898703881554757	0.00810052997519202	0.0151505083103365	0.0178789005365702	0.00260574448252543	0.0142472945899699	0.00659833331242154	0.00564889921301498	0.0263091728621593	0.0106233565893786	0.0106096879287238	0.0131700654677377	0.00382949995753938	5.05777549254746e-05	0.0184954014020792	0.00238737666290544	0.0086625714700333	0.00308390769963359	0.0163436451225768	0.021027279695096	0.000384354635643134	0.0154647287631387	0.00589580078804363	0.0058435089363481	0.0118214104962042	0.00738229925980695	0.0219261980055897	0.000962229702771412	0.000643836205404547	0.00976779486308424	0.00787910995295545	0.00712557640041811	0.000243757604729161	0.0155689476971246	0.00658505075362854	0.00465245864768695
OM3_C_7G_3	0.00798624941730675	0.0075081707348277	0.0111739727791334	0.00612348483885535	0.00408628531546122	0.0140498384929024	0.0165438024646006	0.00224742366842392	0.0125934426848326	0.0101674143296237	0.0123723433798065	0.00732345538086093	0.00873968711187409	0	0.0167232560224171	0.00457088482153984	0.00209392786936153	0.0107073761729419	0.000208395402561571	0.0107095184467625	0.0255580267782086	0.00391599880443778	0.018184484327497	0.00573782664354036	0.00409843805489722	0.000220831268776161	0.00422122984641382	0.00769518211398981	0.000247358591170588	0.000639173183377477	0.00641112154049501	0.00913971826831872	0.0061339922589055	0.00550785019172756	0.00214139761238206	0.00309084205544984	0.0175709103293439	0.00188373144584123	0.00187006225663099	0.00443055889693969	0.00491024551587517	0.00879026348548562	0.00975627166590567	0.00635235754173226	7.71177123621474e-05	0.00565583356134918	0.00760434216170155	0.0122883901046409	0.00835534245547015	0.00672536321697634	0.00284393832786979	0.0145829306505792	0.00308183615544586	0.00135741891636703	0.0131874031080575	0.00777748065966597	0.00809586710229154	0.0010281388582878	0.000860598175548371	0.00161414636944433	0.00849593594258314	0.00682958932424071	0.00215468035442364	0.00408728746750808
OM3_C_7H_1	0.00873741630362681	0.00921549158452125	0.00554964704801925	0.0106001524730186	0.0126372742044986	0.00267363775575574	0.000179470954806946	0.0189704286896989	0.00413011837494902	0.00655623286449188	0.00435122838510002	0.00940020490507839	0.0254616306348472	0.0167232560224171	0	0.0121526976317037	0.0146295082859073	0.00601625781693035	0.0165148808678787	0.0274310407373546	0.00883609135268287	0.0128075520000792	0.00146138395341128	0.0109857996894869	0.0126251220739814	0.0165024461935376	0.0209439650927816	0.0244173302332169	0.0164759214080756	0.0173623639003596	0.0103125228209126	0.00758394461039176	0.0228564219758505	0.0112157687615874	0.0188644158185956	0.0198137374505589	0.000847741563353715	0.0148396889643696	0.0148533571116097	0.0122930171999702	0.0216328757100705	0.0255121967717807	0.00696738328973443	0.023074749614788	0.0168003661112241	0.0223783437288656	0.00911932105763506	0.00443518557518238	0.0250773627742396	0.00999828773405104	0.0195668666876272	0.0313034894545283	0.0136416670192629	0.0180805304839946	0.00353612636018843	0.0244996131298105	0.0248179382718624	0.0156952120811544	0.0175837651425298	0.0183372281653606	0.0252179283735232	0.00989406355600924	0.0188776969161222	0.0208100424816835
OM3_C_7H_2	0.00341540851036025	0.00293732142466152	0.00660320664432592	0.00155261533222612	0.000484602697660212	0.0094791677357246	0.011973235817113	0.006818283744898	0.00802272032029805	0.0055966210660366	0.00780161377360669	0.00275260302048973	0.0133103836982191	0.00457088482153984	0.0121526976317037	0	0.00247696531678631	0.00613659705890741	0.00436249088587303	0.0152801383028639	0.02098800164684	0.000654890150744085	0.0136139969909156	0.00116695260903224	0.000472449887485525	0.00435005510256142	0.00879205469954364	0.0122659142535872	0.00432352795599463	0.00521005262988927	0.00184025572228912	0.00456890065584731	0.010704770917228	0.000936973684686869	0.00671225922366042	0.00766168862603762	0.0130003923279593	0.00268716153969786	0.00270083071092584	0.000140326926181294	0.0094810550978365	0.0133609582600591	0.00518546825494351	0.0109231301703425	0.00464800195493671	0.0102266248817309	0.00303349448297099	0.0077176577896926	0.0129260525376091	0.00215450173221371	0.00741478909081519	0.0191533626373678	0.00148905606478554	0.005928290746581	0.00861670097166017	0.0123482101269271	0.0126665860234187	0.00354275183936118	0.00543147545195581	0.00618501507235545	0.0130666411437897	0.00225872934684863	0.0067255417754035	0.00865811511043316
OM3_C_7H_3	0.00589235627940682	0.00541427287265232	0.00908011972640752	0.00402957519097987	0.00199236346178908	0.011956034392869	0.0144500506175748	0.00434134431449832	0.0104996122797703	0.00807354700780833	0.0102785092529316	0.00522955578338144	0.010833544740092	0.00209392786936153	0.0146295082859073	0.00247696531678631	0	0.00861351632084541	0.00188553275732415	0.0128033445270597	0.0234645394684037	0.00182207620759981	0.0160907718120832	0.0036439142157281	0.00200451625588384	0.00187309690623926	0.00631513796814617	0.00978905411877096	0.00184656961593581	0.00273309975999849	0.00431721410857872	0.00704583791207559	0.00822788271814797	0.00341393621042075	0.00423531876758119	0.00518475805774191	0.0154771826448054	0.000210196716440816	0.000223865922246443	0.00233663867636969	0.00700414790248196	0.0108841203762326	0.00766239894339136	0.00844624563823426	0.00217104545732659	0.00774972894634023	0.00551044522286702	0.010194554583319	0.0104492055631727	0.00463145834524313	0.00493785579892272	0.0166766777484711	0.000987910536481439	0.00345134331830273	0.0110935830558923	0.00987135159077054	0.0101897337845596	0.00106578982139139	0.00295452416321559	0.00370806980852256	0.0105897970714709	0.00473568533374028	0.00424860144671695	0.0061811966221821
OM3_C_8A_1	0.00272120857977744	0.00319929589063938	0.000466616220957837	0.00458399707352958	0.0066211928341548	0.0033426388651738	0.00583678906516271	0.0129546899083058	0.00188615583774125	0.000539982502797969	0.00166504468117624	0.00338401411789096	0.0194464203068838	0.0107073761729419	0.00601625781693035	0.00613659705890741	0.00861351632084541	0	0.0104989890257851	0.0214160263905221	0.0148520736690838	0.00679147761359014	0.00747761879741457	0.00496965695636611	0.00660904020991019	0.0104865536416287	0.0149283679412085	0.0184020227294078	0.0104600273442334	0.0113465219849552	0.0042963583840384	0.00156771183618984	0.0168409779266568	0.00519963388122756	0.0128486698990374	0.0137980571571099	0.00686398714590861	0.00882370741339903	0.00883737624436096	0.00627692208533313	0.015617331909644	0.019496991267761	0.000951139429268086	0.0170593240376546	0.0107844907464567	0.0163628599423897	0.00310312286616463	0.00158108700183811	0.0190621161456206	0.00398211382383348	0.0135511689586463	0.0252889090603036	0.00762562861918139	0.012064733268378	0.0024801499129963	0.0184843131132246	0.0188026674938435	0.00967927485529326	0.0115679367734951	0.0123214474594954	0.0192026949503447	0.00387788659593722	0.0128619518881973	0.0147944351939127
OM3_C_8A_2	0.00777785857980215	0.00729977936079533	0.0109655863734221	0.00591509209967767	0.0038778910787436	0.0138414573581005	0.0163354268760835	0.00245581866418262	0.012385058730039	0.00995902636413009	0.0121639590239316	0.00711506380849087	0.0089480767369485	0.000208395402561571	0.0165148808678787	0.00436249088587303	0.00188553275732415	0.0104989890257851	0	0.010917905205385	0.0253496787663331	0.00370760447012496	0.0179761128808747	0.00552943357417198	0.00389004382531596	1.24358698302281e-05	0.00442962386967663	0.00790357302492022	3.89631895062216e-05	0.00084756854605834	0.00620272906177516	0.00893132886298133	0.00634238478984055	0.00529945693583216	0.00234979264414295	0.00329923670612805	0.0173625372879734	0.00167533627554885	0.00166166708277023	0.00422216487055552	0.00511863906401153	0.00899865304418239	0.00954788310585777	0.00656074986782155	0.000285513112860017	0.00586422651613199	0.00739595089292602	0.0120800055983364	0.00856373257255943	0.00651697103668518	0.00305233309045954	0.0147913100858203	0.00287344140453389	0.00156581416237773	0.0129790202660121	0.00798587147517754	0.00830425753911902	0.000819743517763185	0.00106899351034942	0.001822541555291	0.00870432588223359	0.00662119724612481	0.00236307538173888	0.00429568157497638
OM3_C_8A_3	0.0186952020716851	0.0182171707812863	0.0218825655577207	0.0168326124508538	0.0147955743635231	0.0247580412473799	0.0272516169116224	0.00846216709175192	0.0233018506935285	0.0208761289800307	0.0230807811608344	0.0180324732780247	0.00196989694649938	0.0107095184467625	0.0274310407373546	0.0152801383028639	0.0128033445270597	0.0214160263905221	0.010917905205385	0	0.0362640511921009	0.0146252999300519	0.0288920180018009	0.0164469872157161	0.0148077262326796	0.0109303405455665	0.00648839281393531	0.00301442470226492	0.0109568667413401	0.0100703697246657	0.0171202238407501	0.0198485495087564	0.00457563305232693	0.0162170298857349	0.00856819059698499	0.00761876595657309	0.0282785513558582	0.0125931598184896	0.0125794913795584	0.0151398228594748	0.00579938130793529	0.00191931925936832	0.0204650339107482	0.00435726630035925	0.0106324038503457	0.00505379369822818	0.0183133328127135	0.0229968390945903	0.00235425094591487	0.0174344371526305	0.00786566519287829	0.00387362794453307	0.0137911932833427	0.00935214778572593	0.0238957293245389	0.00293212466576917	0.00261373196871682	0.0117376114695988	0.00984895248472916	0.00909542788888077	0.00221365417204353	0.0175386536879826	0.00855490817920488	0.00662233396432307
OM3_C_8B_1	0.0175730340046429	0.0180510697329115	0.0143854922721257	0.0194356080630709	0.0214725278434576	0.0115096342855286	0.00901555732370354	0.0278048895162643	0.0129660446718145	0.0153920130442491	0.0131871428733125	0.0182357673919071	0.0342950188006371	0.0255580267782086	0.00883609135268287	0.02098800164684	0.0234645394684037	0.0148520736690838	0.0253496787663331	0.0362640511921009	0	0.0216427875904783	0.00737474058533011	0.0198212190264331	0.021460376994118	0.0253372457031549	0.0297781277116487	0.0332509087958524	0.0253107243512965	0.0261970497177291	0.0191480048486635	0.0164196519075636	0.0316902723639197	0.0200511660405068	0.0276988919750403	0.0286480738300827	0.00798837064432264	0.0236746952371846	0.0236883617550064	0.0211283067777531	0.030466928495521	0.0343455755445034	0.0158031350969081	0.0319085629011236	0.0256351267541224	0.0312122743163439	0.0179549072764017	0.0132710955003663	0.0339108217960744	0.0188337980579418	0.0284012399579937	0.0401356859877823	0.0224768115925936	0.0269151178148464	0.0123720828831539	0.0333331769391236	0.0336514446052184	0.0245301141217688	0.0264184209410226	0.0271717795126537	0.0340513615837221	0.018729583129722	0.0277121711559167	0.0296442261070718
OM3_C_8B_3	0.00407029545792546	0.00359220914388375	0.00725808576128666	0.00220750469289708	0.000170287471793357	0.0101340357872578	0.0126280912063146	0.00616340330542433	0.00867759444937232	0.00625150315978591	0.00845648874035613	0.00340749100969335	0.0126555325518956	0.00391599880443778	0.0128075520000792	0.000654890150744085	0.00182207620759981	0.00679147761359014	0.00370760447012496	0.0146252999300519	0.0216427875904783	0	0.0142688424992863	0.00182184226964175	0.000182440283079126	0.00369516866367857	0.0081371810913699	0.0116110570693646	0.00366864146794473	0.00455516796088639	0.00249514481459182	0.00522378530892883	0.0100499056568661	0.00159186349162561	0.00605737846845144	0.00700681088426557	0.0136552416754704	0.00203227264937526	0.00204594183553121	0.000514563240880987	0.00882618430058253	0.0127061074190186	0.00584035143080778	0.0102682659712842	0.0039931160904459	0.00957175737494613	0.00368838205543829	0.00837253306863152	0.0122711991103258	0.00280939048783283	0.00675991052513608	0.0184985546801799	0.000834166200526709	0.00527340781832076	0.00927157273947472	0.0116933533999679	0.0120117310952153	0.00288786405059462	0.00477659129410757	0.00553013282431097	0.0124117885428819	0.00291361798077878	0.00607066105945178	0.00800324098145344
OM3_C_8C_1	0.0101987547269947	0.0106768252606516	0.00701101113444365	0.0120614710757393	0.0140985670499625	0.00413501606732136	0.00164085475790164	0.0204316141583247	0.00559149053998151	0.00801758997238161	0.00581259942735847	0.0108615366842079	0.026922663002471	0.018184484327497	0.00146138395341128	0.0136139969909156	0.0160907718120832	0.00747761879741457	0.0179761128808747	0.0288920180018009	0.00737474058533011	0.0142688424992863	0	0.012447113743445	0.0140864150857507	0.0179636784263858	0.0224051086347047	0.0258783901828211	0.0179371541093635	0.0188235805533238	0.0117738447167912	0.00904529352232615	0.0243175210397836	0.0126770800302964	0.0203256034253632	0.0212749054967394	0.000613642655404723	0.016300949158974	0.0163146170879813	0.0137543146978302	0.0230940036668826	0.0269732277750764	0.00842873724860643	0.0245358433598595	0.0182615930328158	0.0238394542669535	0.0105806557075761	0.00589655617800516	0.0265384054229456	0.0114596131305665	0.0210280399102285	0.032764346576556	0.0151029455940897	0.0195417335401394	0.0049975012938558	0.0259606709473007	0.0262789877746606	0.0171564582449619	0.0190449776605784	0.0197984262322606	0.0266789672792091	0.011355390091209	0.0203388842556621	0.0222711889962362
OM3_C_8C_3	0.00224845905286413	0.00177037094999101	0.00543626875449184	0.000385662969042534	0.00165155497797253	0.00831224741143068	0.0108063361901019	0.00798521394618141	0.00685579025617352	0.00442967862511904	0.0066346823822895	0.00158565220299487	0.0144772568451286	0.00573782664354036	0.0109857996894869	0.00116695260903224	0.0036439142157281	0.00496965695636611	0.00552943357417198	0.0164469872157161	0.0198212190264331	0.00182184226964175	0.012447113743445	0	0.00163940217833447	0.00551699784143543	0.00995897125120254	0.0134327989406227	0.00549047080228303	0.00637699157133588	0.000673303622052648	0.00340195442356747	0.0118716711629263	0.000229979012581186	0.00787919006695806	0.00882861338918707	0.0118335026984014	0.00385410989136954	0.00386777902574031	0.00130727946024258	0.0106479661252175	0.0145278308251491	0.00401852419351314	0.0120900283615552	0.00581494344727826	0.0113935294880165	0.00186654419784005	0.0065507259048868	0.0140929300364036	0.000987549996652289	0.00858171550683468	0.0203201544575592	0.00265600704857617	0.00709522604869731	0.00744977467062089	0.013515093937607	0.0138334663907583	0.00470969758781998	0.00659841331686989	0.00735194897027538	0.0142335170649163	0.00109177775015266	0.00789247253877422	0.00982503269033341
OM3_C_8E_1	0.00388785619070426	0.00340976964717222	0.00707564877228952	0.00202506469689665	1.21528073320379e-05	0.00995160196817506	0.0124456609903881	0.00634584107028493	0.00849515889299379	0.00606906531096646	0.00827405294390474	0.00322505143216162	0.0128379623532376	0.00409843805489722	0.0126251220739814	0.000472449887485525	0.00200451625588384	0.00660904020991019	0.00389004382531596	0.0148077262326796	0.021460376994118	0.000182440283079126	0.0140864150857507	0.00163940217833447	0	0.00387760802492659	0.00831961701306901	0.0117934885210631	0.00385108084210019	0.00473760685519599	0.00231270490204765	0.00504134671591914	0.0102323393110649	0.00140942335258812	0.00623981631805351	0.00718924792320311	0.0134728131738098	0.00221471264304794	0.00222838182547746	0.000332122968828608	0.0090086194601236	0.0128885371368487	0.0056579132680483	0.0104506993364499	0.00417555530073518	0.00975419164043839	0.00350594260252499	0.00819009718266417	0.0124536295354394	0.00262695067864339	0.00694234778609853	0.0186809726270064	0.0010166064292144	0.0054558462495033	0.00908913785892481	0.0118757847267875	0.0121941619305867	0.00307030376340679	0.00495903005273648	0.00571257107378101	0.0125942187420547	0.00273117820866736	0.00625309889853212	0.00818567704416309
OM3_C_8E_2	0.00776542297806262	0.00728734372750603	0.0109531510330548	0.00590265638627176	0.00386545527793694	0.0138290223294881	0.0163229921760205	0.00246825450414186	0.0123726235345532	0.00994659093165817	0.0121515238047295	0.00710262816355024	0.00896051225010545	0.000220831268776161	0.0165024461935376	0.00435005510256142	0.00187309690623926	0.0104865536416287	1.24358698302281e-05	0.0109303405455665	0.0253372457031549	0.00369516866367857	0.0179636784263858	0.00551699784143543	0.00387760802492659	0	0.00444205964968196	0.00791600861581584	2.6527324505581e-05	0.000860004409463733	0.00619029336363537	0.00891889334558706	0.00635482047892579	0.00528702119218382	0.00236222848632047	0.00331167252468513	0.0173501027389163	0.00166290042114374	0.00164923122818703	0.00420972908197063	0.00513107481497287	0.00901108855331627	0.00953544763831594	0.00657318554447029	0.000297948978842127	0.0058766622309814	0.00738351526582066	0.0120675703702328	0.00857616811544042	0.00650453535603663	0.00306476891592155	0.0148037449852307	0.00286100557402861	0.00157825001812882	0.0129665851363575	0.00799830706029323	0.00831669310134204	0.000807307654066885	0.00108142937187637	0.00183497740717241	0.00871676141439983	0.00660876157148704	0.00237551122367227	0.00430811736013198
OM3_C_8E_3	0.0122073339384714	0.0117292692870935	0.0153949464426436	0.0103446202059201	0.00830746449844853	0.0182706863710795	0.020764521511566	0.00197381281187457	0.0168143573149331	0.0143884262458389	0.0165932675963643	0.0115445591728683	0.00451851645070508	0.00422122984641382	0.0209439650927816	0.00879205469954364	0.00631513796814617	0.0149283679412085	0.00442962386967663	0.00648839281393531	0.0297781277116487	0.0081371810913699	0.0224051086347047	0.00995897125120254	0.00831961701306901	0.00444205964968196	0	0.00347399231867365	0.00446858678599186	0.00358206008523924	0.010632249728168	0.0133607661484863	0.00191277998139793	0.00972900009958508	0.00207983889420437	0.00113039301730715	0.0217915709938528	0.00610494411713674	0.00609127509066894	0.00865173154118614	0.000689020733409946	0.00456909383420002	0.0139772983450165	0.00213114796830732	0.00414411261215241	0.00143461586276865	0.0118254379458744	0.016509317923442	0.00413416437171247	0.0109464832806424	0.00137729737730507	0.0103619277362462	0.00730303240129549	0.00286381674178628	0.0174082912705846	0.0035562922528133	0.0038746842588849	0.00524936064211249	0.00336063599408492	0.00260708976891458	0.00427476052241832	0.011050706628671	0.00206655615073413	0.000133943197860177
OM3_C_8F_1	0.0156810908567111	0.0152030422857231	0.0188685819085906	0.0138184366330563	0.0117813363067235	0.0217441910677389	0.0242378965617676	0.00544779186218368	0.020287930745742	0.0178621027334959	0.020066851011716	0.0150183382352088	0.00104452996923426	0.00769518211398981	0.0244173302332169	0.0122659142535872	0.00978905411877096	0.0184020227294078	0.00790357302492022	0.00301442470226492	0.0332509087958524	0.0116110570693646	0.0258783901828211	0.0134327989406227	0.0117934885210631	0.00791600861581584	0.00347399231867365	0	0.00794253534749968	0.00705602123342889	0.0141060575191031	0.0168344819759465	0.00156121602708487	0.0132028343320407	0.005553816960191	0.00460437891181086	0.0252648882717088	0.00957886437890329	0.00956519561603026	0.0121255947027859	0.00278497395520753	0.00109510770398114	0.0174509908795691	0.00134284788671435	0.00761806600443598	0.00203938007037495	0.0152992077545123	0.0199829050989142	0.00066017542798604	0.0144202814056854	0.00485128144956702	0.00688802388001655	0.010776927779678	0.00633778667114813	0.0208818372912117	8.23002960625107e-05	0.000400693859867755	0.00872329652012726	0.0068345999846002	0.0060810625292589	0.000800772436942701	0.014524501494565	0.00554053434155375	0.00360793492012127
OM3_C_8F_2	0.00773889621755099	0.00726081689984832	0.0109266248289076	0.00587612938822191	0.00383892809422999	0.0138024967892921	0.0162964673357514	0.00249478176899845	0.0123460976389313	0.00992006453142053	0.0121249978585914	0.00707610131109519	0.00898703881554757	0.000247358591170588	0.0164759214080756	0.00432352795599463	0.00184656961593581	0.0104600273442334	3.89631895062216e-05	0.0109568667413401	0.0253107243512965	0.00366864146794473	0.0179371541093635	0.00549047080228303	0.00385108084210019	2.6527324505581e-05	0.00446858678599186	0.00794253534749968	0	0.00088653172493969	0.00616376639801852	0.00889236676455967	0.00638134742061407	0.00526049412985187	0.00238875575609437	0.00333819974361769	0.0173235782203833	0.0016363731239329	0.00162270393053313	0.00418320192418277	0.00515760188912667	0.00903761511020058	0.00950892116338934	0.00659971245955626	0.000324476300969843	0.00590318922777727	0.00735698845132936	0.0120410444051486	0.00860269474445651	0.00647800842766917	0.00309129614972019	0.0148302702393633	0.00283447832734571	0.0016047773171043	0.0129400593809414	0.00802483377962119	0.00834321977168917	0.000780780337237842	0.00110795668329468	0.00186150469779631	0.00874328802048689	0.00658223465585138	0.0024020384927908	0.00433464450747831
OM3_C_8F_3	0.00862540706906038	0.00814733012372668	0.0118131162277526	0.00676264868001307	0.00472545413995925	0.0146889652245256	0.017182911707928	0.00160825130258595	0.0132325783444742	0.0108065627549677	0.0130114803119395	0.00796261541345254	0.00810052997519202	0.000639173183377477	0.0173623639003596	0.00521005262988927	0.00273309975999849	0.0113465219849552	0.00084756854605834	0.0100703697246657	0.0261970497177291	0.00455516796088639	0.0188235805533238	0.00637699157133588	0.00473760685519599	0.000860004409463733	0.00358206008523924	0.00705602123342889	0.00088653172493969	0	0.00705028452766576	0.00977887130662395	0.00549482670860733	0.0061470157356555	0.0015022251566886	0.002451670586524	0.0182100115638027	0.00252290355561954	0.00250923437996968	0.00506972701038288	0.00427107708006665	0.00815110654271221	0.0103954219935251	0.00571319257790144	0.000562055481347246	0.005016666802578	0.0082435012094066	0.0129275275142194	0.00771618388334762	0.00736452522871394	0.00220476656301804	0.0139438036487303	0.00372100674936341	0.000718245953500272	0.0138265352410682	0.0071383200560405	0.00745670759915881	0.00166731165426996	0.000221425035342443	0.000974973542005456	0.00785677788773291	0.00746875100263794	0.00151550790961087	0.00344811747370574
OM3_C_9A_1	0.00157515626913105	0.00109706778776215	0.00476297125550578	0.000287640679186317	0.00232485769028531	0.0076389587938921	0.0101330584276398	0.00865850115874275	0.00618249665371852	0.00375637893900847	0.00596138811045175	0.000912348923400575	0.0151505083103365	0.00641112154049501	0.0103125228209126	0.00184025572228912	0.00431721410857872	0.0042963583840384	0.00620272906177516	0.0171202238407501	0.0191480048486635	0.00249514481459182	0.0117738447167912	0.000673303622052648	0.00231270490204765	0.00619029336363537	0.010632249728168	0.0141060575191031	0.00616376639801852	0.00705028452766576	0	0.00272865299793255	0.0125449393984147	0.000903282585463043	0.00855247769617101	0.00950189709654593	0.0111602302567396	0.00452740937683965	0.00454107848399982	0.00198058246879261	0.0113212411146095	0.0152010819326405	0.00334522375161114	0.0127632953165373	0.0064882381204069	0.0120668004477584	0.00119324110309031	0.00587743138489584	0.0147661841799269	0.000314246448454514	0.00925500027545243	0.0209933564557698	0.00332930857499693	0.00776851659220185	0.0067764829805081	0.014188351974604	0.0145067223023647	0.0053829951983528	0.00727170555555515	0.00802523859170208	0.014906770236933	0.000418474236198013	0.00856576011607342	0.0104983118189373
