	OM3_B_B_3	OM3_C_7A_1	OM3_C_7A_2	OM3_C_7A_3	OM3_C_7B_1	OM3_C_7B_2	OM3_C_7B_3	OM3_C_7C_1	OM3_C_7C_2	OM3_C_7C_3	OM3_C_7G_1	OM3_C_7G_2	OM3_C_7G_3	OM3_C_7H_1	OM3_C_7H_2	OM3_C_7H_3	OM3_C_8A_1	OM3_C_8A_2	OM3_C_8A_3	OM3_C_8B_1	OM3_C_8C_1	OM3_C_8C_2	OM3_C_8C_3	OM3_C_8E_1	OM3_C_8E_2	OM3_C_8E_3	OM3_C_8F_2	OM3_C_8F_3	OM3_C_9A_1	OM3_C_9A_2	OM3_C_9A_3	OM3_C_9C_1	OM3_C_9C_2	OM3_C_9C_3	OM3_C_9D_1	OM3_C_9D_2	OM3_C_9D_3	OM3_C_9E_1	OM3_C_9E_2	OM3_C_9E_3	OM3_C_9F_1	OM3_C_9G_1	OM3_C_9G_2	OM3_C_9H_1	OM3_C_9H_2	OM3_C_9H_3	OM3_H_3C_1	OM3_H_3C_2	OM3_H_3C_3	OM3_H_3D_2	OM3_H_3D_3	OM3_H_3E_1	OM3_H_3E_2	OM3_H_3E_3	OM3_H_3F_1	OM3_H_3F_2	OM3_H_3F_3	OM3_H_3G_1	OM3_H_3G_2	OM3_H_3G_3	OM3_H_3H_1	OM3_H_3H_2	OM3_H_3H_3
OM3_B_B_3	0	0.0253650707115301	0.0471959516522256	0.0370901480340055	0.01180006925472	0.00878075910782097	0.014239680794863	0.0251892461858745	0.0246371176135824	0.0364892524781516	0.0349909785509452	0.0556104228665709	0.0401981491954549	0.0432195027148485	0.0223415455650981	0.0281565076673756	0.0639284560493374	0.0396610913371251	0.0403155832485752	0.0170982240149273	0.0108268823267949	0.0185626387141377	0.00870853948774197	0.0258211427220943	0.0277074553373931	0.0354233858116596	0.022064748248276	0.0408769085743836	0.0541100205519616	0.0748718840963492	0.0367630322524645	0.0395485675445314	0.0289486512825666	0.0445443999298748	0.0225786619059377	0.0268463238210982	0.0376023979534151	0.0349285622243603	0.024665695518396	0.039735060509993	0.0377774459268687	0.0293853017400867	0.0231145991927489	0.0239243296582429	0.0266988276169173	0.0496072742853288	0.0213658823124858	0.0225587800493111	0.0434474928654151	0.0231868832417627	0.0413223284983289	0.038248835253292	0.0168517678204118	0.0556956351861494	0.026756895192487	0.0293342456329836	0.0455635458255409	0.0309839865070338	0.0237728074489718	0.0452941654112324	0.01905888280237	0.0172342814333299	0.0149528554652497
OM3_C_7A_1	0.0253650707115301	0	0.0229413077593126	0.0125455808975689	0.0221317371786772	0.0225490346126243	0.0188742671179236	0.00850805042920852	0.00473478092846669	0.0135434313297139	0.0128093799921572	0.0327199674809491	0.0185686002313118	0.0198863804883871	0.00765956895508059	0.00545286134172696	0.0414458223026111	0.0179740924605546	0.0156904848608173	0.0268692926701563	0.0159297349104895	0.0226370946715218	0.0180118958574661	0.00689646810873068	0.00320950783485245	0.0131512512059149	0.0039766246835606	0.0210520602471632	0.032930211152712	0.054352709816901	0.0149203795999184	0.0193775012272522	0.00504723559609287	0.0203179964774049	0.0080817288315408	0.00333422388110429	0.0185315581824772	0.0140093162099527	0.00183733637367934	0.0176814778117482	0.0130602325890743	0.00415704527008974	0.00578614900472612	0.00539654876311267	0.00612684496052705	0.0266132997760656	0.00631699044863235	0.00395171042263951	0.019497007559862	0.00463916786144933	0.0176826771857903	0.0159903743498955	0.013882722604181	0.0339543539241096	0.0027902348732142	0.00719793841816038	0.0226662166337162	0.00953873518529379	0.00740217625969866	0.0229123057820762	0.00932221673772823	0.0161151861583232	0.0158796108247397
OM3_C_7A_2	0.0471959516522256	0.0229413077593126	0	0.0104082788300129	0.0442716160035236	0.0451085894804344	0.0409089363319021	0.0225478480149693	0.0252882984723385	0.0115855629161196	0.0135762857503957	0.013301718900246	0.0108453916989612	0.0053589917762217	0.0251449267612132	0.020392232503078	0.0201151738210316	0.010361985155612	0.00743372910703024	0.04834919867071	0.0378929147526136	0.0438875710567291	0.0405889813800421	0.0259001457929302	0.0200006770471043	0.0126293330740366	0.0260539966486551	0.0138544147980471	0.0154549674754559	0.0341065014605471	0.011490206708718	0.0128924950782651	0.0204914107089128	0.00523953451299137	0.0290694421183839	0.0206143535612594	0.0159066156926881	0.0145156602607744	0.0236181043860258	0.00996815943492027	0.00994072576966127	0.0192826275256862	0.0258739428042483	0.0247019499676544	0.0205726479600118	0.00804388559084921	0.0260468860497273	0.025668640035789	0.00602602872037833	0.0260736426363717	0.00604695952668438	0.0115330891021323	0.0356431378287297	0.0153866219580538	0.0222257853412046	0.0199851932735398	0.00500113380578521	0.0166515917801353	0.0271294712219564	0.00708117441581551	0.0295995252190129	0.0364963634322954	0.0386207749515613
OM3_C_7A_3	0.0370901480340055	0.0125455808975689	0.0104082788300129	0	0.0341697772515988	0.0348507305790405	0.0308377113347674	0.0132982637081902	0.0152474452316785	0.00476529889659393	0.00635032316664298	0.0210858066759003	0.00918824727261107	0.00787819595952667	0.0154377285711436	0.0106261176932541	0.0293676070454588	0.00836655090883357	0.00331936086916954	0.0385138072102003	0.0277563686642115	0.0341079304303708	0.0302875902760096	0.0162059189309991	0.00961071102080021	0.00562442919572507	0.0157694804250961	0.0129322114495559	0.0219621756405697	0.0428034096418449	0.006326047179692	0.0111392698514754	0.0106638908637349	0.0083311640916178	0.0191172016387925	0.0102971627294642	0.0124524553011395	0.00825856382135752	0.0133055363717314	0.00781183664864107	0.000923937131357476	0.00905207833012894	0.0159216544200545	0.0147907848746906	0.0107542780929927	0.0148594869592467	0.0160691188094763	0.0154295895971586	0.00767432628445856	0.0159204337556593	0.00552773539410852	0.00728309904494654	0.0256130893808638	0.0226455540282203	0.0120473593036266	0.0107268349404763	0.0106773929015909	0.00788401722689452	0.0173590345729399	0.0114356423542117	0.0197457300820795	0.0268580661594322	0.0283142056781701
OM3_C_7B_1	0.01180006925472	0.0221317371786772	0.0442716160035236	0.0341697772515988	0	0.00356065998988528	0.00391973474282027	0.0251101659354946	0.0193431626517416	0.0351155506470227	0.0341406658667343	0.0546464916810662	0.0397550379340355	0.0413668724361332	0.0224426724394139	0.0239177915322705	0.0629991011890692	0.038949847723891	0.0374206984519767	0.00647352470819727	0.00816374006437905	0.00690116491592876	0.00698401236787217	0.0194288914509987	0.0250049566129781	0.0342966072710587	0.0185446385044009	0.0414858539338292	0.0542174143455224	0.07524715019924	0.0354271103969608	0.0397181248517072	0.0241187565224569	0.042290667599629	0.0160029868452524	0.0244685393470332	0.0385706127490929	0.0347322899215414	0.0209720493783631	0.0388872624038594	0.0347603707442359	0.0254919225533424	0.0184212143582548	0.0196316838364964	0.025467763386569	0.0484019084657429	0.0192992137566779	0.0187961301132365	0.0414583348541371	0.0183569557410267	0.0388802786451969	0.0375069263833048	0.00889265979885618	0.0554758475561223	0.0223836322672308	0.0245913303513885	0.0437213390453263	0.028733311412611	0.0175520746426045	0.0441436099045552	0.0152950481360573	0.00910383543730273	0.0085800424205882
OM3_C_7B_2	0.00878075910782097	0.0225490346126243	0.0451085894804344	0.0348507305790405	0.00356065998988528	0	0.00630158549700392	0.0250329278254029	0.0204133444855181	0.035370856361068	0.0342177162222533	0.0548671036722066	0.0398353937230853	0.0418879068423175	0.0221692736399784	0.0249696694466134	0.063383551095667	0.0391612359249479	0.0381003084617265	0.00912448402509337	0.00792953824258008	0.00986304188962523	0.00527880913918588	0.0208299297708782	0.0254118637583728	0.0345307317805424	0.0190865629952226	0.0413249708162627	0.0542543338215846	0.0754135827868532	0.0358547143567833	0.0397219504341866	0.0252000610056635	0.0427866880294551	0.0173309272781618	0.0248151184380349	0.0382412071509866	0.0346781040351632	0.0215943685179923	0.0391029699235423	0.0354476540747668	0.0262274110706524	0.0194999620150206	0.0206490551724384	0.025614479371124	0.0487135361471883	0.0196536471463911	0.0194535687122485	0.0418870603191765	0.0192860680656643	0.0395848416192672	0.037572912997633	0.0105881408950005	0.0555820838593497	0.0232257411449989	0.0258667878541911	0.0443415661265727	0.0294040044600057	0.019018850364068	0.0445320226567266	0.0161840045184113	0.0114985830497503	0.0085990583186527
OM3_C_7B_3	0.014239680794863	0.0188742671179236	0.0409089363319021	0.0308377113347674	0.00391973474282027	0.00630158549700392	0	0.0227322330799492	0.015780315728542	0.0320756240213567	0.0312165358244282	0.0514962688116263	0.0368820465595692	0.038213852581766	0.0201613477542407	0.0205902354141841	0.0599055287743199	0.0360718523664541	0.0340472406251172	0.0081935041553934	0.00730727274559137	0.00561668932652745	0.00703149890017987	0.0156813153962274	0.0218215584341822	0.0313573180878897	0.0154199213241397	0.0388548403539728	0.0513539380928218	0.0724517900262459	0.0325217647354361	0.0370487795947916	0.0205748284001547	0.0389692821961665	0.0122684911946511	0.0213951414004649	0.0360357051277296	0.0319738229637714	0.0176902388862469	0.0359571355775293	0.0313889758712339	0.0220424928236022	0.0151637827462808	0.0164442985895615	0.0227040433721019	0.0452714923878969	0.0166790600270672	0.0156218668634771	0.0381983272922111	0.0149308962592992	0.0356684430543183	0.0345504624240997	0.00528001382008693	0.052519429288655	0.0189154599728309	0.0212206124288473	0.0406177596105343	0.0258096768971928	0.0139681884263646	0.0411351102902458	0.0126758053704516	0.00662050207540962	0.00598473323108426
OM3_C_7C_1	0.0251892461858745	0.00850805042920852	0.0225478480149693	0.0132982637081902	0.0251101659354946	0.0250329278254029	0.0227322330799492	0	0.0117780226659562	0.0117932876192236	0.0104264147094979	0.0309177920802962	0.0153466173382091	0.0182069523852615	0.00313412851110576	0.00925006104925205	0.038916423418994	0.0145742852279371	0.0162912865263024	0.0306630370465818	0.0173371909332069	0.0274715897357506	0.0200220556062361	0.0141520035809458	0.0071857542804141	0.0104726640292274	0.00885926815989201	0.0165429293521024	0.0295230579128441	0.0504599191018266	0.0116196428106892	0.0147859481758563	0.0111866594341204	0.0201165985754258	0.0147387366200669	0.00603734393454447	0.0137625008014162	0.0102734340037471	0.00865457480465233	0.014697072967455	0.0141193835698034	0.0100634497756489	0.0101983906887109	0.00918621942568409	0.00317801041025268	0.0247002552170571	0.00628845276609502	0.00894104564728437	0.0189110192691151	0.0109265272749764	0.0165380643192523	0.0136784073577604	0.0182599763202167	0.0310010342840863	0.0101072381734064	0.0106817847541919	0.020435564819654	0.00711316427893429	0.0132611135680079	0.0201445295107341	0.0108343503343595	0.0190711331465658	0.0206779090034625
OM3_C_7C_2	0.0246371176135824	0.00473478092846669	0.0252882984723385	0.0152474452316785	0.0193431626517416	0.0204133444855181	0.015780315728542	0.0117780226659562	0	0.0172082579902323	0.0168064633934036	0.0361339962044543	0.0223651744653744	0.0229064015065348	0.0106898207528118	0.0056592832330881	0.044573101869654	0.0215364621090019	0.0183724629785833	0.0233804763185268	0.0142907009935617	0.0189040926505344	0.0165774772684274	0.00248603996474964	0.00718332632855217	0.0168148338481699	0.00388505109464934	0.0250597311474303	0.036587954307962	0.0576909428263811	0.0180591243861358	0.0231591259737996	0.00486392753759817	0.0233647953056619	0.00392255514992952	0.00729665300179032	0.0227743211752653	0.0180932155614171	0.00338748512481156	0.0212718257073968	0.0157309404277042	0.0064216955491652	0.00326687366181037	0.00384695723944333	0.00983335275346659	0.0299504171944736	0.00720578437409372	0.00344236288683986	0.0226987306943441	0.00161199723555929	0.0203121763110127	0.0199130828931442	0.0105569341380826	0.0375217122406078	0.00330963841171791	0.00659233308317825	0.0254490944261306	0.011861822429563	0.00288556062873331	0.026128403094308	0.00757662670270364	0.0126013296755519	0.0136892423392521
OM3_C_7C_3	0.0364892524781516	0.0135434313297139	0.0115855629161196	0.00476529889659393	0.0351155506470227	0.035370856361068	0.0320756240213567	0.0117932876192236	0.0172082579902323	0	0.00206962826851805	0.0196158478602077	0.00526921157832822	0.00703821037078805	0.0142422043147699	0.0127317391860389	0.0281104176241327	0.0048015357390505	0.00581654352837257	0.0400217442652686	0.0280418346429434	0.0359256774986576	0.0304762912378581	0.0187017286832101	0.0103860916122805	0.00171798088894329	0.0166612965639167	0.0086267483295882	0.0194326160356369	0.0408383285157066	0.00404826477639878	0.00700442951477114	0.0133019421076309	0.0083936601903832	0.0210967016676943	0.0107020961690562	0.00771093689135788	0.00369245576705274	0.0145325940708529	0.00427522617151124	0.00516519007348964	0.0111806677370913	0.017423886776813	0.016223927193179	0.00998541492344587	0.0133586689505809	0.0162138002600918	0.0164764876847221	0.00713779907839919	0.0174906853747907	0.00623310044001535	0.0030082633031958	0.0270208511802553	0.0204782605954311	0.0139681260612022	0.0133193473747176	0.0100053840224583	0.0082124927883152	0.0194623598258548	0.00956545391405472	0.0205160216171985	0.0283020345951559	0.0292967606815132
OM3_C_7G_1	0.0349909785509452	0.0128093799921572	0.0135762857503957	0.00635032316664298	0.0341406658667343	0.0342177162222533	0.0312165358244282	0.0104264147094979	0.0168064633934036	0.00206962826851805	0	0.0207819816143458	0.0058218695362924	0.00883294995042327	0.012796076566789	0.0126563749081805	0.029370883541376	0.00564584965185542	0.00777235875143953	0.0392492733599425	0.0268932557076646	0.0352745326011838	0.029226872849154	0.0185060161208039	0.00972715508391357	0.00190386632315632	0.0158438008899713	0.00847279332157866	0.0202442178182774	0.0417850061700567	0.00495566483180938	0.00703423329189615	0.013331792810569	0.0101356627406378	0.0206249209958616	0.00989637050598872	0.00672166827516813	0.00214873106403679	0.0138898306082863	0.00527990846024745	0.0068158215634835	0.0110416052923808	0.0169041105252083	0.0157301286097588	0.00885319860581451	0.0146725438748186	0.015224962733021	0.01573627442725	0.00883392971108746	0.0169258473044591	0.00824166425414687	0.00338909163199572	0.0262722686085813	0.0214268728718108	0.0136289805348316	0.0134990057850707	0.0117037374278449	0.00815295853419253	0.0191229470592302	0.0109347700090124	0.0197058515326436	0.0276538052426607	0.0283003217929077
OM3_C_7G_2	0.0556104228665709	0.0327199674809491	0.013301718900246	0.0210858066759003	0.0546464916810662	0.0548671036722066	0.0514962688116263	0.0309177920802962	0.0361339962044543	0.0196158478602077	0.0207819816143458	0	0.015632588989111	0.0139833486452425	0.0334977452048478	0.0315895979896214	0.00993185281516881	0.0165841177186174	0.018127785611288	0.0593708497435109	0.0476218019169563	0.0550129189934345	0.0499247302841167	0.0371489401060315	0.0297012491222709	0.0206647255375159	0.0361347665569838	0.0158316503146553	0.00628521688679	0.0235904372866555	0.0202723052579885	0.0170772680533494	0.0316890171337438	0.0129949456899784	0.0399851603357936	0.0301965500040226	0.0188684857655834	0.0207737739904166	0.0338269082267476	0.0163278628414963	0.0206169729935757	0.0297590013391418	0.0367362784021325	0.0355465171371728	0.0295426576686161	0.00649878058332049	0.0358084573088472	0.0359274264346011	0.0134684782841643	0.0366956156026918	0.0169835915838506	0.0174336776752087	0.0463813452461146	0.00458011083514774	0.0328473321623991	0.0316696119488001	0.0130252351372747	0.0269656170166468	0.0383911305337142	0.0117689362116477	0.0400524750449063	0.0476692358999685	0.0484051246726781
OM3_C_7G_3	0.0401981491954549	0.0185686002313118	0.0108453916989612	0.00918824727261107	0.0397550379340355	0.0398353937230853	0.0368820465595692	0.0153466173382091	0.0223651744653744	0.00526921157832822	0.0058218695362924	0.015632588989111	0	0.00556325436790108	0.0180163594658662	0.0177619792206047	0.0238341882421025	0.00195034180455411	0.00849439320856715	0.0448638813432688	0.0323736019366254	0.040932117877427	0.0348136935220186	0.0239277209022779	0.0154307335409437	0.0056313203616664	0.0215204077550312	0.00390527230161976	0.0144963675345069	0.0359791785357832	0.00590142898336931	0.00309940428199851	0.0185262957372181	0.00777820457862436	0.0262394468311962	0.0155968899410792	0.00506313394088738	0.00529603511901224	0.0195642445885754	0.00170625283851737	0.0093372303343963	0.0164372456370328	0.022350210880097	0.0211080835206594	0.0143085793909203	0.00959878116198563	0.0206160810645603	0.0213749916041449	0.00640883476484523	0.0225466579642588	0.00711481071388428	0.00300052306881095	0.0319145366103793	0.0157741606102289	0.0191632383869983	0.0182686313780821	0.00768315321553465	0.0123912028627581	0.0245590091503206	0.00585671898046558	0.0250470727157628	0.0330267204474136	0.0341012906861983
OM3_C_7H_1	0.0432195027148485	0.0198863804883871	0.0053589917762217	0.00787819595952667	0.0413668724361332	0.0418879068423175	0.038213852581766	0.0182069523852615	0.0229064015065348	0.00703821037078805	0.00883294995042327	0.0139833486452425	0.00556325436790108	0	0.0209156042543191	0.0179263774173138	0.0217275117362067	0.00502328296393778	0.00566006661841605	0.0459400871389418	0.0344796341163278	0.0417205084664513	0.0371241167427417	0.0239858199582105	0.0167461841950726	0.0079169114146409	0.0229476444540943	0.0087987992955644	0.014401300744251	0.0349445869345934	0.00693995447464056	0.00764529429373948	0.0184087344095546	0.00420909064904704	0.026814218272191	0.0171690098566287	0.0106030982320491	0.0094092297660892	0.0206834477773973	0.004623286538785	0.00771183810104085	0.0167851676317082	0.0231707096323507	0.0219279833098178	0.0165735012458724	0.00752081128902973	0.0224974869751638	0.0226514565548581	0.00346656687130458	0.0234214510792208	0.00320004941980563	0.00655017503745193	0.033030844958838	0.0150627929841645	0.019710301313684	0.0179119566493619	0.00335207561924535	0.0131838214864524	0.0249144401592681	0.0037635583582866	0.0264756545554021	0.0339522849343425	0.0357544604565742
OM3_C_7H_2	0.0223415455650981	0.00765956895508059	0.0251449267612132	0.0154377285711436	0.0224426724394139	0.0221692736399784	0.0201613477542407	0.00313412851110576	0.0106898207528118	0.0142422043147699	0.012796076566789	0.0334977452048478	0.0180163594658662	0.0209156042543191	0	0.00978324818856469	0.0417426257269408	0.0173892904746715	0.018528334960461	0.0281667374837781	0.0146217044991541	0.0250721074168893	0.0170759377629898	0.0131653771827201	0.00755795229786406	0.0130964297383305	0.00716601152066243	0.0192098190368613	0.0322617338561684	0.0533606902734889	0.0145315041907594	0.0176204120712782	0.0113700620102513	0.0224828621843948	0.0130710576097845	0.00637337389088853	0.0162127054222362	0.012800202588398	0.00772990179055472	0.0174363260214532	0.0161988151722122	0.010427430945615	0.00910394323433486	0.00843789025521979	0.00469652518531431	0.0273507079435456	0.00465464446659044	0.00746303918118521	0.0213167058276819	0.00955181894221127	0.0192041031730518	0.0161048345188394	0.0159245629635288	0.0337181933452838	0.00969380162173118	0.0114105888762466	0.0233059015984288	0.00960226285594043	0.0120816475091605	0.0229943102406724	0.00905148903292686	0.017095305512734	0.0178678773812218
OM3_C_7H_3	0.0281565076673756	0.00545286134172696	0.020392232503078	0.0106261176932541	0.0239177915322705	0.0249696694466134	0.0205902354141841	0.00925006104925205	0.0056592832330881	0.0127317391860389	0.0126563749081805	0.0315895979896214	0.0177619792206047	0.0179263774173138	0.00978324818856469	0	0.0395975926521638	0.0166681275703784	0.0138543211438632	0.02809607611315	0.0179801666101525	0.0238944042312116	0.0208241879988782	0.0069482673058528	0.00486094701041435	0.0121987190733372	0.00651011047633175	0.0205752028732585	0.0317864392289959	0.0525426115032797	0.0128926650759572	0.0184310107986621	0.00282434825991175	0.0189547187644376	0.00937427194283158	0.00497972865942504	0.0187308587452458	0.0139334737733786	0.0046083900368737	0.0164854030078837	0.0112636577149139	0.00415876739274805	0.00550914399216733	0.0044154913224947	0.00688636474040421	0.0252387524993848	0.00738814509422287	0.0059128853847925	0.0182368402779915	0.00611792301271501	0.0151818157959495	0.0156446418505424	0.0153346232893721	0.0327487633038942	0.00368098162147598	0.00184779818263937	0.02021405790521	0.00658587961571574	0.00708337727504947	0.0210605520921604	0.00966061570414313	0.0162528658735881	0.0189888396306963
OM3_C_8A_1	0.0639284560493374	0.0414458223026111	0.0201151738210316	0.0293676070454588	0.0629991011890692	0.063383551095667	0.0599055287743199	0.038916423418994	0.044573101869654	0.0281104176241327	0.029370883541376	0.00993185281516881	0.0238341882421025	0.0217275117362067	0.0417426257269408	0.0395975926521638	0	0.0243727120864339	0.026432853383954	0.0676222709675372	0.0558831984269086	0.0633866707106986	0.0584814450483213	0.0455205381622912	0.0383235517053586	0.0288952417586413	0.0445996260420577	0.0234378137696242	0.0107629885899963	0.0146811284640736	0.0277671867275196	0.0244962039635219	0.0399849500443171	0.0216857125560965	0.0484601964974501	0.0387289975410802	0.0268755989491909	0.0291267975410903	0.0423545616791732	0.0243641636861747	0.0289800888600103	0.0383508170529671	0.0448709439086901	0.0436125502510863	0.0378298472472387	0.0149523370490164	0.0439242806600575	0.0443323286066565	0.0222030969768348	0.0451262483541705	0.0244485808611654	0.0261367630152449	0.05473807053512	0.00897505119307443	0.0413587673858008	0.0394306327189664	0.019555037369579	0.0345353091033923	0.046575448685626	0.0189310960067754	0.0480024604264338	0.0555337750282659	0.0572831189797517
OM3_C_8A_2	0.0396610913371251	0.0179740924605546	0.010361985155612	0.00836655090883357	0.038949847723891	0.0391612359249479	0.0360718523664541	0.0145742852279371	0.0215364621090019	0.0048015357390505	0.00564584965185542	0.0165841177186174	0.00195034180455411	0.00502328296393778	0.0173892904746715	0.0166681275703784	0.0243727120864339	0	0.00795099002509437	0.0439703452947809	0.031600197431302	0.0400759516465441	0.0342049141306092	0.0230660853489929	0.0147843165462828	0.00482690790782415	0.0207533636945712	0.00495510815015638	0.0153830762660664	0.0365193212008818	0.00421822363417499	0.00304396522375581	0.0176172771273534	0.00806449858914434	0.0254302072720176	0.0149060020093629	0.00597451538711367	0.00520322733876366	0.0188158439604186	0.000926885502341253	0.00864107582644858	0.0157317617472073	0.021360464203476	0.0200799354677404	0.0135568832202609	0.0103150100477764	0.0197226020875704	0.0205602891650126	0.00673009162883572	0.0217208591834855	0.00594536831638319	0.00369768277017722	0.0310624607174161	0.0166571600618173	0.0183862402421055	0.0170511732274723	0.00694573195315384	0.0110247253705014	0.0235864842308029	0.00571373827981828	0.0240335241591127	0.0319550132734693	0.0335640304601333
OM3_C_8A_3	0.0403155832485752	0.0156904848608173	0.00743372910703024	0.00331936086916954	0.0374206984519767	0.0381003084617265	0.0340472406251172	0.0162912865263024	0.0183724629785833	0.00581654352837257	0.00777235875143953	0.018127785611288	0.00849439320856715	0.00566006661841605	0.018528334960461	0.0138543211438632	0.026432853383954	0.00795099002509437	0	0.0416868986216768	0.0310540736976218	0.0371947459301275	0.0335317328657669	0.0191766279891666	0.0128031499563226	0.00713891438998764	0.0190316465708812	0.0123960158216577	0.0195619665606919	0.040159560990302	0.00742225211385972	0.010957205325428	0.0137123227915109	0.00522695294187069	0.0221943192251079	0.0135238574368228	0.0127187635053977	0.00947343500562164	0.0165301310754019	0.00725223617308239	0.00266355202063533	0.0121223774712025	0.0191879043304303	0.0180751444567037	0.0138839018323949	0.0120734384772199	0.0193693672902996	0.0186991537865624	0.00487283968104409	0.0191223583657563	0.00396344821442178	0.0071668997108113	0.0288185802486977	0.02002074351283	0.0151822424535778	0.0138212783012853	0.00851168095110672	0.0108951205497774	0.0204936881275845	0.00939838673262346	0.0230609838360499	0.0300997754911478	0.0314127051531941
OM3_C_8B_1	0.0170982240149273	0.0268692926701563	0.04834919867071	0.0385138072102003	0.00647352470819727	0.00912448402509337	0.0081935041553934	0.0306630370465818	0.0233804763185268	0.0400217442652686	0.0392492733599425	0.0593708497435109	0.0448638813432688	0.0459400871389418	0.0281667374837781	0.02809607611315	0.0676222709675372	0.0439703452947809	0.0416868986216768	0	0.0143706332687516	0.00539380025331511	0.0133772415506804	0.0228538395579778	0.0297936682915871	0.0392971607690284	0.0234262619721178	0.0468756345139178	0.0592968841137449	0.0801981758530432	0.040286645682191	0.0449909410510494	0.0280374326339256	0.0467120107580628	0.0196797264327646	0.029399706878097	0.0441147118158346	0.0400236792030814	0.0256074966250151	0.0438730584161815	0.0390495838512585	0.0297718140129687	0.0227918059570883	0.0240665307723426	0.0307162464506696	0.0531126353490981	0.0245713329385188	0.0235608773831524	0.0460001426680777	0.0227059935128454	0.0432646960585623	0.0425751516030934	0.0130271962297263	0.0604398208424625	0.0266312682566889	0.0284666386077776	0.0482221269658939	0.0334408965341381	0.0212520137958177	0.0489112766276956	0.020246651369809	0.012615961613073	0.0130798690529048
OM3_C_8C_1	0.0108268823267949	0.0159297349104895	0.0378929147526136	0.0277563686642115	0.00816374006437905	0.00792953824258008	0.00730727274559137	0.0173371909332069	0.0142907009935617	0.0280418346429434	0.0268932557076646	0.0476218019169563	0.0323736019366254	0.0344796341163278	0.0146217044991541	0.0179801666101525	0.0558831984269086	0.031600197431302	0.0310540736976218	0.0143706332687516	0	0.0128902186215051	0.00395773089298871	0.0153257070392803	0.0184483545752701	0.0270720244913496	0.012194518175661	0.0338044076240265	0.0467520514096186	0.0677216715402365	0.0282205894058957	0.0320971721872274	0.0187165457236766	0.0357135223521408	0.0121732699734635	0.0176873370028225	0.0308255174202568	0.027245022697127	0.0148492910724281	0.0316047317512287	0.0284297761724835	0.0196297956726202	0.0126522687941138	0.0135999362393503	0.0181248114088932	0.0413755410002497	0.0120146752656744	0.012554525155871	0.034746867279396	0.0128915974876423	0.0322012007676633	0.0302751383466216	0.00686756765861729	0.0481318470382473	0.0167397122318098	0.0189705961549072	0.0368045522403027	0.0217805043330567	0.0130773781219431	0.0369821913744452	0.00872364796476083	0.00748530715391783	0.00815310802142763
OM3_C_8C_2	0.0185626387141377	0.0226370946715218	0.0438875710567291	0.0341079304303708	0.00690116491592876	0.00986304188962523	0.00561668932652745	0.0274715897357506	0.0189040926505344	0.0359256774986576	0.0352745326011838	0.0550129189934345	0.040932117877427	0.0417205084664513	0.0250721074168893	0.0238944042312116	0.0633866707106986	0.0400759516465441	0.0371947459301275	0.00539380025331511	0.0128902186215051	0	0.0123326041233373	0.0181068996935473	0.0256269231075901	0.035347987848611	0.0195054697229135	0.043208711646263	0.0553128252766702	0.0763199002346275	0.0364351691922982	0.041328936912858	0.0235005314526158	0.0422206147713371	0.0150537763095287	0.0253855089530803	0.0405430086389227	0.0362432992274462	0.0214235093454687	0.0399043803127672	0.0345796162584975	0.0252796008227467	0.0188072227131233	0.0201392822379951	0.0270682866993789	0.0488344422794066	0.021255753468794	0.0195937046349546	0.0415875741309741	0.018444510488034	0.0390211799932144	0.0385277753948319	0.00922340803608441	0.0563366692752348	0.0221879471296462	0.0242330099686944	0.0440953823472724	0.0296761713344651	0.0168594385619211	0.0448559212974944	0.0171290565879292	0.00995949182487461	0.00966177798304085
OM3_C_8C_3	0.00870853948774197	0.0180118958574661	0.0405889813800421	0.0302875902760096	0.00698401236787217	0.00527880913918588	0.00703149890017987	0.0200220556062361	0.0165774772684274	0.0304762912378581	0.029226872849154	0.0499247302841167	0.0348136935220186	0.0371241167427417	0.0170759377629898	0.0208241879988782	0.0584814450483213	0.0342049141306092	0.0335317328657669	0.0133772415506804	0.00395773089298871	0.0123326041233373	0	0.0174783208769742	0.0207503387049875	0.0296109629312019	0.0146335222736928	0.0361944931830145	0.0491852763944691	0.0703942718736958	0.0310418919998986	0.0346651433296156	0.0211939397781204	0.0380707833175334	0.014103726461353	0.0200820937624496	0.0330586182386086	0.029608007783451	0.0171924593139436	0.0341522276361011	0.0309039706782415	0.0218974764237227	0.0155258236854054	0.0165546586719589	0.0206969190586717	0.0438135677479029	0.0149724145805066	0.0150870390696151	0.0371144541421824	0.015274299906308	0.0349617071825539	0.032569733285434	0.00848285919740427	0.0505474613968229	0.0190458628000568	0.0219335143357603	0.0396239120102442	0.0248184599525632	0.0156358339862874	0.0396618747501878	0.0121612613333931	0.0102087335308956	0.00670888474411616
OM3_C_8E_1	0.0258211427220943	0.00689646810873068	0.0259001457929302	0.0162059189309991	0.0194288914509987	0.0208299297708782	0.0156813153962274	0.0141520035809458	0.00248603996474964	0.0187017286832101	0.0185060161208039	0.0371489401060315	0.0239277209022779	0.0239858199582105	0.0131653771827201	0.0069482673058528	0.0455205381622912	0.0230660853489929	0.0191766279891666	0.0228538395579778	0.0153257070392803	0.0181068996935473	0.0174783208769742	0	0.00912486256342169	0.0184413289947031	0.00628491950162183	0.0268255250215612	0.0379258866316747	0.058872914498252	0.019565957561428	0.0248896534545025	0.00558295380100373	0.0242337447232017	0.00352168743871692	0.00942801566155391	0.0247073520851758	0.0199381867303778	0.00575743232267949	0.0227606553493662	0.0166044470929719	0.0076437418732104	0.00504788842388516	0.00574533539963226	0.0120882980308238	0.0310279807664135	0.0095213729608651	0.0058510345694478	0.0236923122367733	0.00383424895481454	0.0212757088209541	0.0214676878463956	0.0105515607402485	0.0387489317534537	0.00494485396228569	0.00732539485335624	0.0264744200256917	0.013486436237718	0.00286662628607598	0.0273545694506036	0.00909923672089217	0.0125906141587688	0.0138783001232667
OM3_C_8E_2	0.0277074553373931	0.00320950783485245	0.0200006770471043	0.00961071102080021	0.0250049566129781	0.0254118637583728	0.0218215584341822	0.0071857542804141	0.00718332632855217	0.0103860916122805	0.00972715508391357	0.0297012491222709	0.0154307335409437	0.0167461841950726	0.00755795229786406	0.00486094701041435	0.0383235517053586	0.0147843165462828	0.0128031499563226	0.0297936682915871	0.0184483545752701	0.0256269231075901	0.0207503387049875	0.00912486256342169	0	0.00996721607293136	0.00648603243999424	0.0180084925876527	0.0298002082039324	0.0511727817445026	0.0117380461028973	0.0162674449633887	0.00509453571683545	0.0173841609059495	0.010919386273239	0.00123712877788258	0.0156619498942599	0.0109959116120316	0.0042182873139791	0.0144979811759377	0.010197379258796	0.00307656065226663	0.00769704068887771	0.00679702406251241	0.00413496070323334	0.0235258374346278	0.00740142674372155	0.00632951175490165	0.016502091556829	0.00727072541314935	0.014595958797711	0.0129163702745351	0.0167709040266116	0.0308395600743941	0.00419913982114699	0.00655092249027642	0.0195110588579774	0.00686393862567284	0.00967248570015119	0.0197213256622138	0.0112072165079712	0.0185627127190229	0.0190268998016883
OM3_C_8E_3	0.0354233858116596	0.0131512512059149	0.0126293330740366	0.00562442919572507	0.0342966072710587	0.0345307317805424	0.0313573180878897	0.0104726640292274	0.0168148338481699	0.00171798088894329	0.00190386632315632	0.0206647255375159	0.0056313203616664	0.0079169114146409	0.0130964297383305	0.0121987190733372	0.0288952417586413	0.00482690790782415	0.00713891438998764	0.0392971607690284	0.0270720244913496	0.035347987848611	0.0296109629312019	0.0184413289947031	0.00996721607293136	0	0.0159862239861913	0.00850300346677612	0.0200271287483462	0.0413118847053026	0.00309899543463016	0.0065795381555136	0.0131122671015003	0.00984984397682754	0.0206893194270355	0.010094938523476	0.00728911564691386	0.00286351118722647	0.014022486358199	0.00461145356344463	0.00622620592278003	0.0111041351464252	0.0167226208219756	0.0154802400161301	0.0089567721433712	0.0143551593126064	0.0151914414686159	0.0158066354007188	0.00856744400328021	0.0169666763324468	0.00693952547501579	0.00388809124693791	0.0263426318625789	0.0212110842526744	0.0136675227115701	0.0128318175736507	0.0105607196381752	0.00708221584597803	0.0189542852141968	0.0101183846290632	0.019536639821223	0.027442765511218	0.0287634342910435
OM3_C_8F_2	0.022064748248276	0.0039766246835606	0.0260539966486551	0.0157694804250961	0.0185446385044009	0.0190865629952226	0.0154199213241397	0.00885926815989201	0.00388505109464934	0.0166612965639167	0.0158438008899713	0.0361347665569838	0.0215204077550312	0.0229476444540943	0.00716601152066243	0.00651011047633175	0.0445996260420577	0.0207533636945712	0.0190316465708812	0.0234262619721178	0.012194518175661	0.0195054697229135	0.0146335222736928	0.00628491950162183	0.00648603243999424	0.0159862239861913	0	0.0237265998320736	0.0359868388945607	0.0572250865471805	0.0173662348750825	0.0219117155961884	0.0069802494069927	0.0237930927990363	0.00595341349783466	0.00598126032610172	0.0211072479434226	0.0167446751965009	0.00267063619173554	0.0205899522378141	0.0163801524691723	0.00745724592026091	0.00305315598510701	0.00332329284728096	0.00766769403087449	0.0299006245671745	0.00379091298572875	0.000705747965485506	0.0229293996826714	0.00248621160917327	0.0205954200934319	0.0191613723171562	0.0104352845528387	0.0371216595783474	0.00478389692360476	0.00799627021105675	0.0254982681780432	0.0110900574639005	0.00523886977059231	0.0258323110778942	0.00546592261004111	0.012351684614307	0.0131460435802513
OM3_C_8F_3	0.0408769085743836	0.0210520602471632	0.0138544147980471	0.0129322114495559	0.0414858539338292	0.0413249708162627	0.0388548403539728	0.0165429293521024	0.0250597311474303	0.0086267483295882	0.00847279332157866	0.0158316503146553	0.00390527230161976	0.0087987992955644	0.0192098190368613	0.0205752028732585	0.0234378137696242	0.00495510815015638	0.0123960158216577	0.0468756345139178	0.0338044076240265	0.043208711646263	0.0361944931830145	0.0268255250215612	0.0180084925876527	0.00850300346677612	0.0237265998320736	0	0.0132530836586499	0.0344389403907612	0.0085910847865135	0.00264582233867858	0.0215892145877052	0.0111059686095275	0.028854450616307	0.0179763778734808	0.00356602355751976	0.00704836433602386	0.0220447623939776	0.00531934669147062	0.0131546307798074	0.0194578717972662	0.0247495097298303	0.0235033295321172	0.0161869379986338	0.0106508835252803	0.0223783280946375	0.0236510361171781	0.00984260879542967	0.0250440153604058	0.010669232085721	0.00623691586686379	0.0340654159474968	0.0149471373741875	0.0219656253940676	0.0212091765655775	0.00992638089390215	0.0148046761338191	0.0272073042576427	0.00746308860295812	0.0269171982684865	0.035072784451035	0.0360783574024262
OM3_C_9A_1	0.0541100205519616	0.032930211152712	0.0154549674754559	0.0219621756405697	0.0542174143455224	0.0542543338215846	0.0513539380928218	0.0295230579128441	0.036587954307962	0.0194326160356369	0.0202442178182774	0.00628521688679	0.0144963675345069	0.014401300744251	0.0322617338561684	0.0317864392289959	0.0107629885899963	0.0153830762660664	0.0195619665606919	0.0592968841137449	0.0467520514096186	0.0553128252766702	0.0491852763944691	0.0379258866316747	0.0298002082039324	0.0200271287483462	0.0359868388945607	0.0132530836586499	0	0.0218121790983276	0.019313934459087	0.0148032670635081	0.0323960833049457	0.0150576567873845	0.0404909645105844	0.0300481588737974	0.0166007725237141	0.0195994817909683	0.0339509403914308	0.0154530386674729	0.0217396307516179	0.0304317150620289	0.0366725218561464	0.0354068025789495	0.028770081568656	0.00795218271362755	0.0350218807794807	0.0358190780829706	0.0149698520712493	0.0368980259182258	0.017511518695715	0.0169991491998567	0.0463555755086698	0.00225546898424047	0.033338636775997	0.0319843217996754	0.0130139644643021	0.0262862808053016	0.0387422108897528	0.0110426467690972	0.0393935159007165	0.0473216333722236	0.0485126495281298
OM3_C_9A_2	0.0748718840963492	0.054352709816901	0.0341065014605471	0.0428034096418449	0.07524715019924	0.0754135827868532	0.0724517900262459	0.0504599191018266	0.0576909428263811	0.0408383285157066	0.0417850061700567	0.0235904372866555	0.0359791785357832	0.0349445869345934	0.0533606902734889	0.0525426115032797	0.0146811284640736	0.0365193212008818	0.040159560990302	0.0801981758530432	0.0677216715402365	0.0763199002346275	0.0703942718736958	0.058872914498252	0.0511727817445026	0.0413118847053026	0.0572250865471805	0.0344389403907612	0.0218121790983276	0	0.0399976109947328	0.035781303922301	0.0532995748209332	0.0355872270966491	0.0616051104461804	0.0513870111946275	0.0378228891868552	0.0410494933263896	0.0552162944309609	0.0367241160198675	0.0425509721401501	0.0516303517396515	0.0575787148896289	0.056265067433552	0.0499781204494299	0.0284468196221181	0.0559922702097753	0.0569993219460589	0.0358599158038359	0.0580459205108986	0.0376993403814412	0.0386382149494722	0.0674197093524149	0.0209610950219155	0.0545098078442325	0.0524436049470523	0.0325373190824123	0.0468316944405337	0.0596071057736817	0.0315895193067586	0.0601465126797734	0.0678953859005909	0.0700090494690938
OM3_C_9A_3	0.0367630322524645	0.0149203795999184	0.011490206708718	0.006326047179692	0.0354271103969608	0.0358547143567833	0.0325217647354361	0.0116196428106892	0.0180591243861358	0.00404826477639878	0.00495566483180938	0.0202723052579885	0.00590142898336931	0.00693995447464056	0.0145315041907594	0.0128926650759572	0.0277671867275196	0.00421822363417499	0.00742225211385972	0.040286645682191	0.0282205894058957	0.0364351691922982	0.0310418919998986	0.019565957561428	0.0117380461028973	0.00309899543463016	0.0173662348750825	0.0085910847865135	0.019313934459087	0.0399976109947328	0	0.00612792805972459	0.0141645320496715	0.00998536567428917	0.0219360089401919	0.0117722031378898	0.00834875214962591	0.00511388501991761	0.0154843579714916	0.00442925647259106	0.00698213400168379	0.0126383254190769	0.0176378602963022	0.0163191172796824	0.0104490058584246	0.0138203110931734	0.0162375902740646	0.0170993455157267	0.00879592660819725	0.0182276868711789	0.00561991070492624	0.00563776920306853	0.0274653047445358	0.0205251574585882	0.0150520380944052	0.0131610612197334	0.00882326754112866	0.0069771301706287	0.0198818372853639	0.00886172347293443	0.0203147383670643	0.0280974796243933	0.0304187520497285
OM3_C_9C_1	0.0395485675445314	0.0193775012272522	0.0128924950782651	0.0111392698514754	0.0397181248517072	0.0397219504341866	0.0370487795947916	0.0147859481758563	0.0231591259737996	0.00700442951477114	0.00703423329189615	0.0170772680533494	0.00309940428199851	0.00764529429373948	0.0176204120712782	0.0184310107986621	0.0244962039635219	0.00304396522375581	0.010957205325428	0.0449909410510494	0.0320971721872274	0.041328936912858	0.0346651433296156	0.0248896534545025	0.0162674449633887	0.0065795381555136	0.0219117155961884	0.00264582233867858	0.0148032670635081	0.035781303922301	0.00612792805972459	0	0.0196083256968591	0.0106153664171226	0.0269807655525006	0.0162016441731741	0.0040375337199018	0.00564760002864554	0.0202246473042396	0.00373218170408753	0.0114841394539916	0.0176599383710986	0.0227139357553515	0.0214313591098357	0.014376322571429	0.0113016967891137	0.0204795494805596	0.0217849337503925	0.00929038430817358	0.0231557490030595	0.0088880061757926	0.00536808209038737	0.0321931587522475	0.0164035759179077	0.0201060355840031	0.0189642481474658	0.0088489963269767	0.0124429287520578	0.0251768798727874	0.0069783235753547	0.0249086830141297	0.0330047248648868	0.0345436080588829
