	OM3_B_B_2	OM3_B_B_3	OM3_C_7A_1	OM3_C_7A_2	OM3_C_7A_3	OM3_C_7B_3	OM3_C_7C_1	OM3_C_7C_2	OM3_C_7C_3	OM3_C_7G_1	OM3_C_7G_2	OM3_C_7G_3	OM3_C_7H_2	OM3_C_7H_3	OM3_C_8A_1	OM3_C_8A_2	OM3_C_8B_1	OM3_C_8B_3	OM3_C_8C_2	OM3_C_8C_3	OM3_C_8E_1	OM3_C_8E_3	OM3_C_8F_2	OM3_C_9A_1	OM3_C_9A_2	OM3_C_9A_3	OM3_C_9C_1	OM3_C_9C_2	OM3_C_9C_3	OM3_C_9E_1	OM3_C_9E_2	OM3_C_9F_2	OM3_C_9F_3	OM3_C_9G_1	OM3_C_9H_3	OM3_H_3D_2	OM3_H_3F_1	OM3_H_3F_2	OM3_H_3F_3	OM3_H_3G_1	OM3_H_3G_2	OM3_H_3G_3	OM3_H_3H_3
OM3_B_B_2	0	0.00194576393188853	0.00506583128811135	0.0064095429883999	0.00786705361197432	0.00356781807310451	0.0152919568489739	0.0107590853492618	0.0113849690657839	0.00191439314475565	0.0211902546225335	0.0155803387419959	0.00328504167437935	0.012159559691961	0.0138601939461599	0.00309183210025976	0.00697625634057339	0.00812720273552855	0.0163564461175841	0.0157862480038726	0.00937887362976033	0.00848605502804806	0.0115535562106246	0.0133968492090183	0.0173902354701573	0.0210968515325658	0.0081248247628228	0.00449626207501635	0.0195796660507642	0.00847265278708247	0.00697404842272811	0.00293077077156223	0.00695582363326417	0.018958852218065	0.0123090427637729	0.00113827234375737	0.0120819425895534	0.0177848703249261	0.0414413013971435	0.00892633390504611	0.00911822071216291	0.0274929779628607	0.0213172431533122
OM3_B_B_3	0.00194576393188853	0	0.00626615780429462	0.00450689354643409	0.00942912876282144	0.00232061105407446	0.0134400962362585	0.0090927344650472	0.0107790754340342	0.00385065858700736	0.0193726461184618	0.0138822538002288	0.00141840740604844	0.010269955417284	0.0121770950919456	0.00181807037033489	0.00821162880122745	0.00641933025242909	0.0147879699083955	0.0140771524644287	0.0111510479102301	0.0069744265684842	0.00981614480581907	0.0124410568224045	0.0156552367027803	0.0192593052882618	0.00630589695800408	0.00413906753790676	0.0180321880051995	0.00685799667773771	0.00517986869393627	0.00467329692219043	0.00890103666501418	0.0172900239379053	0.0103654684348485	0.00144812656235689	0.0102732030621072	0.015993450230783	0.0397794147248594	0.00738411952674185	0.0076500436743491	0.0261267854727836	0.0194181063600455
OM3_C_7A_1	0.00506583128811135	0.00626615780429462	0	0.00941815906361296	0.00352414485346545	0.0058378563549663	0.0192871575811353	0.0152974138343148	0.0164241859454372	0.00417281155688567	0.0252704046826757	0.0200298012597998	0.00761928964516013	0.014490442659683	0.0183491911742343	0.00795032784159492	0.00194699134196108	0.0126161178945516	0.0210285470739531	0.020210822793019	0.00585693024488595	0.013240057531698	0.0159455422201355	0.0119780965034101	0.0217454173744703	0.0250978008042248	0.0104069637661349	0.00954548950237456	0.0242765685872377	0.0131041055456066	0.0113078587073854	0.00275922711130425	0.00611547121253952	0.0234548538235757	0.015614154207359	0.00484121502193882	0.0162790026797409	0.0219790646167515	0.0459112503071444	0.013646596900962	0.0139152736237918	0.0323860044255089	0.0249803709127794
OM3_C_7A_2	0.0064095429883999	0.00450689354643409	0.00941815906361296	0	0.0129148980633646	0.00359461294386732	0.00999825252851117	0.00698158680443143	0.0117664418334061	0.00825031622419735	0.0159670195844269	0.0111991717835125	0.00353293279193261	0.00576358993590802	0.00966550343785576	0.00468100956913931	0.0111909820834194	0.00469555719084349	0.0125928127705344	0.0113350248440874	0.0150090083783536	0.00598986380938167	0.00725563069903622	0.0101469959912775	0.0127300195194499	0.0157559192652719	0.00199579450640535	0.00695075883560788	0.0157791663152875	0.00546335038092408	0.00345534500174886	0.00875714107327814	0.013297175210533	0.0145930747872681	0.00621025620040491	0.0055504920638183	0.00727089045047779	0.0127921101788681	0.0368200494966177	0.00616469903138008	0.00666249847881196	0.0242885417169887	0.0155640414380484
OM3_C_7A_3	0.00786705361197432	0.00942912876282144	0.00352414485346545	0.0129148980633646	0	0.00932276875378038	0.0227068950064139	0.0185201135918895	0.0187560686471839	0.00633869735931894	0.0286821822358141	0.0233072387227561	0.0108363698903834	0.0180029674512223	0.0216048140768906	0.0109412799907223	0.00223247231311053	0.0158479414558635	0.024188640500146	0.0234993534811211	0.00257121772803707	0.0163305534823029	0.0192343981639763	0.0146211015017763	0.0250650090596288	0.0285281149274896	0.0139297383927938	0.0120645583971495	0.0274225812615927	0.0162696298237142	0.0145885303547113	0.00496828464880805	0.00504181987671955	0.0267170283017364	0.0191199711864867	0.00798280856367754	0.0196357758233746	0.0253536189565621	0.0491990170837367	0.0167611299809061	0.0169753451737476	0.0353462515377272	0.0284680787942499
OM3_C_7B_3	0.00356781807310451	0.00232061105407446	0.0058378563549663	0.00359461294386732	0.00932276875378038	0	0.0134738102828941	0.00980049681281426	0.0127195942079394	0.00510834851092671	0.0194580614822298	0.0143865305683337	0.00276199796632188	0.00902008584588867	0.0127526763736075	0.00384696327870005	0.00765449770611649	0.0071713597307821	0.0155599939197948	0.0145503554020469	0.0114285910311951	0.00808832642814164	0.0103200664987176	0.01012303660821	0.0160355268650284	0.0192733651920351	0.00487490850128941	0.00636286491428936	0.018802011001697	0.00778853825209182	0.00580077770920781	0.00531544805583784	0.0100062897389248	0.0178144940746413	0.00980448135968851	0.00245966864603887	0.0105453534046585	0.0162040030810702	0.0401988438356015	0.00842185866889425	0.00879935287609456	0.0271416156967574	0.019149053503028
OM3_C_7C_1	0.0152919568489739	0.0134400962362585	0.0192871575811353	0.00999825252851117	0.0227068950064139	0.0134738102828941	0	0.0052209400080564	0.0119016964101232	0.0171867045937403	0.00598536065655984	0.00289679746265155	0.0120308546292615	0.00758635074937355	0.00320939200543682	0.012363459041598	0.0211273000522199	0.00735063027049427	0.00492916604791724	0.00278080852264068	0.0245803947740435	0.00768072386706548	0.00415169261164534	0.017248796943429	0.00324607068629652	0.00582678097636879	0.00980247589347353	0.0128839602165144	0.00710420801665238	0.00731467678034697	0.00833288581617407	0.0181118709763401	0.0220781343196168	0.00525282105965719	0.00452916094997339	0.0148346854720939	0.0032960882876877	0.00287850043228549	0.0268531633856621	0.00723041883100875	0.00742506830459073	0.0155569864137645	0.00620984929538063
OM3_C_7C_2	0.0107590853492618	0.0090927344650472	0.0152974138343148	0.00698158680443143	0.0185201135918895	0.00980049681281426	0.0052209400080564	0	0.00738640131170736	0.0125724672923265	0.0106622361084331	0.00482566157768822	0.00769455648987393	0.00812189728004902	0.00310183820003487	0.00768485087680939	0.0172242282404869	0.00268165538181011	0.00576275570167185	0.00503887441170885	0.0201351785257185	0.00251001743043405	0.00108551248936765	0.0164613215809997	0.00666723075138256	0.0106676935015596	0.00783741764758012	0.00776841674082042	0.00901036164119383	0.00230515747271825	0.00401442826681032	0.0136785640250537	0.0172537934112486	0.00820503684829301	0.00537797769869841	0.0105404268235624	0.0021366021550233	0.00720402358606798	0.030699947645291	0.00204342092512379	0.00220490888416436	0.0173773897904902	0.0114036428426016
OM3_C_7C_3	0.0113849690657839	0.0107790754340342	0.0164241859454372	0.0117664418334061	0.0187560686471839	0.0127195942079394	0.0119016964101232	0.00738640131170736	0	0.0124767136991201	0.0158387172352659	0.00997341576354612	0.00995796360097479	0.0151111655743841	0.00876532916256832	0.00897795964360003	0.018286300102035	0.00762378806391383	0.00919459181693631	0.0102364140715812	0.0194977144543963	0.00621152219935713	0.00834178524972477	0.0219020648194845	0.0116826029157442	0.016081013409567	0.0134387144803835	0.00688895902001676	0.0115424826672336	0.00689224204661593	0.00844814057868944	0.0139295069544866	0.0155965208675435	0.0121542147713037	0.0127021084877837	0.0119068664873367	0.00943146994181959	0.012717216245316	0.0330065925813672	0.00631815637399006	0.00579009949968937	0.0176129938040706	0.0175200117857373
OM3_C_7G_1	0.00191439314475565	0.00385065858700736	0.00417281155688567	0.00825031622419735	0.00633869735931894	0.00510834851092671	0.0171867045937403	0.0125724672923265	0.0124767136991201	0	0.0230665658411797	0.0173976389943591	0.00519821065027527	0.0139667770898751	0.0156727651388303	0.00489055847977707	0.00588447106445163	0.00997274509053659	0.0180940754197356	0.0176093841803141	0.00759031555210807	0.0102331992785215	0.0134004073978228	0.0143135952904671	0.0192255087851656	0.0229828527874061	0.00987813985340213	0.0057261054568054	0.0212957120305503	0.0102725335598141	0.00885870139078726	0.00146916024101268	0.00505877320608251	0.0207533065240243	0.0142153755278262	0.0027235740685336	0.0139611391613845	0.0196499959137147	0.0432144241227375	0.0106855189314023	0.0108353008071793	0.0290651194881779	0.0232271573020593
OM3_C_7G_2	0.0211902546225335	0.0193726461184618	0.0252704046826757	0.0159670195844269	0.0286821822358141	0.0194580614822298	0.00598536065655984	0.0106622361084331	0.0158387172352659	0.0230665658411797	0	0.00609238477897038	0.0179570411300304	0.0127526385163153	0.00772028396167702	0.0181988934556107	0.0271107405658398	0.0131185509075292	0.00669282769640276	0.00583364499035609	0.0305206848536339	0.0131634813818517	0.00971795905107509	0.0223357976587327	0.00422154348601864	0.000613392316399211	0.0156272758026734	0.0184170529893809	0.00576423177313145	0.0129364168637173	0.0142174900712479	0.0240438652489317	0.0278736895861563	0.00398775400442801	0.0101495709197768	0.0207825888457186	0.00910934177300619	0.00345874100970888	0.0209912905592543	0.0126930677036216	0.0127449541418509	0.011850504913	0.00296132703753299
OM3_C_7G_3	0.0155803387419959	0.0138822538002288	0.0200298012597998	0.0111991717835125	0.0233072387227561	0.0143865305683337	0.00289679746265155	0.00482566157768822	0.00997341576354612	0.0173976389943591	0.00609238477897038	0	0.012472321857421	0.0100314987018823	0.00172735040975776	0.0125100484673579	0.0219389191222391	0.00746692366237195	0.0020435990528903	0.000265203237500187	0.024957154640778	0.0072425844530398	0.00408502628162313	0.019512467800228	0.00189957144615628	0.00622720150089607	0.0114763534893814	0.0124418180583229	0.00470348512069824	0.00712763540786287	0.00872808230200257	0.0184948667941042	0.0220449985919794	0.00343001886368171	0.00682599493772193	0.0153263920649653	0.00393922251702666	0.00275967022986839	0.0259063066602429	0.00677395635480942	0.00675134386175467	0.0133138895478454	0.00754987558483963
OM3_C_7H_2	0.00328504167437935	0.00141840740604844	0.00761928964516013	0.00353293279193261	0.0108363698903834	0.00276199796632188	0.0120308546292615	0.00769455648987393	0.00995796360097479	0.00519821065027527	0.0179570411300304	0.012472321857421	0	0.00923293081266092	0.0107711178700989	0.00127675209803031	0.00955749285912344	0.00501578211369117	0.0134112659405158	0.0126652558315946	0.0125676519745329	0.00564821357209101	0.00840179793897669	0.0125125178225543	0.0142394809248533	0.0178472175786541	0.00548002702960237	0.00382205576818293	0.0166591210601812	0.00548523041539961	0.00376205796420068	0.00608797148521876	0.0102124419556682	0.0158844140395644	0.00906948071300512	0.00285498506507905	0.00885555766502067	0.0145753972917544	0.0383722526647536	0.0060396630977041	0.00633960808952404	0.0248144896565475	0.0180337991231659
OM3_C_7H_3	0.012159559691961	0.010269955417284	0.014490442659683	0.00576358993590802	0.0180029674512223	0.00902008584588867	0.00758635074937355	0.00812189728004902	0.0151111655743841	0.0139667770898751	0.0127526385163153	0.0100314987018823	0.00923293081266092	0	0.0091824441743325	0.010260070363429	0.0160265736000372	0.00759745259350279	0.0119738911853518	0.0100320083644957	0.020300042278709	0.00894352746059655	0.00757340738623495	0.00969005118791242	0.0108302314885784	0.0123633627907125	0.0041484547884362	0.0121735906499739	0.0146215118477249	0.00825866023918845	0.00726636189426186	0.0143332014590866	0.018980615138253	0.0128387285678059	0.00321470265095178	0.0112460622268188	0.00678427451845201	0.0103479896862907	0.0336301584944558	0.00879505592565819	0.0093214979077725	0.0231383415681228	0.0114411937585825
OM3_C_8A_1	0.0138601939461599	0.0121770950919456	0.0183491911742343	0.00966550343785576	0.0216048140768906	0.0127526763736075	0.00320939200543682	0.00310183820003487	0.00876532916256832	0.0156727651388303	0.00772028396167702	0.00172735040975776	0.0107711178700989	0.0091824441743325	0	0.010786315533983	0.0202657737027824	0.00575806598578063	0.00297807901923927	0.00195173449213328	0.0232362779247816	0.00551982746119277	0.00243530181463776	0.0184010468178012	0.00360069074468771	0.00779846848600785	0.0101156613685869	0.0107360528960647	0.00611434515931969	0.00540138184071548	0.00704202493016365	0.0167778704474767	0.0203206505175824	0.00511372436743279	0.00599002226560743	0.0136231219482944	0.00256195647679037	0.00429009681149517	0.0276088693537532	0.00505035255572758	0.00504580989451049	0.0146649504141268	0.00887387362874536
OM3_C_8A_2	0.00309183210025976	0.00181807037033489	0.00795032784159492	0.00468100956913931	0.0109412799907223	0.00384696327870005	0.012363459041598	0.00768485087680939	0.00897795964360003	0.00489055847977707	0.0181988934556107	0.0125100484673579	0.00127675209803031	0.010260070363429	0.010786315533983	0	0.00989508840864896	0.0050873824391324	0.0132652669190753	0.0127204038627491	0.0124545883676721	0.0053954237695854	0.00851310191163126	0.0137660260641522	0.0143355488542584	0.0181311134096366	0.00666324617754526	0.00256407727578472	0.01649077096531	0.00538941166510941	0.00404391667508349	0.00602252564602653	0.00971744359354514	0.0158766981292358	0.0097895738567374	0.00312472963862347	0.00910580098320682	0.0147714385827716	0.0383559399901063	0.00583458952216382	0.00603459524415307	0.0244601825784487	0.0184757463000966
OM3_C_8B_1	0.00697625634057339	0.00821162880122745	0.00194699134196108	0.0111909820834194	0.00223247231311053	0.00765449770611649	0.0211273000522199	0.0172242282404869	0.018286300102035	0.00588447106445163	0.0271107405658398	0.0219389191222391	0.00955749285912344	0.0160265736000372	0.0202657737027824	0.00989508840864896	0	0.014543925442627	0.0229625057058132	0.0221163232789443	0.00480257382195853	0.0151846554637459	0.0178549107572165	0.0124057434032276	0.0236385945164053	0.0269234374855565	0.0120225589223863	0.0114276582197809	0.0262112296490195	0.0150421052430983	0.0132261136501194	0.00441656034769284	0.00643835585289669	0.0253661694433893	0.0173467165450509	0.00678817191743957	0.0181615133456554	0.0238461534163475	0.0478055231786434	0.0155893728138704	0.0158610573625681	0.0343318137859694	0.0267373691520828
OM3_C_8B_3	0.00812720273552855	0.00641933025242909	0.0126161178945516	0.00469555719084349	0.0158479414558635	0.0071713597307821	0.00735063027049427	0.00268165538181011	0.00762378806391383	0.00997274509053659	0.0131185509075292	0.00746692366237195	0.00501578211369117	0.00759745259350279	0.00575806598578063	0.0050873824391324	0.014543925442627	0	0.00842898460400648	0.00766653911819011	0.0175038207779749	0.00142624395264225	0.00342827832830156	0.0146737591454438	0.00926378176115652	0.0130649314150629	0.00600281919222744	0.00563295716592406	0.0116792500315605	0.000789540671175085	0.0013752956575631	0.0110326237253994	0.0147638321090289	0.0108712514718082	0.00574468382617026	0.0078658425919915	0.00405931276570702	0.00968522545393445	0.0333644081235657	0.00148565042922238	0.00201213913391223	0.0199723087629151	0.0135335930576945
OM3_C_8C_2	0.0163564461175841	0.0147879699083955	0.0210285470739531	0.0125928127705344	0.024188640500146	0.0155599939197948	0.00492916604791724	0.00576275570167185	0.00919459181693631	0.0180940754197356	0.00669282769640276	0.0020435990528903	0.0134112659405158	0.0119738911853518	0.00297807901923927	0.0132652669190753	0.0229625057058132	0.00842898460400648	0	0.00215077351707493	0.0256827566076385	0.0078714975381971	0.00533793952374365	0.0213377793621476	0.00278515102566496	0.00699718330350651	0.013093310185006	0.0128040875994392	0.00325058282750324	0.00793046388614906	0.0097762632410286	0.0192867565055656	0.0225226109391507	0.00299512944276143	0.00875938779336429	0.0162341949543713	0.00553286700339319	0.00398004187911727	0.0251471546508795	0.00743180836852334	0.00726010909804605	0.0117034929646463	0.00875224538015731
OM3_C_8C_3	0.0157862480038726	0.0140771524644287	0.020210822793019	0.0113350248440874	0.0234993534811211	0.0145503554020469	0.00278080852264068	0.00503887441170885	0.0102364140715812	0.0176093841803141	0.00583364499035609	0.000265203237500187	0.0126652558315946	0.0100320083644957	0.00195173449213328	0.0127204038627491	0.0221163232789443	0.00766653911819011	0.00215077351707493	0	0.0251634509442055	0.00747149892643279	0.00426811755107707	0.0195490313151712	0.00165411113641492	0.00596396584666922	0.0115707450316149	0.0126805255596395	0.00464373920598403	0.00734320702480771	0.00891521019201683	0.0186976112942423	0.0222716775089624	0.00326696821504521	0.00683588736843665	0.0155198808368247	0.00406577593256715	0.00249448168595372	0.025717567788622	0.00700205679890642	0.00698944151701388	0.0132489874701762	0.00728845919159801
OM3_C_8E_1	0.00937887362976033	0.0111510479102301	0.00585693024488595	0.0150090083783536	0.00257121772803707	0.0114285910311951	0.0245803947740435	0.0201351785257185	0.0194977144543963	0.00759031555210807	0.0305206848536339	0.024957154640778	0.0125676519745329	0.020300042278709	0.0232362779247816	0.0124545883676721	0.00480257382195853	0.0175038207779749	0.0256827566076385	0.0251634509442055	0	0.0178214018669989	0.0209274782622338	0.0171866102650648	0.0267655616417881	0.0304026385155694	0.0161817263857862	0.013139153092285	0.0288811193069102	0.0178434139118194	0.0163201020838876	0.00648162036549945	0.00428329356711404	0.0283287168729477	0.0212103201993732	0.00974740002757568	0.0214217640287916	0.0271381442598361	0.050794054282727	0.0182718449902362	0.0184246986390591	0.0365536509039233	0.0304771425911967
OM3_C_8E_3	0.00848605502804806	0.0069744265684842	0.013240057531698	0.00598986380938167	0.0163305534823029	0.00808832642814164	0.00768072386706548	0.00251001743043405	0.00621152219935713	0.0102331992785215	0.0131634813818517	0.0072425844530398	0.00564821357209101	0.00894352746059655	0.00551982746119277	0.0053954237695854	0.0151846554637459	0.00142624395264225	0.0078714975381971	0.00747149892643279	0.0178214018669989	0	0.0035358332654973	0.0160523005993211	0.00911843469872987	0.0131763454747282	0.00740405381673561	0.00525892921468235	0.0110961813044283	0.000685283674912681	0.0025394472029621	0.0114165023137947	0.0148039906576073	0.0105389060247143	0.00684360568617503	0.00840993023136455	0.00444495932050631	0.00970497710548247	0.0329880565459431	0.000471040673326867	0.000712529138671379	0.0191677513151615	0.0138843047689108
OM3_C_8F_2	0.0115535562106246	0.00981614480581907	0.0159455422201355	0.00725563069903622	0.0192343981639763	0.0103200664987176	0.00415169261164534	0.00108551248936765	0.00834178524972477	0.0134004073978228	0.00971795905107509	0.00408502628162313	0.00840179793897669	0.00757340738623495	0.00243530181463776	0.00851310191163126	0.0178549107572165	0.00342827832830156	0.00533793952374365	0.00426811755107707	0.0209274782622338	0.0035358332654973	0	0.0163253067358125	0.00584165644205951	0.00969287521346225	0.00784349567432842	0.00877303385123411	0.00853362675495985	0.00322690119648894	0.00464751746329952	0.014452502866067	0.0181596559625571	0.00751304135104864	0.00462462433602881	0.0112565656249841	0.00109229965277519	0.0062707687013293	0.0299841039011175	0.00308074238585341	0.00328488940268719	0.0170388006311277	0.0103495370283907
OM3_C_9A_1	0.0133968492090183	0.0124410568224045	0.0119780965034101	0.0101469959912775	0.0146211015017763	0.01012303660821	0.017248796943429	0.0164613215809997	0.0219020648194845	0.0143135952904671	0.0223357976587327	0.019512467800228	0.0125125178225543	0.00969005118791242	0.0184010468178012	0.0137660260641522	0.0124057434032276	0.0146737591454438	0.0213377793621476	0.0195490313151712	0.0171866102650648	0.0160523005993211	0.0163253067358125	0	0.0204790416865352	0.0219040639046261	0.00869123105501644	0.0163290067909256	0.0241860916981134	0.0154628412481701	0.0135618915133608	0.0136734744401447	0.0180451531627423	0.0224895738411488	0.0127549328970105	0.0122747927159287	0.0158481870821801	0.0200359223974179	0.0429777963576158	0.016157476241045	0.0166848145698502	0.0327598536923331	0.0206776308147882
OM3_C_9A_2	0.0173902354701573	0.0156552367027803	0.0217454173744703	0.0127300195194499	0.0250650090596288	0.0160355268650284	0.00324607068629652	0.00666723075138256	0.0116826029157442	0.0192255087851656	0.00422154348601864	0.00189957144615628	0.0142394809248533	0.0108302314885784	0.00360069074468771	0.0143355488542584	0.0236385945164053	0.00926378176115652	0.00278515102566496	0.00165411113641492	0.0267655616417881	0.00911843469872987	0.00584165644205951	0.0204790416865352	0	0.00440644775576447	0.0128010858765966	0.0143339156259181	0.00392562817212697	0.00897203227154589	0.0104797823888717	0.0202929435129012	0.0239134503389845	0.00201104019966746	0.00773262639677368	0.0170931969196854	0.00549179161211163	0.0012049558030703	0.0241798434524665	0.00864833128759748	0.00864290889114698	0.0123112941433215	0.00598484293074797
OM3_C_9A_3	0.0210968515325658	0.0192593052882618	0.0250978008042248	0.0157559192652719	0.0285281149274896	0.0192733651920351	0.00582678097636879	0.0106676935015596	0.016081013409567	0.0229828527874061	0.000613392316399211	0.00622720150089607	0.0178472175786541	0.0123633627907125	0.00779846848600785	0.0181311134096366	0.0269234374855565	0.0130649314150629	0.00699718330350651	0.00596396584666922	0.0304026385155694	0.0131763454747282	0.00969287521346225	0.0219040639046261	0.00440644775576447	0	0.0153459408471663	0.0184347104597524	0.00628506352173833	0.0129191479120904	0.0141258157928674	0.0239315830747293	0.0278264320577241	0.00442024629643373	0.00984809384715075	0.0206587122608753	0.00902650707426043	0.00350842888657227	0.0213132540273597	0.0127075815946544	0.0127855294855878	0.0124553707593124	0.00235553420018035
OM3_C_9C_1	0.0081248247628228	0.00630589695800408	0.0104069637661349	0.00199579450640535	0.0139297383927938	0.00487490850128941	0.00980247589347353	0.00783741764758012	0.0134387144803835	0.00987813985340213	0.0156272758026734	0.0114763534893814	0.00548002702960237	0.0041484547884362	0.0101156613685869	0.00666324617754526	0.0120225589223863	0.00600281919222744	0.013093310185006	0.0115707450316149	0.0161817263857862	0.00740405381673561	0.00784349567432842	0.00869123105501644	0.0128010858765966	0.0153459408471663	0	0.00894266591818862	0.0161632542182246	0.00679201106362801	0.00499194219750539	0.0101901080257833	0.0148598776094029	0.0147542565643828	0.00550903273032854	0.00715538810185412	0.00757679196832689	0.0126746438198685	0.0366030210017262	0.00748070759092838	0.00801416673014086	0.0247597292782494	0.0148635745889855
OM3_C_9C_2	0.00449626207501635	0.00413906753790676	0.00954548950237456	0.00695075883560788	0.0120645583971495	0.00636286491428936	0.0128839602165144	0.00776841674082042	0.00688895902001676	0.0057261054568054	0.0184170529893809	0.0124418180583229	0.00382205576818293	0.0121735906499739	0.0107360528960647	0.00256407727578472	0.0114276582197809	0.00563295716592406	0.0128040875994392	0.0126805255596395	0.013139153092285	0.00525892921468235	0.00877303385123411	0.0163290067909256	0.0143339156259181	0.0184347104597524	0.00894266591818862	0	0.0159125526803635	0.00556950601289583	0.00514164772189864	0.00713568461661374	0.00972754626659967	0.0156333649128234	0.0111346684355531	0.00507543697511129	0.0095984267260823	0.0149594958391062	0.0379144647588682	0.00572780365021743	0.00569131533938991	0.0234199368660161	0.0190925401126248
OM3_C_9C_3	0.0195796660507642	0.0180321880051995	0.0242765685872377	0.0157791663152875	0.0274225812615927	0.018802011001697	0.00710420801665238	0.00901036164119383	0.0115424826672336	0.0212957120305503	0.00576423177313145	0.00470348512069824	0.0166591210601812	0.0146215118477249	0.00611434515931969	0.01649077096531	0.0262112296490195	0.0116792500315605	0.00325058282750324	0.00464373920598403	0.0288811193069102	0.0110961813044283	0.00853362675495985	0.0241860916981134	0.00392562817212697	0.00628506352173833	0.0161632542182246	0.0159125526803635	0	0.0111762916505085	0.0130244858102363	0.0225088093327018	0.0256377689317329	0.00216117097771403	0.0114512603149997	0.0194773831913995	0.00859389731549688	0.00484154121855944	0.0220091621792353	0.0106638598557072	0.0104665627596664	0.00861071078031475	0.00853404444928952
OM3_C_9E_1	0.00847265278708247	0.00685799667773771	0.0131041055456066	0.00546335038092408	0.0162696298237142	0.00778853825209182	0.00731467678034697	0.00230515747271825	0.00689224204661593	0.0102725335598141	0.0129364168637173	0.00712763540786287	0.00548523041539961	0.00825866023918845	0.00540138184071548	0.00538941166510941	0.0150421052430983	0.000789540671175085	0.00793046388614906	0.00734320702480771	0.0178434139118194	0.000685283674912681	0.00322690119648894	0.0154628412481701	0.00897203227154589	0.0129191479120904	0.00679201106362801	0.00556950601289583	0.0111762916505085	0	0.00206544229881509	0.0113983283366379	0.0149554302107419	0.0104879934703585	0.00620306264629613	0.00830474985926683	0.00403239400727656	0.00948258498769634	0.0329744169781508	0.000701890073873429	0.00122259953799776	0.0193763544531332	0.0135237184348971
OM3_C_9E_2	0.00697404842272811	0.00517986869393627	0.0113078587073854	0.00345534500174886	0.0145885303547113	0.00580077770920781	0.00833288581617407	0.00401442826681032	0.00844814057868944	0.00885870139078726	0.0142174900712479	0.00872808230200257	0.00376205796420068	0.00726636189426186	0.00704202493016365	0.00404391667508349	0.0132261136501194	0.0013752956575631	0.0097762632410286	0.00891521019201683	0.0163201020838876	0.0025394472029621	0.00464751746329952	0.0135618915133608	0.0104797823888717	0.0141258157928674	0.00499194219750539	0.00514164772189864	0.0130244858102363	0.00206544229881509	0	0.00983897206015536	0.0137586480282263	0.0121501341860483	0.00599752104121821	0.00661437085008982	0.00510851278851102	0.0108203587181061	0.0346289470427198	0.00275370418322364	0.00322567171959941	0.0213442074854688	0.0144323757777538
OM3_C_9F_2	0.00293077077156223	0.00467329692219043	0.00275922711130425	0.00875714107327814	0.00496828464880805	0.00531544805583784	0.0181118709763401	0.0136785640250537	0.0139295069544866	0.00146916024101268	0.0240438652489317	0.0184948667941042	0.00608797148521876	0.0143332014590866	0.0167778704474767	0.00602252564602653	0.00441656034769284	0.0110326237253994	0.0192867565055656	0.0186976112942423	0.00648162036549945	0.0114165023137947	0.014452502866067	0.0136734744401447	0.0202929435129012	0.0239315830747293	0.0101901080257833	0.00713568461661374	0.0225088093327018	0.0113983283366379	0.00983897206015536	0	0.00475050694181072	0.0218811236658616	0.0148870501803377	0.00329612949986038	0.0149416118890672	0.0206581279643913	0.0443649055666073	0.0118569225478878	0.0120459970517617	0.0303822910803187	0.0240594854615944
OM3_C_9F_3	0.00695582363326417	0.00890103666501418	0.00611547121253952	0.013297175210533	0.00504181987671955	0.0100062897389248	0.0220781343196168	0.0172537934112486	0.0155965208675435	0.00505877320608251	0.0278736895861563	0.0220449985919794	0.0102124419556682	0.018980615138253	0.0203206505175824	0.00971744359354514	0.00643835585289669	0.0147638321090289	0.0225226109391507	0.0222716775089624	0.00428329356711404	0.0148039906576073	0.0181596559625571	0.0180451531627423	0.0239134503389845	0.0278264320577241	0.0148598776094029	0.00972754626659967	0.0256377689317329	0.0149554302107419	0.0137586480282263	0.00475050694181072	0	0.0253142612694061	0.0192635371267023	0.00774886622032381	0.0188104316898011	0.024428899167233	0.0476340681291933	0.0152720860071323	0.0153288519617955	0.0329589614847525	0.0281837805225409
OM3_C_9G_1	0.018958852218065	0.0172900239379053	0.0234548538235757	0.0145930747872681	0.0267170283017364	0.0178144940746413	0.00525282105965719	0.00820503684829301	0.0121542147713037	0.0207533065240243	0.00398775400442801	0.00343001886368171	0.0158844140395644	0.0128387285678059	0.00511372436743279	0.0158766981292358	0.0253661694433893	0.0108712514718082	0.00299512944276143	0.00326696821504521	0.0283287168729477	0.0105389060247143	0.00751304135104864	0.0224895738411488	0.00201104019966746	0.00442024629643373	0.0147542565643828	0.0156333649128234	0.00216117097771403	0.0104879934703585	0.0121501341860483	0.0218811236658616	0.0253142612694061	0	0.00974226287159308	0.0187361513594029	0.00732286885016532	0.00272557646650169	0.0224980733783194	0.0100783331530576	0.00998803172768328	0.0103074310857723	0.00653603020392176
OM3_C_9H_3	0.0123090427637729	0.0103654684348485	0.015614154207359	0.00621025620040491	0.0191199711864867	0.00980448135968851	0.00452916094997339	0.00537797769869841	0.0127021084877837	0.0142153755278262	0.0101495709197768	0.00682599493772193	0.00906948071300512	0.00321470265095178	0.00599002226560743	0.0097895738567374	0.0173467165450509	0.00574468382617026	0.00875938779336429	0.00683588736843665	0.0212103201993732	0.00684360568617503	0.00462462433602881	0.0127549328970105	0.00773262639677368	0.00984809384715075	0.00550903273032854	0.0111346684355531	0.0114512603149997	0.00620306264629613	0.00599752104121821	0.0148870501803377	0.0192635371267023	0.00974226287159308	0	0.0116114130764826	0.00370029611234987	0.00738355408333184	0.031137531940023	0.00656607441289214	0.00702905257954866	0.0200102423543088	0.00940086619538639
OM3_H_3D_2	0.00113827234375737	0.00144812656235689	0.00484121502193882	0.0055504920638183	0.00798280856367754	0.00245966864603887	0.0148346854720939	0.0105404268235624	0.0119068664873367	0.0027235740685336	0.0207825888457186	0.0153263920649653	0.00285498506507905	0.0112460622268188	0.0136231219482944	0.00312472963862347	0.00678817191743957	0.0078658425919915	0.0162341949543713	0.0155198808368247	0.00974740002757568	0.00840993023136455	0.0112565656249841	0.0122747927159287	0.0170931969196854	0.0206587122608753	0.00715538810185412	0.00507543697511129	0.0194773831913995	0.00830474985926683	0.00661437085008982	0.00329612949986038	0.00774886622032381	0.0187361513594029	0.0116114130764826	0	0.0116936387712556	0.0174159699179606	0.0412238028070251	0.00882453819194278	0.00907930960365393	0.0275474524199685	0.020764273645058
OM3_H_3F_1	0.0120819425895534	0.0102732030621072	0.0162790026797409	0.00727089045047779	0.0196357758233746	0.0105453534046585	0.0032960882876877	0.0021366021550233	0.00943146994181959	0.0139611391613845	0.00910934177300619	0.00393922251702666	0.00885555766502067	0.00678427451845201	0.00256195647679037	0.00910580098320682	0.0181615133456554	0.00405931276570702	0.00553286700339319	0.00406577593256715	0.0214217640287916	0.00444495932050631	0.00109229965277519	0.0158481870821801	0.00549179161211163	0.00902650707426043	0.00757679196832689	0.0095984267260823	0.00859389731549688	0.00403239400727656	0.00510851278851102	0.0149416118890672	0.0188104316898011	0.00732286885016532	0.00370029611234987	0.0116936387712556	0	0.00572305627879761	0.0296616323416992	0.00401449976515946	0.00428648463799979	0.0171849738088284	0.0094978946879423
OM3_H_3F_2	0.0177848703249261	0.015993450230783	0.0219790646167515	0.0127921101788681	0.0253536189565621	0.0162040030810702	0.00287850043228549	0.00720402358606798	0.012717216245316	0.0196499959137147	0.00345874100970888	0.00275967022986839	0.0145753972917544	0.0103479896862907	0.00429009681149517	0.0147714385827716	0.0238461534163475	0.00968522545393445	0.00398004187911727	0.00249448168595372	0.0271381442598361	0.00970497710548247	0.0062707687013293	0.0200359223974179	0.0012049558030703	0.00350842888657227	0.0126746438198685	0.0149594958391062	0.00484154121855944	0.00948258498769634	0.0108203587181061	0.0206581279643913	0.024428899167233	0.00272557646650169	0.00738355408333184	0.0174159699179606	0.00572305627879761	0	0.0240334362465775	0.00923459836408706	0.00929214577063099	0.0129188429835127	0.00484299594011971
OM3_H_3F_3	0.0414413013971435	0.0397794147248594	0.0459112503071444	0.0368200494966177	0.0491990170837367	0.0401988438356015	0.0268531633856621	0.030699947645291	0.0330065925813672	0.0432144241227375	0.0209912905592543	0.0259063066602429	0.0383722526647536	0.0336301584944558	0.0276088693537532	0.0383559399901063	0.0478055231786434	0.0333644081235657	0.0251471546508795	0.025717567788622	0.050794054282727	0.0329880565459431	0.0299841039011175	0.0429777963576158	0.0241798434524665	0.0213132540273597	0.0366030210017262	0.0379144647588682	0.0220091621792353	0.0329744169781508	0.0346289470427198	0.0443649055666073	0.0476340681291933	0.0224980733783194	0.031137531940023	0.0412238028070251	0.0296616323416992	0.0240334362465775	0	0.0325362147742529	0.0323981833993592	0.0160108684332216	0.0223113812267353
OM3_H_3G_1	0.00892633390504611	0.00738411952674185	0.013646596900962	0.00616469903138008	0.0167611299809061	0.00842185866889425	0.00723041883100875	0.00204342092512379	0.00631815637399006	0.0106855189314023	0.0126930677036216	0.00677395635480942	0.0060396630977041	0.00879505592565819	0.00505035255572758	0.00583458952216382	0.0155893728138704	0.00148565042922238	0.00743180836852334	0.00700205679890642	0.0182718449902362	0.000471040673326867	0.00308074238585341	0.016157476241045	0.00864833128759748	0.0127075815946544	0.00748070759092838	0.00572780365021743	0.0106638598557072	0.000701890073873429	0.00275370418322364	0.0118569225478878	0.0152720860071323	0.0100783331530576	0.00656607441289214	0.00882453819194278	0.00401449976515946	0.00923459836408706	0.0325362147742529	0	0.000545445177220806	0.018782433953114	0.0134299515250284
OM3_H_3G_2	0.00911822071216291	0.0076500436743491	0.0139152736237918	0.00666249847881196	0.0169753451737476	0.00879935287609456	0.00742506830459073	0.00220490888416436	0.00579009949968937	0.0108353008071793	0.0127449541418509	0.00675134386175467	0.00633960808952404	0.0093214979077725	0.00504580989451049	0.00603459524415307	0.0158610573625681	0.00201213913391223	0.00726010909804605	0.00698944151701388	0.0184246986390591	0.000712529138671379	0.00328488940268719	0.0166848145698502	0.00864290889114698	0.0127855294855878	0.00801416673014086	0.00569131533938991	0.0104665627596664	0.00122259953799776	0.00322567171959941	0.0120459970517617	0.0153288519617955	0.00998803172768328	0.00702905257954866	0.00907930960365393	0.00428648463799979	0.00929214577063099	0.0323981833993592	0.000545445177220806	0	0.0184813612097823	0.0135980397308479
OM3_H_3G_3	0.0274929779628607	0.0261267854727836	0.0323860044255089	0.0242885417169887	0.0353462515377272	0.0271416156967574	0.0155569864137645	0.0173773897904902	0.0176129938040706	0.0290651194881779	0.011850504913	0.0133138895478454	0.0248144896565475	0.0231383415681228	0.0146649504141268	0.0244601825784487	0.0343318137859694	0.0199723087629151	0.0117034929646463	0.0132489874701762	0.0365536509039233	0.0191677513151615	0.0170388006311277	0.0327598536923331	0.0123112941433215	0.0124553707593124	0.0247597292782494	0.0234199368660161	0.00861071078031475	0.0193763544531332	0.0213442074854688	0.0303822910803187	0.0329589614847525	0.0103074310857723	0.0200102423543088	0.0275474524199685	0.0171849738088284	0.0129188429835127	0.0160108684332216	0.018782433953114	0.0184813612097823	0	0.0146974076261974
OM3_H_3H_3	0.0213172431533122	0.0194181063600455	0.0249803709127794	0.0155640414380484	0.0284680787942499	0.019149053503028	0.00620984929538063	0.0114036428426016	0.0175200117857373	0.0232271573020593	0.00296132703753299	0.00754987558483963	0.0180337991231659	0.0114411937585825	0.00887387362874536	0.0184757463000966	0.0267373691520828	0.0135335930576945	0.00875224538015731	0.00728845919159801	0.0304771425911967	0.0138843047689108	0.0103495370283907	0.0206776308147882	0.00598484293074797	0.00235553420018035	0.0148635745889855	0.0190925401126248	0.00853404444928952	0.0135237184348971	0.0144323757777538	0.0240594854615944	0.0281837805225409	0.00653603020392176	0.00940086619538639	0.020764273645058	0.0094978946879423	0.00484299594011971	0.0223113812267353	0.0134299515250284	0.0135980397308479	0.0146974076261974	0
