	OM3_B_B_3	OM3_C_7A_3	OM3_C_7B_2	OM3_C_7B_3	OM3_C_7C_1	OM3_C_7C_2	OM3_C_7G_2	OM3_C_7G_3	OM3_C_7H_1	OM3_C_7H_2	OM3_C_8A_3	OM3_C_8B_1	OM3_C_8B_2	OM3_C_8C_1	OM3_C_8C_2	OM3_C_8E_1	OM3_C_8F_2	OM3_C_8F_3	OM3_C_9A_1	OM3_C_9C_2	OM3_C_9C_3	OM3_C_9D_1	OM3_C_9E_1	OM3_C_9E_2	OM3_C_9E_3	OM3_C_9F_1	OM3_C_9F_3	OM3_C_9G_2	OM3_C_9G_3	OM3_C_9H_1	OM3_C_9H_2	OM3_H_3C_2	OM3_H_3D_1	OM3_H_3D_2	OM3_H_3E_1	OM3_H_3E_2	OM3_H_3E_3	OM3_H_3F_1	OM3_H_3G_1	OM3_H_3G_2	OM3_H_3H_1
OM3_B_B_3	0	0.0160347937507199	0.0386777546854219	0.0204980430085558	0.0321076762945999	0.0161767465378001	0.0111087484751888	0.0256959059142324	0.0249625245254681	0.0191394671588917	0.021752207467751	0.0280676546650831	0.0380472669681642	0.00781165566155812	0.00775588596233542	0.0183480942592904	0.0140286268085516	0.0436224046368151	0.0113530528102692	0.0254985035604318	0.0213064617915243	0.0220115527945916	0.0170280200381343	0.0311275640184631	0.0535388557264853	0.00816799691273315	0.0318556570758267	0.0044395103418242	0.0455751935430838	0.0207982074941121	0.0183282587691656	0.00529045033444301	0.0139158611358359	0.0057295559439502	0.00854431683790492	0.0133974565667717	0.060303072430129	0.00149951641023167	0.00248794724236817	0.0110877610655881	0.019529184277682
OM3_C_7A_3	0.0160347937507199	0	0.0228720487576202	0.00510454007116427	0.0170550531945407	0.00385656231156446	0.0265915607443973	0.041358050969402	0.00913965418493204	0.00537008537705528	0.0343419658957835	0.0141043178914933	0.0229480729985749	0.0238425355100452	0.00848254449593077	0.00690344339569824	0.0287537164806115	0.0589700125652154	0.00468408915952217	0.0411273028185941	0.0365084497455815	0.0373045096149248	0.0328474132689463	0.0470386190800647	0.068791701747748	0.0227326589815762	0.0467668808093754	0.0164257731861196	0.0606061096059717	0.00601740561367905	0.00239590350888697	0.018657572148074	0.029001804289659	0.0171433644675703	0.0124529305893751	0.0281880867604025	0.0742848652078958	0.0154949615919454	0.0172984544692677	0.0269210487199334	0.00769479279067113
OM3_C_7B_2	0.0386777546854219	0.0228720487576202	0	0.0181880174642984	0.0148296172379887	0.0242951506231815	0.0494345493615357	0.0641846232099299	0.0153983813242519	0.0198281364625592	0.0566249725177026	0.0128548678125949	0.00519753512137593	0.0464007656326094	0.03093300157486	0.0214228888777771	0.0515884017894767	0.0817848015691614	0.0274414679767064	0.0639590779326815	0.0593533090774262	0.060152031664671	0.0549504084628648	0.0697649179379439	0.0915747221739804	0.0455895080558183	0.0695451738552544	0.0392761954118689	0.0833648673145609	0.0180078174563794	0.020489087653463	0.0415092703975625	0.0518564435814583	0.0399339590287174	0.0329468563707217	0.0510305382853573	0.0966004125895726	0.0379287292403738	0.0401245346272467	0.0496951008444896	0.0204557016569865
OM3_C_7B_3	0.0204980430085558	0.00510454007116427	0.0181880174642984	0	0.0152587619701608	0.00807084610990027	0.0313347166848914	0.046078475777604	0.00691830654391738	0.0026357114136643	0.0394314802457912	0.00911206831031458	0.0179033038016456	0.0282279361106916	0.012748314027233	0.00520162214461606	0.0336585310941931	0.0638113494119368	0.00934745245722251	0.0458612063768912	0.0413596068116423	0.0421362872771397	0.0369090701972821	0.051610471001813	0.0736611761756924	0.0276051695809642	0.051695559444871	0.0213483718647932	0.0655241735552122	0.00137422543529445	0.00286195004909936	0.0235662263943301	0.0338482312779152	0.0221356950407904	0.0153227702984072	0.0330796984071325	0.0793376418948269	0.0197571264671581	0.0220060395263649	0.0315389747801169	0.00514433049524483
OM3_C_7C_1	0.0321076762945999	0.0170550531945407	0.0148296172379887	0.0152587619701608	0	0.0159370520938019	0.0414316129542919	0.0558374037861542	0.00837206268420689	0.0178911889585782	0.0459203757282633	0.0181968850875591	0.018737640641382	0.0397627578497767	0.0252164086415968	0.0204387303598979	0.0427212744939086	0.0724922375208191	0.0213472862090281	0.0555545871027615	0.0504902041534571	0.0513667039040516	0.049120029365769	0.0619604167053103	0.081977375257622	0.0371938641066247	0.0599520042363431	0.0310828403587295	0.0735732028562058	0.0162113108960106	0.0154848263261566	0.0332043269662436	0.0432841027267786	0.0313024687094886	0.0294883160756506	0.0422606011800294	0.0854194949720145	0.0319021497429828	0.0327300299528145	0.0421744445004809	0.0201879273605734
OM3_C_7C_2	0.0161767465378001	0.00385656231156446	0.0242951506231815	0.00807084610990027	0.0159370520938019	0	0.0259055633681976	0.0405721076757586	0.00924082972150834	0.00904560972088895	0.0323593736848416	0.0171492173766532	0.0251128308208273	0.0238726605104684	0.00955361521063297	0.0107552485200772	0.0276335271178758	0.057830995912899	0.00588919881762696	0.0403146200932971	0.0354586666232088	0.0362968970522169	0.0331999506570207	0.0465031546955219	0.0675529855064591	0.0217953981853616	0.045443907488903	0.015506131216706	0.0592606817975687	0.0092674027618368	0.00526904178548892	0.0177105803116173	0.0280373285896894	0.0159487800612232	0.0146177384981392	0.027112434510147	0.0723954473875073	0.0159878507830845	0.016912049160367	0.0264875694258428	0.0115079652979912
OM3_C_7G_2	0.0111087484751888	0.0265915607443973	0.0494345493615357	0.0313347166848914	0.0414316129542919	0.0259055633681976	0	0.0147736737105682	0.0350842859362174	0.0301560968246655	0.0127931398030641	0.0391557785796046	0.0490531719294032	0.00524547514821989	0.0187275792776189	0.0294513075017059	0.00370619330859798	0.0325588970007358	0.0220125977693379	0.014545042875397	0.0102017751477895	0.0109053934393507	0.0104472949129364	0.020610085727533	0.0424660426504162	0.00431006462831575	0.020769996136652	0.0104059018926128	0.0344744906262381	0.0317464254973789	0.028963085690904	0.00823635976756964	0.00304620433888242	0.0101470324759925	0.0191267008780378	0.00313010865760322	0.049381333908442	0.0122501577477924	0.00933182487074819	0.00181108815819491	0.0306334914245361
OM3_C_7G_3	0.0256959059142324	0.041358050969402	0.0641846232099299	0.046078475777604	0.0558374037861542	0.0405721076757586	0.0147736737105682	0	0.049781757340571	0.044823029145963	0.0144863549853032	0.0537073393307097	0.063714634603326	0.0183917734993514	0.0334150330253548	0.0439708593105703	0.0131527897685183	0.0180727158214903	0.0367741997092076	0.000379023841481648	0.00567619367503868	0.00476131861570601	0.0134802445544644	0.00649266951063863	0.0280134290500327	0.0187840792671348	0.00813726458065834	0.0250906731494203	0.0204305311634965	0.0464544355730218	0.0437279243823292	0.022872476282507	0.0125757923645333	0.0246543725241921	0.0330772959278037	0.0135935587542052	0.0365374644771123	0.0266690919295578	0.0240899222850994	0.0146162917090326	0.0451382465229894
OM3_C_7H_1	0.0249625245254681	0.00913965418493204	0.0153983813242519	0.00691830654391738	0.00837206268420689	0.00924082972150834	0.0350842859362174	0.049781757340571	0	0.00955360518755431	0.0413653433412156	0.0121098369921855	0.0171200879128367	0.0327582885873452	0.0175911248004005	0.0121180636765262	0.0368698562442695	0.0670518251140776	0.0137309290028816	0.0495282319360416	0.044692269681094	0.0455288334839949	0.041898452857385	0.0556595386252632	0.076755863635802	0.0310144456547709	0.0546534106071317	0.0247067741047489	0.0684525771587975	0.00796544558112785	0.00726023084575996	0.0269230501950417	0.0372650494761666	0.0251843145458681	0.0213746555823226	0.0363474922121286	0.0813497491313411	0.0245397196967418	0.0259651820411415	0.0355925682682893	0.0119595726700612
OM3_C_7H_2	0.0191394671588917	0.00537008537705528	0.0198281364625592	0.0026357114136643	0.0178911889585782	0.00904560972088895	0.0301560968246655	0.044823029145963	0.00955360518755431	0	0.0389438122895948	0.0092125813541244	0.0189166902584485	0.0267292041075032	0.0114314122093228	0.00257328150936248	0.0326906649273518	0.0626872063654436	0.00855392233061469	0.0446219088419976	0.0402836315584505	0.0410307360399662	0.0351416159042127	0.0501894079599983	0.0725741699485912	0.0266187559117616	0.0507242106896435	0.0204944643685297	0.0645213838968128	0.00192686504503912	0.0040158903685415	0.022667092789835	0.0327907598397046	0.0214036007939828	0.0132095527837605	0.0320931065187423	0.0786682769171806	0.0182548645310671	0.0208602363741222	0.0302243129955413	0.0027153504138706
OM3_C_8A_3	0.021752207467751	0.0343419658957835	0.0566249725177026	0.0394314802457912	0.0459203757282633	0.0323593736848416	0.0127931398030641	0.0144863549853032	0.0413653433412156	0.0389438122895948	0	0.0481455068117682	0.0572442381709059	0.0179862569857007	0.0281098647814929	0.0389083985106497	0.00911136277226251	0.0272217673167006	0.0303949187422932	0.0141073761153041	0.00950291085397257	0.0102280354254722	0.0206201439255086	0.0206835254531951	0.0363144663631853	0.0136923709212243	0.0147770383705461	0.0187477906852897	0.0278534276471527	0.0401848305115992	0.0366954086350314	0.016812620459138	0.0100696561733101	0.0176621278900775	0.0302937180739444	0.00966363639599518	0.0400799294927471	0.023193642906502	0.0193403714894825	0.0143049903937071	0.0400898302309184
OM3_C_8B_1	0.0280676546650831	0.0141043178914933	0.0128548678125949	0.00911206831031458	0.0181968850875591	0.0171492173766532	0.0391557785796046	0.0537073393307097	0.0121098369921855	0.0092125813541244	0.0481455068117682	0	0.010371255379548	0.035437888028006	0.0204914216480547	0.00975072664547934	0.0418091374259218	0.0716498815873342	0.0177649732138421	0.0535220719179767	0.0493243350351455	0.0500495289591003	0.0433501427219008	0.0588717929795669	0.0815513176185494	0.0357439680975124	0.0598093190171756	0.0296800704623936	0.0735688277167757	0.00808882894118032	0.0119720665076596	0.0318355738775352	0.0418618119172443	0.0306081152043791	0.0211395775136881	0.041204005080546	0.0878371038743516	0.0270559172635685	0.0299272590092179	0.0391089727642163	0.00859545475126975
OM3_C_8B_2	0.0380472669681642	0.0229480729985749	0.00519753512137593	0.0179033038016456	0.018737640641382	0.0251128308208273	0.0490531719294032	0.063714634603326	0.0171200879128367	0.0189166902584485	0.0572442381709059	0.010371255379548	0	0.0455742852453278	0.0303410237875429	0.0199541770835218	0.0515055310514164	0.0815504958917786	0.027207399310091	0.06351444398448	0.0591497390493299	0.0599065312631013	0.0536644079953652	0.0690232348851122	0.0914158142365055	0.0454433519282946	0.0695336357946326	0.0392266481136651	0.0833363978460032	0.0173400269814754	0.0205755431264983	0.0414341328972259	0.0516514050672136	0.0400312492212067	0.0314619774642263	0.050918862465946	0.0971567779752335	0.0371293973797272	0.039748111273707	0.0491246846666857	0.0188461305349441
OM3_C_8C_1	0.00781165566155812	0.0238425355100452	0.0464007656326094	0.0282279361106916	0.0397627578497767	0.0238726605104684	0.00524547514821989	0.0183917734993514	0.0327582885873452	0.0267292041075032	0.0179862569857007	0.035437888028006	0.0455742852453278	0	0.0154916641456565	0.0256937058553307	0.0089461904240176	0.0364537637004147	0.0191599905732363	0.0182381010083755	0.0147093752062674	0.015265426737912	0.00948668796155487	0.0234821731708517	0.0463909174076217	0.00603866194311393	0.0252328342079603	0.00929059887486406	0.0386567519941543	0.0284539969526229	0.0261241615294697	0.00779288810036498	0.00823579887045023	0.00973254105467202	0.0146980771789126	0.00835271211537023	0.0540476928691167	0.00848417284759185	0.00712739904097732	0.00417040125208321	0.0268469729969741
OM3_C_8C_2	0.00775588596233542	0.00848254449593077	0.03093300157486	0.012748314027233	0.0252164086415968	0.00955361521063297	0.0187275792776189	0.0334150330253548	0.0175911248004005	0.0114314122093228	0.0281098647814929	0.0204914216480547	0.0303410237875429	0.0154916641456565	0	0.0109001348022866	0.0213290834846615	0.0512723196865808	0.00388187946561189	0.0332092542233641	0.0288677951160714	0.0296092634497197	0.0243747933337921	0.0388781830419514	0.0611673145904054	0.0152662135588337	0.0393412959220609	0.00937329316017638	0.0531275850376615	0.013051261108282	0.0106779277460069	0.0114353862854108	0.0213843165950866	0.0104652919094289	0.00573009195410121	0.0207215899397394	0.0674911524318403	0.00704943179344023	0.00944297319843508	0.0188279023682517	0.0120917468510961
OM3_C_8E_1	0.0183480942592904	0.00690344339569824	0.0214228888777771	0.00520162214461606	0.0204387303598979	0.0107552485200772	0.0294513075017059	0.0439708593105703	0.0121180636765262	0.00257328150936248	0.0389083985106497	0.00975072664547934	0.0199541770835218	0.0256937058553307	0.0109001348022866	0	0.0321949541091569	0.0619363079397204	0.00879511878021075	0.0437876398568685	0.0396377615354753	0.04035077272002	0.0337523012894955	0.0491449365708906	0.0718487453812691	0.0261475829069679	0.0501562063737839	0.0202356406944315	0.06389420684821	0.00428007803039798	0.00622554623896034	0.0223303225669209	0.0321996276197129	0.0212585542825681	0.0115739016455501	0.0315812463858158	0.0783638614776901	0.0173109605857614	0.0202816285345647	0.0293705336804723	0.00119181392617784
OM3_C_8F_2	0.0140286268085516	0.0287537164806115	0.0515884017894767	0.0336585310941931	0.0427212744939086	0.0276335271178758	0.00370619330859798	0.0131527897685183	0.0368698562442695	0.0326906649273518	0.00911136277226251	0.0418091374259218	0.0515055310514164	0.0089461904240176	0.0213290834846615	0.0321949541091569	0	0.0302610244513162	0.0243206559134028	0.0128586668641459	0.00782995595965439	0.00868038193982385	0.0126768361161171	0.0194472221617026	0.040074089696445	0.00607433463954473	0.0180572583599375	0.0123307178842128	0.0318977258716083	0.0341823252377137	0.0311470925604233	0.0101011557338874	0.00123341371806335	0.0117006024247057	0.0223571543426778	0.000640314028990352	0.0462988049772121	0.0153158723777802	0.01191989478749	0.00520887083973962	0.0333850001815776
OM3_C_8F_3	0.0436224046368151	0.0589700125652154	0.0817848015691614	0.0638113494119368	0.0724922375208191	0.057830995912899	0.0325588970007358	0.0180727158214903	0.0670518251140776	0.0626872063654436	0.0272217673167006	0.0716498815873342	0.0815504958917786	0.0364537637004147	0.0512723196865808	0.0619363079397204	0.0302610244513162	0	0.0544798969860484	0.018221381709368	0.0224841119133996	0.0217012680295755	0.030635406469171	0.0143624637726577	0.00994548959770407	0.0362591362258691	0.0125893539843938	0.0425697387761278	0.00368775711275934	0.0642626959401224	0.0613570948805478	0.0403366753232605	0.0299964958626198	0.0419483522638873	0.0511348936849008	0.0308129112976619	0.0204487055331249	0.0446580335410805	0.0418644889634652	0.0326042058446936	0.0631096776368103
OM3_C_9A_1	0.0113530528102692	0.00468408915952217	0.0274414679767064	0.00934745245722251	0.0213472862090281	0.00588919881762696	0.0220125977693379	0.0367741997092076	0.0137309290028816	0.00855392233061469	0.0303949187422932	0.0177649732138421	0.027207399310091	0.0191599905732363	0.00388187946561189	0.00879511878021075	0.0243206559134028	0.0544798969860484	0	0.0365509561300947	0.0320179469349221	0.0327965736974279	0.0281885049188319	0.0423967022145503	0.0643335606804864	0.0182614869276247	0.0423673706968588	0.0120268178802838	0.0561984860313551	0.00989294433134315	0.00698957022923691	0.0142340925676556	0.0245044356578435	0.012877346604357	0.00874450889254305	0.0237388757709732	0.0701666295670095	0.0108251534865339	0.0126897425636196	0.022282513927708	0.00992292163001261
OM3_C_9C_2	0.0254985035604318	0.0411273028185941	0.0639590779326815	0.0458612063768912	0.0555545871027615	0.0403146200932971	0.014545042875397	0.000379023841481648	0.0495282319360416	0.0446219088419976	0.0141073761153041	0.0535220719179767	0.06351444398448	0.0182381010083755	0.0332092542233641	0.0437876398568685	0.0128586668641459	0.018221381709368	0.0365509561300947	0	0.00532967121284335	0.0044133933043783	0.013521227795584	0.00684722727867098	0.0281642366978233	0.0185271021394721	0.00804989000391176	0.0248402375147538	0.0205260390936733	0.0462461302472799	0.043499544964625	0.0226189523472254	0.0123033327982077	0.0243897493064168	0.0329292696029703	0.0133079337678216	0.0365585013987149	0.0264859446351555	0.0238684359658652	0.0144267522258266	0.0449567569102461
OM3_C_9C_3	0.0213064617915243	0.0365084497455815	0.0593533090774262	0.0413596068116423	0.0504902041534571	0.0354586666232088	0.0102017751477895	0.00567619367503868	0.044692269681094	0.0402836315584505	0.00950291085397257	0.0493243350351455	0.0591497390493299	0.0147093752062674	0.0288677951160714	0.0396377615354753	0.00782995595965439	0.0224841119133996	0.0320179469349221	0.00532967121284335	0	0.000916861499503815	0.012938223976335	0.0121671276882769	0.0323485598666938	0.013780982111253	0.0105856431930775	0.0201011934015736	0.0242856715538038	0.0418314754133173	0.0388972885799118	0.0178661709382818	0.00751619491357657	0.0195218401977574	0.0292304661970557	0.00835426047121028	0.0393554766890246	0.022443681835405	0.0194308558277857	0.0105839894504467	0.0408212943724498
OM3_C_9D_1	0.0220115527945916	0.0373045096149248	0.060152031664671	0.0421362872771397	0.0513667039040516	0.0362968970522169	0.0109053934393507	0.00476131861570601	0.0455288334839949	0.0410307360399662	0.0102280354254722	0.0500495289591003	0.0599065312631013	0.015265426737912	0.0296092634497197	0.04035077272002	0.00868038193982385	0.0217012680295755	0.0327965736974279	0.0044133933043783	0.000916861499503815	0	0.0129138681275483	0.011253271250808	0.0315872438931367	0.0145830861643598	0.00997115904406399	0.0209102744264209	0.0235765717085897	0.0425928025009668	0.0396911639961416	0.0186756276865444	0.00830731719050026	0.0203553098575422	0.029853464908263	0.00918858170735303	0.0388124676989247	0.0231218863458753	0.0201806093652968	0.0111804906447064	0.0415322683122191
OM3_C_9E_1	0.0170280200381343	0.0328474132689463	0.0549504084628648	0.0369090701972821	0.049120029365769	0.0331999506570207	0.0104472949129364	0.0134802445544644	0.041898452857385	0.0351416159042127	0.0206201439255086	0.0433501427219008	0.0536644079953652	0.00948668796155487	0.0243747933337921	0.0337523012894955	0.0126768361161171	0.030635406469171	0.0281885049188319	0.013521227795584	0.012938223976335	0.0129138681275483	0	0.016484241298541	0.0403681337731416	0.0141128624671635	0.0215506556455546	0.0187298919745916	0.0334375975060886	0.0369662132650675	0.0350377955557621	0.017037548016591	0.0114456035938949	0.0190383730969764	0.0222215826696559	0.0124682413358331	0.0499020004871185	0.0173677529743204	0.0166113284928349	0.00876311519692106	0.0348387679996967
OM3_C_9E_2	0.0311275640184631	0.0470386190800647	0.0697649179379439	0.051610471001813	0.0619604167053103	0.0465031546955219	0.020610085727533	0.00649266951063863	0.0556595386252632	0.0501894079599983	0.0206835254531951	0.0588717929795669	0.0690232348851122	0.0234821731708517	0.0388781830419514	0.0491449365708906	0.0194472221617026	0.0143624637726577	0.0423967022145503	0.00684722727867098	0.0121671276882769	0.011253271250808	0.016484241298541	0	0.0239278585107796	0.0247973928878859	0.00980474291498496	0.0310129970696712	0.017493685407645	0.051891961332962	0.0493785278824422	0.0288322425989719	0.0187490539390321	0.0306934620907498	0.0379148867995154	0.0198373905537127	0.0343944743031667	0.0319474803111336	0.0297648270539187	0.0201292384397123	0.050288406090725
OM3_C_9E_3	0.0535388557264853	0.068791701747748	0.0915747221739804	0.0736611761756924	0.081977375257622	0.0675529855064591	0.0424660426504162	0.0280134290500327	0.076755863635802	0.0725741699485912	0.0363144663631853	0.0815513176185494	0.0914158142365055	0.0463909174076217	0.0611673145904054	0.0718487453812691	0.040074089696445	0.00994548959770407	0.0643335606804864	0.0281642366978233	0.0323485598666938	0.0315872438931367	0.0403681337731416	0.0239278585107796	0	0.0461023290503607	0.0221460935840896	0.0523924386244866	0.00846562783084215	0.074133261523012	0.0711802268144565	0.0501631581667739	0.0398588326236285	0.0517309167478999	0.0610644141451973	0.0406394805051397	0.0140988391417371	0.0545848598598735	0.051752903079102	0.0425382834187647	0.0730227906574492
OM3_C_9F_1	0.00816799691273315	0.0227326589815762	0.0455895080558183	0.0276051695809642	0.0371938641066247	0.0217953981853616	0.00431006462831575	0.0187840792671348	0.0310144456547709	0.0266187559117616	0.0136923709212243	0.0357439680975124	0.0454433519282946	0.00603866194311393	0.0152662135588337	0.0261475829069679	0.00607433463954473	0.0362591362258691	0.0182614869276247	0.0185271021394721	0.013780982111253	0.0145830861643598	0.0141128624671635	0.0247973928878859	0.0461023290503607	0	0.0241270300025564	0.00633100452827234	0.0379582919555132	0.0281146665832125	0.0251228663623062	0.00409876934840518	0.00627730589407101	0.00589805581740208	0.0166735497708957	0.00548125274666122	0.0522887610195242	0.00955880853800721	0.00590627277636751	0.00550672801859343	0.0273386084265063
OM3_C_9F_3	0.0318556570758267	0.0467668808093754	0.0695451738552544	0.051695559444871	0.0599520042363431	0.045443907488903	0.020769996136652	0.00813726458065834	0.0546534106071317	0.0507242106896435	0.0147770383705461	0.0598093190171756	0.0695336357946326	0.0252328342079603	0.0393412959220609	0.0501562063737839	0.0180572583599375	0.0125893539843938	0.0423673706968588	0.00804989000391176	0.0105856431930775	0.00997115904406399	0.0215506556455546	0.00980474291498496	0.0221460935840896	0.0241270300025564	0	0.0303651622844013	0.0138575938248475	0.0522248531868137	0.0491602418190681	0.0281447652608327	0.0179708022457867	0.0296503425235358	0.039806552755336	0.018647505982686	0.0288857704138385	0.0330159001969674	0.0299062832263546	0.0211464974075769	0.0513420758081219
OM3_C_9G_2	0.0044395103418242	0.0164257731861196	0.0392761954118689	0.0213483718647932	0.0310828403587295	0.015506131216706	0.0104059018926128	0.0250906731494203	0.0247067741047489	0.0204944643685297	0.0187477906852897	0.0296800704623936	0.0392266481136651	0.00929059887486406	0.00937329316017638	0.0202356406944315	0.0123307178842128	0.0425697387761278	0.0120268178802838	0.0248402375147538	0.0201011934015736	0.0209102744264209	0.0187298919745916	0.0310129970696712	0.0523924386244866	0.00633100452827234	0.0303651622844013	0	0.044210368221222	0.0219154390808902	0.0188196250764048	0.00223539854903682	0.0126073344400832	0.00133860521804036	0.0121909452113865	0.0117658868633028	0.0582288769550712	0.00582051630842235	0.00258659716549466	0.0111051444971781	0.0214243395655043
OM3_C_9G_3	0.0455751935430838	0.0606061096059717	0.0833648673145609	0.0655241735552122	0.0735732028562058	0.0592606817975687	0.0344744906262381	0.0204305311634965	0.0684525771587975	0.0645213838968128	0.0278534276471527	0.0735688277167757	0.0833363978460032	0.0386567519941543	0.0531275850376615	0.06389420684821	0.0318977258716083	0.00368775711275934	0.0561984860313551	0.0205260390936733	0.0242856715538038	0.0235765717085897	0.0334375975060886	0.017493685407645	0.00846562783084215	0.0379582919555132	0.0138575938248475	0.044210368221222	0	0.066039675566525	0.0629977822091542	0.0419884204166758	0.0317617136920757	0.0434995079635546	0.053327661354608	0.0324805653354499	0.0169722249567986	0.0466827010289512	0.0436947820595035	0.0346864222756159	0.0650756720669173
OM3_C_9H_1	0.0207982074941121	0.00601740561367905	0.0180078174563794	0.00137422543529445	0.0162113108960106	0.0092674027618368	0.0317464254973789	0.0464544355730218	0.00796544558112785	0.00192686504503912	0.0401848305115992	0.00808882894118032	0.0173400269814754	0.0284539969526229	0.013051261108282	0.00428007803039798	0.0341823252377137	0.0642626959401224	0.00989294433134315	0.0462461302472799	0.0418314754133173	0.0425928025009668	0.0369662132650675	0.051891961332962	0.074133261523012	0.0281146665832125	0.0522248531868137	0.0219154390808902	0.066039675566525	0	0.003999232284381	0.0241146471645504	0.0343260551834147	0.0227622775468748	0.0151121759509068	0.0335935870350705	0.0800175789702545	0.0199721144424399	0.0224257375383222	0.0318753062308188	0.00399492604381627
OM3_C_9H_2	0.0183282587691656	0.00239590350888697	0.020489087653463	0.00286195004909936	0.0154848263261566	0.00526904178548892	0.028963085690904	0.0437279243823292	0.00726023084575996	0.0040158903685415	0.0366954086350314	0.0119720665076596	0.0205755431264983	0.0261241615294697	0.0106779277460069	0.00622554623896034	0.0311470925604233	0.0613570948805478	0.00698957022923691	0.043499544964625	0.0388972885799118	0.0396911639961416	0.0350377955557621	0.0493785278824422	0.0711802268144565	0.0251228663623062	0.0491602418190681	0.0188196250764048	0.0629977822091542	0.003999232284381	0	0.0210506602818009	0.0313897481406781	0.0195381521379778	0.0141170107223795	0.0305805051974371	0.0766522007704494	0.0177238360026592	0.0196580046490639	0.0292663170729086	0.00668717910808686
OM3_H_3C_2	0.00529045033444301	0.018657572148074	0.0415092703975625	0.0235662263943301	0.0332043269662436	0.0177105803116173	0.00823635976756964	0.022872476282507	0.0269230501950417	0.022667092789835	0.016812620459138	0.0318355738775352	0.0414341328972259	0.00779288810036498	0.0114353862854108	0.0223303225669209	0.0101011557338874	0.0403366753232605	0.0142340925676556	0.0226189523472254	0.0178661709382818	0.0186756276865444	0.017037548016591	0.0288322425989719	0.0501631581667739	0.00409876934840518	0.0281447652608327	0.00223539854903682	0.0419884204166758	0.0241146471645504	0.0210506602818009	0	0.0103734336403751	0.00201428168084064	0.0136754128311448	0.00953277113343034	0.0560921641458339	0.00678935274139895	0.00282010158092004	0.00905862245299377	0.0235211664414101
OM3_H_3D_1	0.0139158611358359	0.029001804289659	0.0518564435814583	0.0338482312779152	0.0432841027267786	0.0280373285896894	0.00304620433888242	0.0125757923645333	0.0372650494761666	0.0327907598397046	0.0100696561733101	0.0418618119172443	0.0516514050672136	0.00823579887045023	0.0213843165950866	0.0321996276197129	0.00123341371806335	0.0299964958626198	0.0245044356578435	0.0123033327982077	0.00751619491357657	0.00830731719050026	0.0114456035938949	0.0187490539390321	0.0398588326236285	0.00627730589407101	0.0179708022457867	0.0126073344400832	0.0317617136920757	0.0343260551834147	0.0313897481406781	0.0103734336403751	0	0.0120951501212441	0.0220929686718083	0.00121002232758135	0.0464428613077784	0.0151340760330327	0.0119425997668994	0.00427229414046453	0.0333868264447506
OM3_H_3D_2	0.0057295559439502	0.0171433644675703	0.0399339590287174	0.0221356950407904	0.0313024687094886	0.0159487800612232	0.0101470324759925	0.0246543725241921	0.0251843145458681	0.0214036007939828	0.0176621278900775	0.0306081152043791	0.0400312492212067	0.00973254105467202	0.0104652919094289	0.0212585542825681	0.0117006024247057	0.0419483522638873	0.012877346604357	0.0243897493064168	0.0195218401977574	0.0203553098575422	0.0190383730969764	0.0306934620907498	0.0517309167478999	0.00589805581740208	0.0296503425235358	0.00133860521804036	0.0434995079635546	0.0227622775468748	0.0195381521379778	0.00201428168084064	0.0120951501212441	0	0.0135086915342562	0.0111692025606589	0.0573148411257765	0.00713890033037718	0.00364595169230676	0.0110485812946075	0.0224428869398196
OM3_H_3E_1	0.00854431683790492	0.0124529305893751	0.0329468563707217	0.0153227702984072	0.0294883160756506	0.0146177384981392	0.0191267008780378	0.0330772959278037	0.0213746555823226	0.0132095527837605	0.0302937180739444	0.0211395775136881	0.0314619774642263	0.0146980771789126	0.00573009195410121	0.0115739016455501	0.0223571543426778	0.0511348936849008	0.00874450889254305	0.0329292696029703	0.0292304661970557	0.029853464908263	0.0222215826696559	0.0379148867995154	0.0610644141451973	0.0166735497708957	0.039806552755336	0.0121909452113865	0.053327661354608	0.0151121759509068	0.0141170107223795	0.0136754128311448	0.0220929686718083	0.0135086915342562	0	0.0217180684129537	0.0684762410836423	0.00711563794183713	0.0109831682386172	0.018678997050495	0.0126344905834053
OM3_H_3E_2	0.0133974565667717	0.0281880867604025	0.0510305382853573	0.0330796984071325	0.0422606011800294	0.027112434510147	0.00313010865760322	0.0135935587542052	0.0363474922121286	0.0320931065187423	0.00966363639599518	0.041204005080546	0.050918862465946	0.00835271211537023	0.0207215899397394	0.0315812463858158	0.000640314028990352	0.0308129112976619	0.0237388757709732	0.0133079337678216	0.00835426047121028	0.00918858170735303	0.0124682413358331	0.0198373905537127	0.0406394805051397	0.00548125274666122	0.018647505982686	0.0117658868633028	0.0324805653354499	0.0335935870350705	0.0305805051974371	0.00953277113343034	0.00121002232758135	0.0111692025606589	0.0217180684129537	0	0.0469263211456765	0.0146798378415816	0.0113035578739719	0.004712102315392	0.0327709980553206
OM3_H_3E_3	0.060303072430129	0.0742848652078958	0.0966004125895726	0.0793376418948269	0.0854194949720145	0.0723954473875073	0.049381333908442	0.0365374644771123	0.0813497491313411	0.0786682769171806	0.0400799294927471	0.0878371038743516	0.0971567779752335	0.0540476928691167	0.0674911524318403	0.0783638614776901	0.0462988049772121	0.0204487055331249	0.0701666295670095	0.0365585013987149	0.0393554766890246	0.0388124676989247	0.0499020004871185	0.0343944743031667	0.0140988391417371	0.0522887610195242	0.0288857704138385	0.0582288769550712	0.0169722249567986	0.0800175789702545	0.0766522007704494	0.0560921641458339	0.0464428613077784	0.0573148411257765	0.0684762410836423	0.0469263211456765	0	0.0615529616586951	0.058179491864178	0.0499247211808661	0.0795522119878995
OM3_H_3F_1	0.00149951641023167	0.0154949615919454	0.0379287292403738	0.0197571264671581	0.0319021497429828	0.0159878507830845	0.0122501577477924	0.0266690919295578	0.0245397196967418	0.0182548645310671	0.023193642906502	0.0270559172635685	0.0371293973797272	0.00848417284759185	0.00704943179344023	0.0173109605857614	0.0153158723777802	0.0446580335410805	0.0108251534865339	0.0264859446351555	0.022443681835405	0.0231218863458753	0.0173677529743204	0.0319474803111336	0.0545848598598735	0.00955880853800721	0.0330159001969674	0.00582051630842235	0.0466827010289512	0.0199721144424399	0.0177238360026592	0.00678935274139895	0.0151340760330327	0.00713890033037718	0.00711563794183713	0.0146798378415816	0.0615529616586951	0	0.0039860459043591	0.0120644409758294	0.0184807924842327
OM3_H_3G_1	0.00248794724236817	0.0172984544692677	0.0401245346272467	0.0220060395263649	0.0327300299528145	0.016912049160367	0.00933182487074819	0.0240899222850994	0.0259651820411415	0.0208602363741222	0.0193403714894825	0.0299272590092179	0.039748111273707	0.00712739904097732	0.00944297319843508	0.0202816285345647	0.01191989478749	0.0418644889634652	0.0126897425636196	0.0238684359658652	0.0194308558277857	0.0201806093652968	0.0166113284928349	0.0297648270539187	0.051752903079102	0.00590627277636751	0.0299062832263546	0.00258659716549466	0.0436947820595035	0.0224257375383222	0.0196580046490639	0.00282010158092004	0.0119425997668994	0.00364595169230676	0.0109831682386172	0.0113035578739719	0.058179491864178	0.0039860459043591	0	0.0096434841763351	0.0214714381220534
OM3_H_3G_2	0.0110877610655881	0.0269210487199334	0.0496951008444896	0.0315389747801169	0.0421744445004809	0.0264875694258428	0.00181108815819491	0.0146162917090326	0.0355925682682893	0.0302243129955413	0.0143049903937071	0.0391089727642163	0.0491246846666857	0.00417040125208321	0.0188279023682517	0.0293705336804723	0.00520887083973962	0.0326042058446936	0.022282513927708	0.0144267522258266	0.0105839894504467	0.0111804906447064	0.00876311519692106	0.0201292384397123	0.0425382834187647	0.00550672801859343	0.0211464974075769	0.0111051444971781	0.0346864222756159	0.0318753062308188	0.0292663170729086	0.00905862245299377	0.00427229414046453	0.0110485812946075	0.018678997050495	0.004712102315392	0.0499247211808661	0.0120644409758294	0.0096434841763351	0	0.0305416854156553
OM3_H_3H_1	0.019529184277682	0.00769479279067113	0.0204557016569865	0.00514433049524483	0.0201879273605734	0.0115079652979912	0.0306334914245361	0.0451382465229894	0.0119595726700612	0.0027153504138706	0.0400898302309184	0.00859545475126975	0.0188461305349441	0.0268469729969741	0.0120917468510961	0.00119181392617784	0.0333850001815776	0.0631096776368103	0.00992292163001261	0.0449567569102461	0.0408212943724498	0.0415322683122191	0.0348387679996967	0.050288406090725	0.0730227906574492	0.0273386084265063	0.0513420758081219	0.0214243395655043	0.0650756720669173	0.00399492604381627	0.00668717910808686	0.0235211664414101	0.0333868264447506	0.0224428869398196	0.0126344905834053	0.0327709980553206	0.0795522119878995	0.0184807924842327	0.0214714381220534	0.0305416854156553	0
