	HMEC_4_1_1	HMEC_4_1_2	HMEC_4_1_3	HMEC_4_2_1	HMEC_4_2_2	HMEC_4_2_3	HMEC_4_G2_3E_1	HMEC_4_G2_3E_2	HMEC_4_G2_3E_3	HMEC_4_G2_3G_2	HMEC_4_G2_3G_3	HMEC_4_G2_4A_1	HMEC_4_G2_4A_2	HMEC_4_G2_4A_3	HMEC_4_G2_4B_1	HMEC_4_G2_4B_2	HMEC_4_G2_4B_3	HMEC_4_G2_4C_2	HMEC_4_G2_4C_3	HMEC_4_G2_4D_1	HMEC_4_G2_4D_2	HMEC_4_G2_4D_3	HMEC_5_1_1	HMEC_5_1_2	HMEC_5_1_3	HMEC_5_2_2	HMEC_5_2_3	HMEC_5_3_2	HMEC_5_3_3	HMEC_5_4_1	HMEC_5_4_2	HMEC_5_4_3	HMEC_5_5_2	HMEC_5_5_3	HMEC_5_6_1	HMEC_5_6_2	HMEC_5_6_3	HMEC_5_7_2	HMEC_5_7_3	HMEC_5_8_1	HMEC_5_8_2	HMEC_5_8_3	HMEC_5_9_1	HMEC_5_9_2	HMEC_5_9_3	HMEC_Root1_2	HMEC_Root1_3	HMEC_Root2_1	HMEC_Root2_3	HMEC_STAT_2_1	HMEC_STAT_2_2	HMEC_STAT_2_3	HMEC_STAT_3_1	HMEC_STAT_3_2	HMEC_STAT_3_3	HMEC_STAT_4_1	HMEC_STAT_4_2	HMEC_STAT_4_3	HMEC_STAT_G2_3B_1	HMEC_STAT_G2_3B_2
HMEC_4_1_1	0	0.0142361985112019	0.00438055438823556	0.0135972129697519	0.0173264318342466	0.015917304191387	0.0206066145471261	0.0202762559387719	0.0139439886477372	0.0193259467573533	0.0284506533584036	0.00163473483869127	0.0162048890397902	0.00809255443824417	0.0131356011850203	0.00795171426594368	0.00845597493556239	0.00394770554281196	0.0613903760478673	0.00931497670572207	0.00621266855053729	0.0151708095853698	0.0114986806855771	0.0220106437485132	0.017598759063926	0.00938541548632987	0.00705328467175745	0.0188289266985455	0.0108457723616958	0.0338021936869593	0.0143967268949776	0.0121746848998127	0.0114366522583126	0.011700378760727	0.0227609498280408	0.0375419415617391	0.0173126332870573	0.0139363088669961	0.0165388809415292	0.00479863711639067	0.0188488973828901	0.0163540396393373	0.021978626974555	0.0190464735169325	0.0176975912752387	0.0180007476725188	0.00554544948242909	0.016848674682196	0.0081352985172721	0.00567737802422101	0.00615134878762483	0.0140759509977108	0.00570710342327088	0.0147759885501727	0.0150803976244507	0.0290402871405021	0.0167221073421287	0.0176451797532674	0.0135364954630629	0.043375393220428
HMEC_4_1_2	0.0142361985112019	0	0.0155052454121445	0.00571071156823796	0.00558543732944078	0.00866813386972082	0.0347711060930091	0.0081941707805512	0.0215886410468108	0.00608442074876873	0.0424298654561901	0.015201181701651	0.0290984927422324	0.0219349701046756	0.00324325958982249	0.00791925463488661	0.0158964281326296	0.0166892779872489	0.0750655397971946	0.0203519603543471	0.00873606225041063	0.0281288828210016	0.00511568677116302	0.0104548567474259	0.00599774598778717	0.0104382838774768	0.0110109105013179	0.00672611414546602	0.0141398837105631	0.0197860896446174	0.0120174287041031	0.00919216750712583	0.0086579492302308	0.00894871005072127	0.00905514378788772	0.0235566355567545	0.00469256058241933	0.00742905001153036	0.00649158876233856	0.00946210375125059	0.00893484625055426	0.022119029034497	0.0354103675254849	0.0280033187446961	0.0272478432475827	0.00421947836407165	0.00920710702307058	0.00821464892617096	0.00746097520155199	0.0125010444089763	0.0184383011776375	0.00528520077776796	0.00858559179054186	0.00203904982338403	0.00101484448588357	0.0148950293663753	0.00749495325503081	0.00949130159212875	0.0166120705442872	0.0575841593519138
HMEC_4_1_3	0.00438055438823556	0.0155052454121445	0	0.0163509502297335	0.0196202480809841	0.019097143371639	0.020963839085526	0.019971901868366	0.00956570286114489	0.0195933557885788	0.0271383638586914	0.00298039208788873	0.0185249235926339	0.00694339122768922	0.0152857406317387	0.0110501707959349	0.0128311429248725	0.00780235280861122	0.0596031238193865	0.0130936145762404	0.00920726723856667	0.0174978555150595	0.0140961618446443	0.0245742986317342	0.0199486818271878	0.0132358668805136	0.0110095453199626	0.0211079194719814	0.015127974571858	0.0352736026891849	0.0182653223411079	0.0157190491454645	0.0149018480942734	0.0152161026082522	0.0230915964519584	0.0378107909266547	0.0175293548919217	0.0170418167962079	0.019186969304861	0.00720063588423224	0.0216912405644622	0.0206713717090518	0.0235730351015489	0.0228661742173444	0.021422094666859	0.0186545473114215	0.00854030056992257	0.0198313424692251	0.00822029835017533	0.00347073462675287	0.00293462882483562	0.0137725526956681	0.00803265884187342	0.0154688970754327	0.0161625578857272	0.0303352443511075	0.0195687568553544	0.0207837524809996	0.0097497872750948	0.0427565089606727
HMEC_4_2_1	0.0135972129697519	0.00571071156823796	0.0163509502297335	0	0.00411554458584726	0.00332364435720746	0.0330302819547624	0.0137152868468826	0.0242649885702693	0.0113233045983014	0.0418897400135121	0.0149960263356884	0.0261288104677148	0.0216878007781779	0.00254051337334831	0.00566601700623306	0.0120886258258977	0.014733672819814	0.0748980048493201	0.0170786658814697	0.00739454150205731	0.0252411806185351	0.00228047615492032	0.00841758562498876	0.00426677221933358	0.00625152469657895	0.0078595725478969	0.00551756380923553	0.00941609725241157	0.0210632726688853	0.00636747037704637	0.00390425786753383	0.00371452558244339	0.00385747057012038	0.0136138010222301	0.026980154997694	0.0103013147463891	0.00171949911436026	0.00294798306811755	0.00918769628282702	0.00534137519885671	0.0170789657255436	0.0326486354344095	0.0234535724994197	0.0229117243883076	0.00930092467612132	0.00807301072935794	0.00357111103330801	0.00994619636047851	0.0142171199801057	0.0190994441302136	0.0106088221014057	0.00832344537576947	0.00773968328913224	0.00654853014285735	0.0167782472623604	0.00322060503398348	0.00471076620824643	0.0203153312037539	0.0562600042072516
HMEC_4_2_2	0.0173264318342466	0.00558543732944078	0.0196202480809841	0.00411554458584726	0	0.00477130917818239	0.0370890729908447	0.0118901293229922	0.0267254672050351	0.009248028472313	0.0457424362712983	0.0186185100864089	0.0302370622391501	0.0253933717571087	0.0043364152835859	0.00955993069083011	0.0161622947762327	0.0187646556072469	0.078680569348655	0.0211832094289493	0.0111394164861335	0.0293529025358418	0.00585838207526958	0.00507619250430448	0.000412357743203648	0.0103397281894713	0.0119621441370794	0.00150437037153617	0.013280706139266	0.016952837707411	0.00933530207143329	0.00770392017597177	0.00771929959531949	0.00778828416566667	0.0106755605950334	0.0231265684145679	0.00896332513483757	0.00498771787033397	0.00187933309962934	0.0126807705689349	0.00349249251085409	0.0205924536048625	0.0367598415265698	0.0272151207549448	0.0267703287663577	0.00733147244250338	0.011790227834471	0.00362986710034639	0.0122722031049703	0.017067483819122	0.0224759474911629	0.010809012775396	0.0117696413568461	0.00733219097694609	0.00585031143214103	0.012691144961098	0.0028704377100363	0.00470176335612562	0.0220724277353705	0.0602801931807836
HMEC_4_2_3	0.015917304191387	0.00866813386972082	0.019097143371639	0.00332364435720746	0.00477130917818239	0	0.034354518605684	0.0162246405212175	0.0273755116523121	0.0136696137493631	0.043760081142433	0.0174272571879583	0.0267847879265294	0.0239200792037033	0.00574173318302279	0.00807182717963822	0.0126255218347101	0.0163744281858812	0.0768229203270789	0.0177655292205382	0.00991249149841725	0.0259709629747558	0.0054262879581388	0.00691882312582781	0.00461711995501455	0.00720774851993173	0.0093656983660667	0.00551591676876608	0.00925151279658094	0.0205523135755955	0.00468086304062523	0.00410746807492903	0.00461209949468467	0.00445448036847738	0.0154094596343929	0.02763314125481	0.0129863647627767	0.00206622827130497	0.00289552134514212	0.0119023792636319	0.00341571187480471	0.0160296999361657	0.0333487347834284	0.022829524810139	0.022514942072537	0.0116645278503472	0.0105919773388881	0.00140655935916571	0.0131942352377176	0.017241602978962	0.0217251830130137	0.013788949807439	0.0111110732787907	0.0106988005735936	0.00935903453779913	0.0168062282040968	0.00197074924603275	0.00173124901341001	0.0236021028043699	0.0576561389811736
HMEC_4_G2_3E_1	0.0206066145471261	0.0347711060930091	0.020963839085526	0.0330302819547624	0.0370890729908447	0.034354518605684	0	0.040664381823658	0.0243027401732728	0.0398945437837387	0.0115989885088782	0.0199340985345869	0.00959974324734487	0.0141456949153219	0.0332508305724935	0.0275949083185729	0.0219890642743873	0.0183432075885284	0.0435297265905927	0.0170231269205095	0.0262388662695908	0.00980751570628468	0.0313091967887896	0.0411627031273159	0.0372821564546494	0.0271707965811431	0.0252029063927587	0.0385365013629863	0.0257594179822914	0.0539633355085189	0.0309270491759407	0.0302507960358734	0.0298441158132893	0.0299367204820849	0.0433451417695205	0.0581191694893873	0.0378635274165584	0.0327536806926368	0.0358899945385635	0.0253205036276319	0.0377088691675006	0.0240870675336418	0.0066165208250543	0.0195721490950203	0.0181842909360092	0.0385990052057033	0.0256743102588734	0.0356048814645595	0.0285169133957192	0.024398376630634	0.018593157505966	0.0344155430512612	0.026189831605837	0.0353759929141919	0.0356479800882319	0.0493786522839239	0.0357407811672434	0.0359948337751419	0.0288508506190465	0.02332358295612
HMEC_4_G2_3E_2	0.0202762559387719	0.0081941707805512	0.019971901868366	0.0137152868468826	0.0118901293229922	0.0162246405212175	0.040664381823658	0	0.0227942708221141	0.00266868250625055	0.0468926456450955	0.0207544747009751	0.03614701881994	0.0269001184710473	0.011393061997137	0.0156866594917287	0.0237365080952354	0.0234820722490764	0.0786302078328252	0.0278066533697459	0.0160165411068232	0.0351378213968168	0.0133007835154264	0.0150775615089986	0.0122236441671772	0.0185393135697701	0.018803880261437	0.0121666111562541	0.0222847591949171	0.0180455154794337	0.0200817648313531	0.0173674804183032	0.0168510158989369	0.0171384169804117	0.00419928645376828	0.0179797639080239	0.00351790376384921	0.0153909366479112	0.0135225678308626	0.0159889732886161	0.0152704786380513	0.0302861571443088	0.0421860060555273	0.035997097154474	0.0351521429755617	0.00457743690369559	0.0163027275150183	0.0153860613109474	0.0121798811970171	0.0165128398576968	0.0227398786542727	0.00625448997157796	0.0152954300713559	0.00642133702263191	0.00723514290865907	0.0131505557654524	0.014604917945169	0.0165579548678182	0.0166423244010039	0.0626811352247778
HMEC_4_G2_3E_3	0.0139439886477372	0.0215886410468108	0.00956570286114489	0.0242649885702693	0.0267254672050351	0.0273755116523121	0.0243027401732728	0.0227942708221141	0	0.0235282659028286	0.0263033903744935	0.0124627354869032	0.0253373251433463	0.011788318157038	0.0225608774200942	0.0197119026850847	0.0223797727624565	0.017065825461411	0.0563424261263234	0.0220368800571132	0.0179642461717774	0.0244067205659049	0.0220067572046884	0.0317973489047752	0.0271094906582552	0.0224129667589023	0.0203263644104421	0.0280969954770674	0.0246332872454649	0.0402758646216446	0.0273500983593819	0.0245332492504555	0.0236680646167322	0.0240200339585765	0.026752478960265	0.0404173287309555	0.0216632292398334	0.0253243491251438	0.0267932925966229	0.0158560491374374	0.0294294246237276	0.0301201250753476	0.0288535167091652	0.0315954743022948	0.0300483483145266	0.0233738476929285	0.0173726123849628	0.0278343956342971	0.0144757021106039	0.0101894530278357	0.00873486852476149	0.0177284594013936	0.0164777626232929	0.0207076809512391	0.0218847587352143	0.0352312069566271	0.0274108986741884	0.028945994202037	0.00633000289847271	0.0426003768859907
HMEC_4_G2_3G_2	0.0193259467573533	0.00608442074876873	0.0195933557885788	0.0113233045983014	0.009248028472313	0.0136696137493631	0.0398945437837387	0.00266868250625055	0.0235282659028286	0	0.0467021854212914	0.0199967539571578	0.0348371670368052	0.0264276214246042	0.00913554167052208	0.0139130322412097	0.0219424486196927	0.0222479656875544	0.0788163508085882	0.026261078827768	0.0144925629538473	0.0338459270259516	0.0111653763087835	0.0124567886884738	0.00957354271699136	0.0165200397997779	0.0170300167611389	0.00949805125735855	0.0202033010426343	0.016790869956109	0.0176725961325917	0.015085201613849	0.0146348920489393	0.014897422738086	0.00349954634913822	0.0182843790423202	0.00206462639458577	0.0129596972020486	0.0109185698105513	0.0147800040874899	0.012607643760353	0.0281519484747418	0.0410229431952538	0.0340830258857327	0.0333164910617659	0.00202638491998364	0.0148651092197524	0.0127794864972694	0.011469682751532	0.0162121565545668	0.0224612920323448	0.00598330822948042	0.014000499096316	0.00468371199418372	0.00507351716555594	0.0117623907220126	0.0119980973624667	0.013932219667612	0.0176143172218414	0.0622775167458288
HMEC_4_G2_3G_3	0.0284506533584036	0.0424298654561901	0.0271383638586914	0.0418897400135121	0.0457424362712983	0.043760081142433	0.0115989885088782	0.0468926456450955	0.0263033903744935	0.0467021854212914	0	0.0272841709070372	0.0211414542660698	0.0205069356060058	0.0415792699372629	0.0362384475652395	0.0321173533326866	0.0274005751101213	0.0331130957796497	0.0275601761500914	0.0346106729544778	0.0212379741118246	0.0398941472163484	0.0502727767510528	0.0459995397685516	0.0366065612470472	0.0344004498159372	0.0472393456980816	0.0359198085914773	0.0621540725564534	0.0409242720715941	0.0397044560677964	0.0391521454842266	0.039317281121801	0.0501935369615913	0.0648210080631258	0.0446420964098544	0.0419491295487032	0.0448316444109836	0.0332026761951046	0.0469571823621513	0.0353628962362656	0.0174507191905928	0.0311642941667621	0.0297582732756246	0.0457733460605822	0.0339634399370782	0.0448794427043195	0.0353429285034142	0.0305032738838386	0.0242536520651493	0.0408148576480831	0.0341207861225768	0.0425728414981054	0.0431698968714532	0.0573080667501462	0.0448782747272115	0.0454695128338643	0.0322261880899521	0.0163080629395185
HMEC_4_G2_4A_1	0.00163473483869127	0.015201181701651	0.00298039208788873	0.0149960263356884	0.0186185100864089	0.0174272571879583	0.0199340985345869	0.0207544747009751	0.0124627354869032	0.0199967539571578	0.0272841709070372	0	0.0163045206949722	0.00679968853462759	0.0143632538271543	0.00939987381920621	0.0099237718338074	0.00484814047160802	0.0601306197853558	0.0101933612398266	0.00760621123505488	0.0152673795512417	0.0128421224436311	0.0233886116314337	0.0189073575516999	0.0110017726776208	0.00867746669082431	0.020122620347922	0.0124560117292257	0.0348998758194075	0.0160209785039484	0.0137487538199953	0.0129933067888247	0.0132677618027582	0.0234695828043196	0.0382660477999309	0.0179533513607241	0.0154235396466182	0.0179229231793631	0.00595097051932444	0.0202885437336123	0.0177035351353565	0.0217859626721712	0.019975004562025	0.0185614693134251	0.0187931812821482	0.00692487358687809	0.0183164327822677	0.00858636792054645	0.00513654209082826	0.00451699952769578	0.0145058491976975	0.00686933276970409	0.0155570725263249	0.0159922594956	0.0300767071531925	0.0181568735446777	0.0191501807068522	0.0125517050071934	0.042435644926358
HMEC_4_G2_4A_2	0.0162048890397902	0.0290984927422324	0.0185249235926339	0.0261288104677148	0.0302370622391501	0.0267847879265294	0.00959974324734487	0.03614701881994	0.0253373251433463	0.0348371670368052	0.0211414542660698	0.0163045206949722	0	0.0135512981707635	0.0269326982592712	0.0212895266190697	0.0141755958168984	0.0126788482630351	0.0528842808592666	0.0090653558784964	0.0203871137857214	0.0010375933624262	0.0248135453688938	0.0337002948675851	0.0303542073953916	0.0199144796935355	0.0184012885691213	0.0315783104042475	0.017654114054078	0.0471233788546016	0.0228055547102287	0.0227982089712864	0.0225857969340204	0.0225869541492033	0.0380972546597905	0.0525853594854382	0.032938789300239	0.0254844290674163	0.0287732996642419	0.0201660841237401	0.0301990435784804	0.0146427023316786	0.00656705902477005	0.0100937346982414	0.00863046335683823	0.0332317616484536	0.0199817498175051	0.0281353004864454	0.0242353113753001	0.0214276430479549	0.0172899293163282	0.0300920788070258	0.020879405344209	0.0301589656507704	0.0300719349514202	0.0428849486269472	0.0284161481788633	0.0282942122070771	0.0280250524122651	0.0318757279251455
HMEC_4_G2_4A_3	0.00809255443824417	0.0219349701046756	0.00694339122768922	0.0216878007781779	0.0253933717571087	0.0239200792037033	0.0141456949153219	0.0269001184710473	0.011788318157038	0.0264276214246042	0.0205069356060058	0.00679968853462759	0.0135512981707635	0	0.0211571385988843	0.0160351407708915	0.0141492475146951	0.00836248944053148	0.0533442006521171	0.0117190735582362	0.0143041202680257	0.0126222997885069	0.0195841825070275	0.0301009041633394	0.0256738678856667	0.0170741447850582	0.0147345786424777	0.0268970524290838	0.0175485112884636	0.0416732155307534	0.0219065893783787	0.0200432233606315	0.0193651800640578	0.0195956413665259	0.0299236928009347	0.044681077230781	0.0243653871591285	0.0219760066054376	0.0246299556418105	0.0127474622398484	0.0269214370917957	0.0205811403484376	0.0175020373185122	0.020508994355505	0.0188934888928304	0.0253713940904074	0.0136340900918352	0.0249022085251462	0.0149695414039083	0.0104139734427005	0.00445229116991303	0.0206813241859288	0.0136664467870806	0.0221476736106323	0.0226887189942973	0.0368234435533186	0.0247993917240547	0.0256509069889077	0.0150488499543447	0.0358809101258865
HMEC_4_G2_4B_1	0.0131356011850203	0.00324325958982249	0.0152857406317387	0.00254051337334831	0.0043364152835859	0.00574173318302279	0.0332508305724935	0.011393061997137	0.0225608774200942	0.00913554167052208	0.0415792699372629	0.0143632538271543	0.0269326982592712	0.0211571385988843	0	0.0057037489990529	0.0132543444980083	0.0149319444964663	0.0744647915254342	0.0179920656204261	0.00704731283298591	0.0259992250021094	0.00216888030791534	0.00935440151291714	0.00467523339122932	0.00754969784053747	0.00855354597170764	0.00582348800093343	0.011122536281392	0.0207589120916657	0.00877704255712275	0.0059759363249695	0.00550000917689875	0.00576517607101341	0.0117598346375566	0.0257420508404775	0.00791676390770092	0.00425015692577431	0.00426513719723714	0.00841262787575955	0.00691288886240285	0.019028022281523	0.0333681290666609	0.0251136374946431	0.0244459281049032	0.00715263520506055	0.00765928999868725	0.00562274270447265	0.00808963016146129	0.0127641127377184	0.0181482063192476	0.00807798030721891	0.00749482537579854	0.00524124787787172	0.00415958681794048	0.0161541465735776	0.00503322666513502	0.00687908783649222	0.0182323256800368	0.0563310032294005
HMEC_4_G2_4B_2	0.00795171426594368	0.00791925463488661	0.0110501707959349	0.00566601700623306	0.00955993069083011	0.00807182717963822	0.0275949083185729	0.0156866594917287	0.0197119026850847	0.0139130322412097	0.0362384475652395	0.00939987381920621	0.0212895266190697	0.0160351407708915	0.0057037489990529	0	0.0080556273719533	0.00925553700562668	0.0692460158076806	0.012446132591835	0.00184422299414428	0.0203416859685707	0.00372041268401789	0.0140818216838843	0.00979200878982308	0.00345399218029421	0.00312357261407387	0.0110428278056169	0.00710377648260201	0.026388486596376	0.0077756224210859	0.00482378175774233	0.00395696519102379	0.00431048929137248	0.0169726029060731	0.0313227237149065	0.0122227262404447	0.0060387320805778	0.00861390634700481	0.00390441529567921	0.0108993035204254	0.0150227293137928	0.0276919047705605	0.0203344508719074	0.0194733047027794	0.012131209689422	0.00252065315759771	0.00891737312334973	0.00669771237752838	0.00953120031857509	0.0136544706880201	0.0105193515914243	0.00323725674503709	0.00930752523866619	0.00892410084506027	0.0218472678390332	0.00877108722521097	0.00978046774403005	0.0168037193921607	0.0507480261666873
HMEC_4_G2_4B_3	0.00845597493556239	0.0158964281326296	0.0128311429248725	0.0120886258258977	0.0161622947762327	0.0126255218347101	0.0219890642743873	0.0237365080952354	0.0223797727624565	0.0219424486196927	0.0321173533326866	0.0099237718338074	0.0141755958168984	0.0141492475146951	0.0132543444980083	0.0080556273719533	0	0.00584454787856584	0.065095753996258	0.00514158971488195	0.00797350568496197	0.0133488238453138	0.01108575203391	0.0195412581019198	0.0162519249718486	0.0058390860446516	0.0049342879905643	0.0174586364845927	0.00381001725156592	0.0329854338526084	0.00894181533469771	0.0086257970857304	0.00845388204666441	0.00843007183961739	0.0249072343767418	0.0389456732393597	0.0202768277038041	0.0113265240429006	0.0146298301276539	0.00898396319673	0.016039239364503	0.00804601041489739	0.0207385997485785	0.012343484540418	0.0114239680834249	0.0201137127714558	0.00793131491537667	0.0139663324012448	0.0134155108148753	0.0135323886604345	0.0141379534056774	0.0183520711986076	0.00922406311686747	0.0173610732939372	0.0169099203552222	0.0288491911149078	0.0142449685187493	0.0141743922007562	0.0216201061169912	0.0452675819586109
HMEC_4_G2_4C_2	0.00394770554281196	0.0166892779872489	0.00780235280861122	0.014733672819814	0.0187646556072469	0.0163744281858812	0.0183432075885284	0.0234820722490764	0.017065825461411	0.0222479656875544	0.0274005751101213	0.00484814047160802	0.0126788482630351	0.00836248944053148	0.0149319444964663	0.00925553700562668	0.00584454787856584	0	0.0604898370559672	0.00538720225033823	0.00798548019142349	0.011664216419645	0.0129697197967542	0.0230047070002487	0.0189687555316497	0.00921282514410723	0.00701848119412115	0.0202242514847386	0.00919579337312847	0.0356384177869698	0.0137570820137803	0.0123095228529938	0.0117682438615131	0.0119242315331897	0.0255771112391878	0.0402301606147449	0.0203126094879117	0.0146088634668586	0.0176336356329697	0.00750007132158623	0.0196195711281163	0.0130884206168961	0.018786846415007	0.0151555404431336	0.0137754236897202	0.0207248979867118	0.00748299883155781	0.01752562621968	0.0116047464644729	0.0096210198798625	0.00850647433189124	0.0174226076302447	0.00824940826260732	0.0175845484213721	0.0176257381597618	0.0310816316166036	0.0175751537277672	0.0180802724624526	0.0173668898882783	0.0415440465991406
HMEC_4_G2_4C_3	0.0613903760478673	0.0750655397971946	0.0596031238193865	0.0748980048493201	0.078680569348655	0.0768229203270789	0.0435297265905927	0.0786302078328252	0.0563424261263234	0.0788163508085882	0.0331130957796497	0.0601306197853558	0.0528842808592666	0.0533442006521171	0.0744647915254342	0.0692460158076806	0.065095753996258	0.0604898370559672	0	0.0603684367140083	0.067580018869285	0.0532487180950435	0.0728610508205363	0.0832831641949659	0.078951810195521	0.0696831381690207	0.0674776037749753	0.0801795087844892	0.0688986575887757	0.0947870034746185	0.0739477367872069	0.072776456420983	0.0722218617060226	0.0723890178441067	0.0822516228471027	0.0964806936595679	0.0767903706183068	0.0750029399199338	0.0778383379277106	0.0660709382778313	0.0799991896304802	0.0675002553042486	0.0474443670473409	0.0622142875607726	0.0610711078370413	0.0781156192469958	0.0669220765129008	0.077930777898748	0.0677740014517873	0.0627819845515105	0.0566731784679705	0.0728521234100034	0.0669878537844317	0.074994702510865	0.075733282669213	0.0898632943855256	0.077914850341664	0.0785309573512295	0.0626578559177023	0.0225060468095579
HMEC_4_G2_4D_1	0.00931497670572207	0.0203519603543471	0.0130936145762404	0.0170786658814697	0.0211832094289493	0.0177655292205382	0.0170231269205095	0.0278066533697459	0.0220368800571132	0.026261078827768	0.0275601761500914	0.0101933612398266	0.0090653558784964	0.0117190735582362	0.0179920656204261	0.012446132591835	0.00514158971488195	0.00538720225033823	0.0603684367140083	0	0.0118016351950952	0.00821496383819213	0.0158465202235698	0.0246791627933505	0.0212954374676515	0.0108518564780688	0.00944054359427667	0.0225177379695698	0.0087907104962975	0.0380671806730631	0.0139818881005666	0.013746546773832	0.0135220095197533	0.0135260135870976	0.0294017105312853	0.0437147329090323	0.0244565949131529	0.0164235745585027	0.0197108976512361	0.0120529412267156	0.0211780931612963	0.00892836810710731	0.0156176188752914	0.00978258455352862	0.00838860453360035	0.0245466100126642	0.011514098022761	0.019101458283113	0.0164580462445932	0.0149913645757433	0.0133112080704436	0.0220108525301701	0.0126051312321539	0.0215926488178187	0.0213487379636809	0.0338486976955123	0.0193641387616298	0.0193130552417984	0.0227389758655529	0.0402331780728096
HMEC_4_G2_4D_2	0.00621266855053729	0.00873606225041063	0.00920726723856667	0.00739454150205731	0.0111394164861335	0.00991249149841725	0.0262388662695908	0.0160165411068232	0.0179642461717774	0.0144925629538473	0.0346106729544778	0.00760621123505488	0.0203871137857214	0.0143041202680257	0.00704731283298591	0.00184422299414428	0.00797350568496197	0.00798548019142349	0.067580018869285	0.0118016351950952	0	0.0194090735222553	0.00529227710606846	0.0158022327685733	0.0114008003828926	0.00467291657293632	0.00331651740633619	0.0126384086181748	0.00790154711870845	0.0278032069287278	0.00941286883002483	0.00659233344000377	0.00574381174387403	0.00608071436502688	0.0177195695818452	0.0322861783143452	0.0126595757062818	0.00787257324687459	0.0103307391326404	0.00210916523760448	0.0126848991712966	0.015509600203402	0.0266794900076486	0.0203041865696711	0.0193169914837278	0.0128504940210434	0.000684111916064822	0.0107307526660447	0.00568293841264729	0.00781594163315896	0.0118166173732472	0.0103996227909952	0.00162824072221535	0.00981157926875124	0.00969621755390811	0.023157016182986	0.0105524199795462	0.0116169083632765	0.0153397927799259	0.0492935050177836
HMEC_4_G2_4D_3	0.0151708095853698	0.0281288828210016	0.0174978555150595	0.0252411806185351	0.0293529025358418	0.0259709629747558	0.00980751570628468	0.0351378213968168	0.0244067205659049	0.0338459270259516	0.0212379741118246	0.0152673795512417	0.0010375933624262	0.0126222997885069	0.0259992250021094	0.0203416859685707	0.0133488238453138	0.011664216419645	0.0532487180950435	0.00821496383819213	0.0194090735222553	0	0.0238886579463859	0.0328854256487395	0.0294772839624584	0.0190449249322173	0.0174818982257748	0.0307062884722434	0.0168912233117707	0.0462580076451653	0.0220624773214926	0.0219602044240771	0.0217250326208788	0.0217363645888061	0.0371173454856006	0.0516304866701155	0.0319404633895006	0.0246323893105329	0.0279120493189529	0.019156947179127	0.0293843620316517	0.0142908068343959	0.00741228218178357	0.010221473726942	0.0086846762460244	0.0322523837942086	0.0189944641535161	0.0273119304020542	0.0232091305982991	0.0203912895369996	0.0162972809907642	0.0290725489346445	0.0198776080501374	0.029169092990785	0.0290987330002917	0.0419862752149714	0.027576498236708	0.027500443713459	0.0270169896579014	0.0324265294203173
HMEC_5_1_1	0.0114986806855771	0.00511568677116302	0.0140961618446443	0.00228047615492032	0.00585838207526958	0.0054262879581388	0.0313091967887896	0.0133007835154264	0.0220067572046884	0.0111653763087835	0.0398941472163484	0.0128421224436311	0.0248135453688938	0.0195841825070275	0.00216888030791534	0.00372041268401789	0.01108575203391	0.0129697197967542	0.0728610508205363	0.0158465202235698	0.00529227710606846	0.0238886579463859	0	0.0105535235976771	0.00611039416805785	0.00540173438168347	0.00641645440676709	0.00735234164880472	0.00903958126162328	0.022674493383894	0.00729993564918023	0.00423162473623667	0.00358961343143556	0.00391237346346449	0.0139002280914382	0.0278989283157253	0.00978781143402817	0.00345680850604436	0.00510534406908448	0.00696647605867128	0.00760336121949824	0.0170052678784691	0.0312709478125622	0.0229840241412746	0.0222948523957763	0.0092211591567976	0.00595348876646051	0.00584319788307228	0.00777067672666778	0.0119390686396962	0.0168692712953663	0.00926683442330721	0.0060842396409689	0.00695498212532605	0.00610662512361106	0.018172243814583	0.00549483200870581	0.00694258783880122	0.0181945264974054	0.05446292463167
HMEC_5_1_2	0.0220106437485132	0.0104548567474259	0.0245742986317342	0.00841758562498876	0.00507619250430448	0.00691882312582781	0.0411627031273159	0.0150775615089986	0.0317973489047752	0.0124567886884738	0.0502727767510528	0.0233886116314337	0.0337002948675851	0.0301009041633394	0.00935440151291714	0.0140818216838843	0.0195412581019198	0.0230047070002487	0.0832831641949659	0.0246791627933505	0.0158022327685733	0.0328854256487395	0.0105535235976771	0	0.00470088517121432	0.0140070636486047	0.016007227699838	0.00373607336685748	0.0161349637507063	0.0138167937753546	0.0112400053019228	0.0109637704018295	0.0113253019070607	0.0112444034965999	0.0125442844189457	0.0219021738437817	0.0128653310178432	0.00841797248011068	0.00547257473972343	0.0175131491762981	0.00350319829329681	0.0223782496768365	0.0402626795766363	0.0293632623287042	0.0291787408091647	0.0109291070490053	0.0164766945259337	0.00558638845688016	0.0173478747471632	0.0221162070878424	0.0273919822839991	0.0154589864813886	0.0166200397716585	0.011942192045677	0.0104932617965353	0.0106548204540058	0.00543393508712929	0.00548870336626901	0.0270549336595737	0.0644428375708199
HMEC_5_1_3	0.017598759063926	0.00599774598778717	0.0199486818271878	0.00426677221933358	0.000412357743203648	0.00461711995501455	0.0372821564546494	0.0122236441671772	0.0271094906582552	0.00957354271699136	0.0459995397685516	0.0189073575516999	0.0303542073953916	0.0256738678856667	0.00467523339122932	0.00979200878982308	0.0162519249718486	0.0189687555316497	0.078951810195521	0.0212954374676515	0.0114008003828926	0.0294772839624584	0.00611039416805785	0.00470088517121432	0	0.0104454291890622	0.0121260874498033	0.00125574495830936	0.0133020865696111	0.016804219672586	0.00923474007044187	0.00773765694357285	0.00779943445659707	0.00784859392845814	0.0109047330306324	0.0231541678132707	0.00933644317468194	0.00500504260562058	0.00176999991802702	0.0129779271606006	0.00310840794255486	0.0205293562972857	0.0368851005443567	0.0271952725627553	0.0267747011595042	0.00767653240588504	0.0120571231587444	0.00340632040525483	0.0126502207998129	0.0174251043466251	0.0227960535850035	0.0112197998128648	0.0120698514222341	0.00774018641656694	0.00625795452174678	0.0126176185104011	0.00267270776346798	0.00441809836230459	0.0224767939004497	0.0604895133956943
HMEC_5_2_2	0.00938541548632987	0.0104382838774768	0.0132358668805136	0.00625152469657895	0.0103397281894713	0.00720774851993173	0.0271707965811431	0.0185393135697701	0.0224129667589023	0.0165200397997779	0.0366065612470472	0.0110017726776208	0.0199144796935355	0.0170741447850582	0.00754969784053747	0.00345399218029421	0.0058390860446516	0.00921282514410723	0.0696831381690207	0.0108518564780688	0.00467291657293632	0.0190449249322173	0.00540173438168347	0.0140070636486047	0.0104454291890622	0	0.00235090000672165	0.0116679920586161	0.0037849384445744	0.0272267723503621	0.00503712695729305	0.00310791200584108	0.00269527468155636	0.00276702192379223	0.019300424387281	0.0331440474920291	0.0150255003336454	0.00561994779946885	0.00887252245138276	0.00668145014453	0.0105430045523355	0.0118049778948941	0.0264546387242049	0.0175875914255785	0.0168984019119567	0.0146041684255567	0.0051434349383055	0.00843781523549775	0.0101199515006602	0.0123811906542147	0.0154978323890438	0.0137833207680493	0.00629943479323922	0.0121224588578621	0.011447262956847	0.0230232464579592	0.00860109232568707	0.00889045983276074	0.0200121846163998	0.0504737403173232
HMEC_5_2_3	0.00705328467175745	0.0110109105013179	0.0110095453199626	0.0078595725478969	0.0119621441370794	0.0093656983660667	0.0252029063927587	0.018803880261437	0.0203263644104421	0.0170300167611389	0.0344004498159372	0.00867746669082431	0.0184012885691213	0.0147345786424777	0.00855354597170764	0.00312357261407387	0.0049342879905643	0.00701848119412115	0.0674776037749753	0.00944054359427667	0.00331651740633619	0.0174818982257748	0.00641645440676709	0.016007227699838	0.0121260874498033	0.00235090000672165	0	0.013376350489428	0.00466317777157135	0.0289111423754607	0.00734409703027049	0.00534360899181989	0.00475438205445794	0.00492920822261128	0.0200530023345201	0.034284210253687	0.0153452796878795	0.00759697540931493	0.0106919995613105	0.00495136531058604	0.0126041120291889	0.0122021289376576	0.0248750060325703	0.0172411291743467	0.0163562879209266	0.0152289287473413	0.00352565361238522	0.010508139318761	0.00899521948834876	0.0104650561551051	0.0131853376078001	0.0135030432727006	0.00483981318778308	0.0124308022149061	0.012020898780497	0.0245306458684509	0.0105737528037902	0.0110803644987674	0.0183296404131181	0.048474111201856
HMEC_5_3_2	0.0188289266985455	0.00672611414546602	0.0211079194719814	0.00551756380923553	0.00150437037153617	0.00551591676876608	0.0385365013629863	0.0121666111562541	0.0280969954770674	0.00949805125735855	0.0472393456980816	0.020122620347922	0.0315783104042475	0.0268970524290838	0.00582348800093343	0.0110428278056169	0.0174586364845927	0.0202242514847386	0.0801795087844892	0.0225177379695698	0.0126384086181748	0.0307062884722434	0.00735234164880472	0.00373607336685748	0.00125574495830936	0.0116679920586161	0.013376350489428	0	0.0144407641510463	0.0155669607503445	0.010192161079999	0.00890191644719606	0.00900662304240521	0.009038801785788	0.0104273378752418	0.0221278079019773	0.00953361917799146	0.00616502841779482	0.00285802898960839	0.0141843499159059	0.00320292609555991	0.021530754947627	0.0381137946282147	0.0282649688993657	0.0278806396030715	0.00772549159747052	0.0132911408360269	0.00418042446654417	0.0136746799657516	0.0185169217986385	0.023969600726734	0.0118057597030516	0.0132727491624596	0.00828868915930325	0.00681936157521711	0.0114503358114132	0.00354900545226353	0.00496247535158595	0.02332029834224	0.0617429291000473
HMEC_5_3_3	0.0108457723616958	0.0141398837105631	0.015127974571858	0.00941609725241157	0.013280706139266	0.00925151279658094	0.0257594179822914	0.0222847591949171	0.0246332872454649	0.0202033010426343	0.0359198085914773	0.0124560117292257	0.017654114054078	0.0175485112884636	0.011122536281392	0.00710377648260201	0.00381001725156592	0.00919579337312847	0.0688986575887757	0.0087907104962975	0.00790154711870845	0.0168912233117707	0.00903958126162328	0.0161349637507063	0.0133020865696111	0.0037849384445744	0.00466317777157135	0.0144407641510463	0	0.0297905870352466	0.00519171995342176	0.00558044823576406	0.00572245042196682	0.0055592409503533	0.022862882989228	0.0363614555652244	0.0187682073250223	0.00829842943740065	0.0115835475675516	0.00961189561180272	0.0126462326871054	0.00802352521704248	0.0242108041319738	0.0140474019304709	0.0135076169048925	0.0182548109922744	0.00818002819426855	0.0106425507661313	0.0135666303434742	0.0150200723765485	0.0169153146645528	0.0175534517227877	0.00947947967699106	0.0158776891607302	0.0151398230228078	0.0258870139311113	0.0110328787574167	0.0106751307467202	0.022964297163092	0.0490073902112544
HMEC_5_4_1	0.0338021936869593	0.0197860896446174	0.0352736026891849	0.0210632726688853	0.016952837707411	0.0205523135755955	0.0539633355085189	0.0180455154794337	0.0402758646216446	0.016790869956109	0.0621540725564534	0.0348998758194075	0.0471233788546016	0.0416732155307534	0.0207589120916657	0.026388486596376	0.0329854338526084	0.0356384177869698	0.0947870034746185	0.0380671806730631	0.0278032069287278	0.0462580076451653	0.022674493383894	0.0138167937753546	0.016804219672586	0.0272267723503621	0.0289111423754607	0.0155669607503445	0.0297905870352466	0	0.0250358130736042	0.0243762217146334	0.0245526875372091	0.0245598966275362	0.0138501992631412	0.0105941556482136	0.0186192287141108	0.0216637234882588	0.0183651694819097	0.029013090325231	0.0172065181175118	0.0361717806395295	0.0536597170649577	0.0431676957244349	0.0429749677131505	0.0169775985216812	0.0284055680421984	0.0191542677619984	0.0271237233294134	0.0321602530110921	0.0382065160203741	0.0225737950721332	0.0280996660386961	0.0199492464774527	0.0191206555248301	0.00504915464811899	0.0187796362210872	0.0192748828926014	0.0343988064284313	0.0770455263570135
HMEC_5_4_2	0.0143967268949776	0.0120174287041031	0.0182653223411079	0.00636747037704637	0.00933530207143329	0.00468086304062523	0.0309270491759407	0.0200817648313531	0.0273500983593819	0.0176725961325917	0.0409242720715941	0.0160209785039484	0.0228055547102287	0.0219065893783787	0.00877704255712275	0.0077756224210859	0.00894181533469771	0.0137570820137803	0.0739477367872069	0.0139818881005666	0.00941286883002483	0.0220624773214926	0.00729993564918023	0.0112400053019228	0.00923474007044187	0.00503712695729305	0.00734409703027049	0.010192161079999	0.00519171995342176	0.0250358130736042	0	0.00317874060941247	0.00402157911399854	0.00363716184616278	0.0197776318008056	0.0323106599994849	0.0166574913532796	0.00471610098450837	0.0074697789472873	0.0115105230036787	0.00784570823324858	0.0113510297937529	0.0293484061445928	0.0181983796952747	0.0179522435971391	0.0156471356881488	0.00998254619315251	0.006061920601177	0.0142681540474184	0.0172279237498682	0.0205255793660468	0.0165636058800985	0.010974325342601	0.0140137023710368	0.0128972614697491	0.0214506267176423	0.00664332914138396	0.00576279047187258	0.0245569806939722	0.0541863789285453
HMEC_5_4_3	0.0121746848998127	0.00919216750712583	0.0157190491454645	0.00390425786753383	0.00770392017597177	0.00410746807492903	0.0302507960358734	0.0173674804183032	0.0245332492504555	0.015085201613849	0.0397044560677964	0.0137487538199953	0.0227982089712864	0.0200432233606315	0.0059759363249695	0.00482378175774233	0.0086257970857304	0.0123095228529938	0.072776456420983	0.013746546773832	0.00659233344000377	0.0219602044240771	0.00423162473623667	0.0109637704018295	0.00773765694357285	0.00310791200584108	0.00534360899181989	0.00890191644719606	0.00558044823576406	0.0243762217146334	0.00317874060941247	0	0.000880208359202013	0.000513352749956192	0.0175023105501174	0.0307893166244417	0.0138822558554539	0.00273720268178547	0.00604787916011765	0.00869740537209035	0.00747653171708598	0.0131801533922722	0.0293574881980362	0.0195800283002004	0.0190838929231428	0.0130806285372471	0.00722231419716776	0.00537805162089217	0.0111289015395189	0.0143547217110239	0.0181741587951488	0.013479595359778	0.00806090495662682	0.0111235631899297	0.0101332821682348	0.0203467553016649	0.00561991529883395	0.00578262320853774	0.0214781800204301	0.0535554553088964
HMEC_5_5_2	0.0114366522583126	0.0086579492302308	0.0149018480942734	0.00371452558244339	0.00771929959531949	0.00461209949468467	0.0298441158132893	0.0168510158989369	0.0236680646167322	0.0146348920489393	0.0391521454842266	0.0129933067888247	0.0225857969340204	0.0193651800640578	0.00550000917689875	0.00395696519102379	0.00845388204666441	0.0117682438615131	0.0722218617060226	0.0135220095197533	0.00574381174387403	0.0217250326208788	0.00358961343143556	0.0113253019070607	0.00779943445659707	0.00269527468155636	0.00475438205445794	0.00900662304240521	0.00572245042196682	0.0245526875372091	0.00402157911399854	0.000880208359202013	0	0.000384593002161559	0.0171733861832666	0.0306923439687138	0.0133475536760775	0.00292488649571039	0.00618989441816666	0.00784374587026728	0.00787936182950821	0.0135358312214343	0.0291325926543115	0.0197687766241242	0.0192031840635594	0.0126495941940806	0.00638366066656053	0.00577551868636386	0.0102596832341302	0.0134861127621033	0.0173919978651586	0.0127636096716203	0.00719243533572115	0.0105395824331417	0.00962504236266193	0.0204075329129268	0.00590894137789838	0.00633134848668108	0.0205998570674594	0.0531387206888738
HMEC_5_5_3	0.011700378760727	0.00894871005072127	0.0152161026082522	0.00385747057012038	0.00778828416566667	0.00445448036847738	0.0299367204820849	0.0171384169804117	0.0240200339585765	0.014897422738086	0.039317281121801	0.0132677618027582	0.0225869541492033	0.0195956413665259	0.00576517607101341	0.00431048929137248	0.00843007183961739	0.0119242315331897	0.0723890178441067	0.0135260135870976	0.00608071436502688	0.0217363645888061	0.00391237346346449	0.0112444034965999	0.00784859392845814	0.00276702192379223	0.00492920822261128	0.009038801785788	0.0055592409503533	0.0245598966275362	0.00363716184616278	0.000513352749956192	0.000384593002161559	0	0.0173902008119818	0.0308178216306646	0.0136406658675778	0.00289849488270948	0.00620096553536999	0.00818509884043253	0.00777616038087771	0.0132984882199184	0.0291403103375833	0.0195981964204999	0.019060623192658	0.0129041692533007	0.0067127749938485	0.00567103053655893	0.010643456026893	0.0138414679646579	0.0176833785644788	0.0131171950958514	0.00754765054712456	0.0108491980211576	0.0099069171673229	0.0204646459068441	0.00585407938119413	0.00615682531339348	0.0209791857636878	0.0532373475842248
