	HMEC_4_1_1	HMEC_4_1_3	HMEC_4_2_1	HMEC_4_2_2	HMEC_4_2_3	HMEC_4_G2_3E_1	HMEC_4_G2_3E_3	HMEC_4_G2_4A_1	HMEC_4_G2_4A_2	HMEC_4_G2_4A_3	HMEC_4_G2_4B_1	HMEC_4_G2_4B_2	HMEC_4_G2_4B_3	HMEC_4_G2_4C_3	HMEC_4_G2_4D_1	HMEC_4_G2_4D_2	HMEC_4_G2_4D_3	HMEC_5_1_1	HMEC_5_1_2	HMEC_5_1_3	HMEC_5_2_1	HMEC_5_2_2	HMEC_5_2_3	HMEC_5_3_1	HMEC_5_3_2	HMEC_5_3_3	HMEC_5_4_1	HMEC_5_4_2	HMEC_5_4_3	HMEC_5_5_1	HMEC_5_5_2	HMEC_5_5_3	HMEC_5_6_1	HMEC_5_6_2	HMEC_5_6_3	HMEC_5_7_2	HMEC_5_7_3	HMEC_5_8_1	HMEC_5_8_2	HMEC_5_8_3	HMEC_5_9_1	HMEC_5_9_2	HMEC_5_9_3	HMEC_Root1_1	HMEC_Root1_2	HMEC_Root2_1	HMEC_Root2_2	HMEC_Root2_3	HMEC_STAT_2_1	HMEC_STAT_2_2	HMEC_STAT_2_3	HMEC_STAT_3_1	HMEC_STAT_3_2	HMEC_STAT_3_3	HMEC_STAT_4_1	HMEC_STAT_4_2	HMEC_STAT_4_3	HMEC_STAT_G2_3B_1	HMEC_STAT_G2_3B_2	HMEC_STAT_G2_3C_1	HMEC_STAT_G2_3C_2	HMEC_STAT_G2_3C_3
HMEC_4_1_1	0	0.0180714477470737	0.0136839212248221	0.0240786704836503	0.0168948790227331	0.029886814028431	0.0338327382314963	0.0336345837371368	0.0177511252769585	0.0294848199885864	0.020334038827928	0.0261262792654559	0.0321756940836573	0.0186024975280363	0.00800467666934583	0.00972036281664878	0.0386684684888312	0.0247727734574494	0.0304328781928303	0.0134018897809713	0.0266085622771222	0.0264439111439315	0.0278808589797999	0.0255346022639961	0.0198514024499644	0.0238397396734042	0.00851466420374164	0.0209186749655175	0.0101723160452834	0.00508068501231832	0.0153448306688194	0.0300259649860149	0.00753967231174929	0.0199031154930123	0.0174073767325362	0.00833231922380025	0.0214817092278625	0.0196178488291444	0.0231690504568148	0.0190427761173471	0.0164834004318356	0.0112468988740319	0.0194614408083914	0.0168366808619984	0.0142719240960894	0.024190883441292	0.0214399250566559	0.0184130372911544	0.0159151663838129	0.0271896135101407	0.0130828608611429	0.00315413852448085	0.0223335623636411	0.0256530429013906	0.0153976492398956	0.0188520925465853	0.0200717263665112	0.0147983435924328	0.0128755915894665	0.0207880278912081	0.0110639231552031	0.019479017967098
HMEC_4_1_3	0.0180714477470737	0	0.00438796470951787	0.00600826946280794	0.00117671341723579	0.0118179097641979	0.0157651193786256	0.0155668951901044	0.000320363830368165	0.011415796916818	0.00226292502884756	0.00805635186787821	0.0141075091373513	0.000531121588679062	0.0100673619976761	0.0277897990179542	0.0206027179512706	0.00670252636633016	0.0123641389219069	0.00467001481553332	0.00853875501975762	0.00837406250344743	0.00981138432247424	0.00746453194159197	0.00178021128158276	0.00576928723912601	0.00955738001147368	0.00284765933218782	0.00789971987072798	0.0129912479411037	0.00272692202032008	0.0119571023719618	0.0105323579664502	0.00183193245560513	0.000664155122970331	0.00973972344620552	0.00341079273083571	0.00154662141376275	0.00509845801485329	0.000971462771779963	0.00158823791954572	0.00682511020363805	0.00139018955413537	0.00123491821934383	0.00379991922610938	0.0061205068448636	0.00336900104763794	0.000341635270073276	0.00215653136482442	0.00911995533391272	0.00498906345608923	0.0149176556827793	0.00426280441875079	0.00758300079512028	0.0026740985582172	0.000780751751518837	0.00200057010526686	0.00327345733826835	0.00519634474904075	0.0388534008822476	0.00700809168221022	0.0375449717211264
HMEC_4_2_1	0.0136839212248221	0.00438796470951787	0	0.0103961256341745	0.00321125789586493	0.0162055431913305	0.0201525361862584	0.0199543241267873	0.00406760315498853	0.0158034494590764	0.00665086350852031	0.0124441426501416	0.0184950233074173	0.00491908173865229	0.00567949793443361	0.0234029962790896	0.0249897980181787	0.0110903619809977	0.0167517455063708	0.000282052414456325	0.0129265283138042	0.0127618418572522	0.0141991076742363	0.0118523430932253	0.00616815684676458	0.0101571501042358	0.00516950223362358	0.00723558814891888	0.00351180390770859	0.00860348044832404	0.00166105061486404	0.0163447290547659	0.00614450721648265	0.0062198773002209	0.00372381390690726	0.0053518504655303	0.00779871112447957	0.00593457011785497	0.0094863386216655	0.00535941839820438	0.00279973456345545	0.00243717469643426	0.00577814025453043	0.00315305329517742	0.000588049396709055	0.0105083598049154	0.0077569202524302	0.00472959715917788	0.00223144176096208	0.0135077065040183	0.000601104003593354	0.0105299685865923	0.00865070496213246	0.011970807965087	0.00171387417020082	0.00516870941970366	0.00638851253599142	0.00111451375772002	0.000808387404417248	0.0344678519981656	0.00262015921406432	0.0331592502638077
HMEC_4_2_2	0.0240786704836503	0.00600826946280794	0.0103961256341745	0	0.00718496281451894	0.00580980164136923	0.00975721031511742	0.00955897441625002	0.00632862848443892	0.00540767256080779	0.00374536449542091	0.00204812128872046	0.00809950771802564	0.00547715476899213	0.0160752446705232	0.03379579106166	0.0145951505045688	0.000694267880627375	0.00635605405141333	0.010678165603414	0.00253053645734756	0.00236583971620392	0.00380320267610261	0.0014562881069451	0.00422807600395292	0.00023898547814349	0.0155652940710587	0.0031606314249459	0.0139077272013768	0.0189989261149296	0.00873513488208108	0.00594900004305882	0.0165402109149605	0.00417635512264343	0.00667241407253977	0.0157476264291761	0.00259749768393904	0.00446166439156478	0.000909822403855064	0.00503681828442907	0.00759647873897767	0.0128331708685139	0.00461809511510764	0.00724316645249792	0.0098081000536845	0.000112239003640878	0.00263928944401511	0.00566663878193823	0.00816475900734987	0.00311175269328444	0.0109972023155431	0.0209251761752012	0.00174548262898364	0.00157475948267346	0.00868231285437342	0.00522752738302277	0.00400771833932794	0.00928165457404395	0.0112044755958099	0.044857404208151	0.0130161436608879	0.0435492434305876
HMEC_4_2_3	0.0168948790227331	0.00117671341723579	0.00321125789586493	0.00718496281451894	0	0.0129945521206953	0.0169417095772925	0.0167434883435634	0.000856349715205251	0.0125924437948103	0.00343963481754776	0.00923303076527693	0.0152841229546209	0.00170783458260166	0.00889069072000231	0.0266134389779018	0.0217792251116986	0.00787921524984056	0.0135407749012595	0.0034933090454026	0.00971542995296896	0.00955073881397879	0.0109880477767566	0.0086412154111712	0.00295692224398264	0.00694598202633419	0.00838070428874478	0.00402436740951707	0.00672303141387791	0.0118146069586289	0.00155021058150802	0.0131337431291115	0.00935569095849123	0.00300864330266014	0.000512558453295184	0.00856304928424037	0.00458749886037376	0.00272333286639989	0.00627515655054678	0.0021481752152847	0.000411524807910886	0.00564841488868871	0.00256690130673944	5.8204836268343e-05	0.00262321047812305	0.00729719950424771	0.00454570733184491	0.00151834844511152	0.000979818936064628	0.0102966252083341	0.00381235895684223	0.0137410391569396	0.00543950704344564	0.00875968337515625	0.00149738701495525	0.00195746445555987	0.00317728055871435	0.00209674713474524	0.00401964112696161	0.0376773936409641	0.00583139745754888	0.0363689162470904
HMEC_4_G2_3E_1	0.029886814028431	0.0118179097641979	0.0162055431913305	0.00580980164136923	0.0129945521206953	0	0.00394749518651958	0.00374925328502269	0.0121382555346531	0.000402133980362799	0.00955508495748865	0.00376169775455484	0.00228974778239497	0.0112868159979798	0.0218842408022248	0.0396024848420711	0.00878563589025736	0.00511554179063873	0.000546260227784468	0.0164875657890271	0.0032792839208317	0.00344398032450143	0.00200661618054558	0.0043535278607234	0.0100377813392375	0.00604878384925679	0.0213743342287224	0.0089703687809903	0.019716902010367	0.0248076461195636	0.0145446472443272	0.000139200267061728	0.0223491658356399	0.00998606212979888	0.0124820263763844	0.0215566509861491	0.0084072498310463	0.0102713620232172	0.00671961020623717	0.0108464958801637	0.0134060487028206	0.0186424260790747	0.0104277874477676	0.0130527530704539	0.0156175526389429	0.00569756408455282	0.00844904054328467	0.0114762926936379	0.0139743009734866	0.00269806789669752	0.0168065824044831	0.0267336920907665	0.00755525440034016	0.00423505722758223	0.0144918280215167	0.01103719799977	0.00981743071250697	0.0150911371561345	0.0170138423741598	0.0506618805278704	0.018825385562916	0.0493540140064862
HMEC_4_G2_3E_3	0.0338327382314963	0.0157651193786256	0.0201525361862584	0.00975721031511742	0.0169417095772925	0.00394749518651958	0	0.000198243028149239	0.0160854513783701	0.00434962650764217	0.0135023827159271	0.00770914874851995	0.00165775316405536	0.0152340477354802	0.0258308630499825	0.0435472802569096	0.00483820491612109	0.00906296625756562	0.00340123778147601	0.0204345427866401	0.00722674300531701	0.00739143672721505	0.00595409318269946	0.00830096795229203	0.0139850616349052	0.00999618674251269	0.0253209939652006	0.0129176867219675	0.0236636778647846	0.0287540373402604	0.0184917293592266	0.00380829572532852	0.0262957531763477	0.0139333443312484	0.0164292070851125	0.0255032974140947	0.0123545862046278	0.0142186336079457	0.0106669959309536	0.0147937452913207	0.0173531868945732	0.022589272533437	0.0143750531038379	0.0169999078345382	0.0195645781789119	0.00964497541225747	0.0123963755827545	0.0154235166395158	0.0179214116877178	0.0066455357799972	0.0207535410032702	0.0306799160597253	0.0115026167914949	0.00818249958777306	0.0184389128279674	0.0149844398308073	0.0137647190699182	0.0190381909075493	0.0209607888470057	0.0546050064413579	0.0227722202550262	0.0532973590592423
HMEC_4_G2_4A_1	0.0336345837371368	0.0155668951901044	0.0199543241267873	0.00955897441625002	0.0167434883435634	0.00374925328502269	0.000198243028149239	0	0.0158872279727394	0.00415138485447008	0.0133041534555788	0.0075109101399339	0.00145951031973361	0.015035822284522	0.0256326712260569	0.0433491852015563	0.00503644610038694	0.00886472936748287	0.00320299558230765	0.0202363316108891	0.00702850385275941	0.00719319775633199	0.00575585276711579	0.00810273006009041	0.0137868333891926	0.0097979512021188	0.0251228001135212	0.0127194562812941	0.0234654777099912	0.0285558579498081	0.0182935123509356	0.00361005374363914	0.0260975632377021	0.0137351159750867	0.0162309845375621	0.0253051042826398	0.012156354677653	0.0140204058663081	0.0104687614441528	0.0145955188272433	0.0171549667456147	0.0223910685272401	0.0141768257045482	0.0168016867526214	0.0193663643175248	0.00944673934807685	0.0121981441347002	0.0152252916338726	0.017723193080637	0.00644729601969089	0.0205553308423833	0.0304817456159359	0.0113043837148866	0.00798426154784401	0.0182406956694593	0.014786213801781	0.013566490356507	0.0188399754793981	0.0207625793541144	0.0544069983438546	0.0225740168916156	0.0530993395891887
HMEC_4_G2_4A_2	0.0177511252769585	0.000320363830368165	0.00406760315498853	0.00632862848443892	0.000856349715205251	0.0121382555346531	0.0160854513783701	0.0158872279727394	0	0.0117361438744994	0.00258328811763397	0.00837670717726856	0.0144278473870282	0.00085148536148161	0.00974701073629389	0.0274695344181409	0.0209230278694846	0.00702288424709583	0.0126844830156054	0.00434965357582631	0.00885910930240158	0.00869441714315049	0.0101317356184859	0.00778488843133975	0.00210057463737625	0.00608964662555862	0.00923702748441486	0.0031680220187757	0.00757936369628821	0.0126709052459076	0.00240655902567179	0.0122774477221294	0.0102120079181372	0.00215229578563846	0.000343791321704919	0.00941937136390299	0.00373115494843575	0.00186698487760189	0.00541881834877956	0.00129182644279887	0.0012678743454269	0.00650475204505191	0.00171055308255568	0.000914554532671993	0.00347955708089078	0.00644086569024415	0.00368936330279728	0.000661999071512684	0.00183616803858043	0.00944030830255924	0.00466870259710094	0.0145973198555735	0.0045831657749284	0.00790335705558924	0.00235373552939411	0.00110111547258396	0.00232093334648625	0.00295309473948763	0.00487598415147024	0.0385332335303795	0.00668773384039388	0.0372247910964161
HMEC_4_G2_4A_3	0.0294848199885864	0.011415796916818	0.0158034494590764	0.00540767256080779	0.0125924437948103	0.000402133980362799	0.00434962650764217	0.00415138485447008	0.0117361438744994	0	0.00915296465400704	0.00335956574223759	0.00269188080697484	0.010884701254363	0.0214821810212958	0.0392005992947716	0.00918775741131367	0.00471341156879991	0.000948394127773984	0.0160854734967653	0.00287715140925159	0.00304184797518578	0.00160448270094615	0.0039513965604072	0.00963566248975351	0.00564665519661669	0.0209722709713297	0.00856824681518282	0.0193148280376284	0.0244056079106172	0.0141425455505762	0.000541334235404037	0.021947109298447	0.00958394312099437	0.0120799160266916	0.0211545889620238	0.00800512636663829	0.00986924390388056	0.00631748285081261	0.010444379632513	0.0130039420625499	0.0182403456364738	0.0100256698270741	0.0126506449796829	0.0152154559867855	0.00529543480923467	0.00804691718663816	0.0110741786162224	0.0135721967500316	0.00229593488031413	0.0164044917719824	0.0263316696275327	0.00715312885918126	0.00383292577597178	0.0140897260891154	0.0106350823959388	0.00941531119010299	0.0146890379841573	0.0166117528375672	0.0502601576941598	0.0184233061955573	0.0489522697168389
HMEC_4_G2_4B_1	0.020334038827928	0.00226292502884756	0.00665086350852031	0.00374536449542091	0.00343963481754776	0.00955508495748865	0.0135023827159271	0.0133041534555788	0.00258328811763397	0.00915296465400704	0	0.0057934683833633	0.0118447321597297	0.0017318042635586	0.0123301749503658	0.0300519589050513	0.0183401260860391	0.00443962785128913	0.0101013246958751	0.0069329107381824	0.00627587767167265	0.00611118301433952	0.0075485251266765	0.00520164148876553	0.00048271451589217	0.00350638024794978	0.011820203084148	0.000584735791475301	0.010162572541579	0.0152539936242479	0.00498983483559652	0.00969428021200193	0.012795161275108	0.000430993279418462	0.00292707840964895	0.0120025429553691	0.00114787119936084	0.00071630460618823	0.00283554588335984	0.00129146337983904	0.00385115746304285	0.00908797937587935	0.000872736560139458	0.00349783937548061	0.00606282355824513	0.00385760286286121	0.00110607934765927	0.00192129034656376	0.00441944784282193	0.00685708592280451	0.00725195595104112	0.0171803483999936	0.0019998870002831	0.00532011168777558	0.00493701173740935	0.00148217431310425	0.000262355392882679	0.00553636609283913	0.00745923491804282	0.0411148484133206	0.00927095819359742	0.0398065160081709
HMEC_4_G2_4B_2	0.0261262792654559	0.00805635186787821	0.0124441426501416	0.00204812128872046	0.00923303076527693	0.00376169775455484	0.00770914874851995	0.0075109101399339	0.00837670717726856	0.00335956574223759	0.0057934683833633	0	0.00605142539135896	0.00752524296138423	0.0181231301092709	0.0358429177032285	0.0125471741090925	0.00135385415940376	0.00430795455667506	0.0127261773394262	0.000482416143056063	0.000317719027343224	0.00175508671019395	0.000591833870149629	0.00627617600480264	0.00228710632999197	0.0176131935055833	0.00520873951739254	0.0159556691475424	0.0210467229488768	0.0107831803483523	0.00390089723067873	0.0185880832156469	0.00622445555800482	0.00872048859614358	0.0177955209091608	0.00464560930417405	0.00650976237616085	0.00295794153899969	0.00708491092806313	0.00964454110296234	0.0148811379443666	0.00666619170009521	0.00929123362983427	0.0118561276582828	0.00193588245919868	0.00468740082002999	0.00771472496213813	0.0102128132025137	0.00106363404517764	0.0130452079215823	0.0229729068155038	0.00379359861558977	0.000473362401348695	0.0107303591513485	0.00727561813740452	0.00605582016136193	0.0113296911777697	0.013252477129707	0.0469037819320229	0.0150641065924447	0.0455957210189041
HMEC_4_G2_4B_3	0.0321756940836573	0.0141075091373513	0.0184950233074173	0.00809950771802564	0.0152841229546209	0.00228974778239497	0.00165775316405536	0.00145951031973361	0.0144278473870282	0.00269188080697484	0.0118447321597297	0.00605142539135896	0	0.0135764274294587	0.02417351413208	0.0418907242123458	0.00649593817301244	0.00740525601543434	0.00174348839489934	0.0187770370366207	0.00556901554675	0.00573371063514462	0.00429635634285981	0.00664325003697696	0.0123274191159853	0.00833848692152436	0.0236636285621831	0.0112600268375414	0.0220062612863922	0.0270967896926649	0.0168341766350055	0.00215054777974267	0.0246384195938757	0.0122757009365956	0.0147716099507562	0.0238459378652073	0.0106969177582729	0.0125609950877358	0.0090093042983456	0.0131361169213734	0.0156956089618346	0.0209318247426647	0.0127174173014139	0.0153423224273991	0.0179070507763372	0.0079872715369329	0.0107387077575986	0.0137658998817932	0.0162638461222077	0.00498780377841763	0.0190960434444349	0.0290227414478552	0.00984493617656097	0.00652478054693237	0.0167813588964783	0.0133268149221324	0.0121070728441962	0.0173806508907382	0.0193032966822912	0.0529491674363335	0.0211147776701432	0.0516414261478692
HMEC_4_G2_4C_3	0.0186024975280363	0.000531121588679062	0.00491908173865229	0.00547715476899213	0.00170783458260166	0.0112868159979798	0.0152340477354802	0.015035822284522	0.00085148536148161	0.010884701254363	0.0017318042635586	0.00752524296138423	0.0135764274294587	0	0.0105984609442039	0.0283207511203654	0.0200716820506051	0.00617141343953184	0.011833047837684	0.00520113127220681	0.00800764772901363	0.00784295465027161	0.00928028175513914	0.00693342118425998	0.00124909016029776	0.00523817198333687	0.0100884811477603	0.00231653912904812	0.00843082735093468	0.013522332162195	0.00325804173475382	0.0114260092775696	0.0110634548185611	0.00130081136784932	0.00119527654448921	0.010270823812414	0.00287967320415549	0.00101550015530286	0.00456734130853783	0.000440341273163213	0.00211935879876306	0.0073562211659095	0.000859068216542012	0.00176603934852296	0.00433103733994618	0.00558939242316039	0.00283788146616968	0.000189486332295826	0.00268765173142436	0.00858885011744421	0.00552017922435234	0.0154487281726311	0.00373168616745478	0.0070518903966883	0.00320521833888591	0.000249630203694574	0.00146944913437299	0.00380457629854962	0.00572746004680031	0.0393841897894234	0.00753920208652716	0.0380757828655497
HMEC_4_G2_4D_1	0.00800467666934583	0.0100673619976761	0.00567949793443361	0.0160752446705232	0.00889069072000231	0.0218842408022248	0.0258308630499825	0.0256326712260569	0.00974701073629389	0.0214821810212958	0.0123301749503658	0.0181231301092709	0.02417351413208	0.0105984609442039	0	0.0177244660299385	0.0306675783800024	0.0167694384964157	0.0224303958641561	0.0053974490018802	0.0186054820825771	0.0184408072433776	0.0198779676411776	0.0175313704803	0.011847488529058	0.0158362832827645	0.000510001755507151	0.0129148736752042	0.00216771148482826	0.00292404045520793	0.00734052070702544	0.0220234147483537	0.000465015849261564	0.0118992068637714	0.00940323201961875	0.000327651496535741	0.0134779702473456	0.0116139112197247	0.0151655101422229	0.0110387816499881	0.00847917834058694	0.00324234134389263	0.0114574875277514	0.00883248771491007	0.00626753890766881	0.016187472111941	0.0134361813834364	0.0104089829616223	0.00791089940499766	0.0191866183192499	0.00507840091452614	0.0048505884844531	0.0143299214456964	0.017649827483427	0.00739334317151701	0.0108480796880216	0.0120678351080458	0.00679399439392622	0.00487111954022639	0.0287906920565773	0.00305935708997514	0.0274818967767648
HMEC_4_G2_4D_2	0.00972036281664878	0.0277897990179542	0.0234029962790896	0.03379579106166	0.0266134389779018	0.0396024848420711	0.0435472802569096	0.0433491852015563	0.0274695344181409	0.0392005992947716	0.0300519589050513	0.0358429177032285	0.0418907242123458	0.0283207511203654	0.0177244660299385	0	0.0483814703308123	0.0344897341469848	0.0401483996997726	0.0231210062577275	0.0363250825526119	0.0361604719568038	0.0375970591424035	0.0352513832726961	0.0295694177965826	0.0335569144461216	0.0182343997702471	0.0306364772545063	0.0198918626103127	0.0148007430757356	0.0250636492494548	0.0397415979637081	0.0172595089319095	0.0296211207170317	0.0271258470979749	0.0180520742599242	0.0311993956149186	0.0293359096379003	0.0328863750446332	0.0287609470852584	0.0262020308517116	0.0209663113887776	0.0291795318290663	0.0265552508627717	0.0239909108006061	0.0339079784177741	0.0311576201281228	0.0281313259804159	0.0256338919632311	0.036905989100413	0.0228020234480865	0.0128743364807517	0.0320510688028938	0.0353697955818439	0.0251164593134977	0.0285702994815283	0.0297896984435462	0.0245172489226199	0.0225947837088529	0.0110686206011017	0.020783359134663	0.00975944360675344
HMEC_4_G2_4D_3	0.0386684684888312	0.0206027179512706	0.0249897980181787	0.0145951505045688	0.0217792251116986	0.00878563589025736	0.00483820491612109	0.00503644610038694	0.0209230278694846	0.00918775741131367	0.0183401260860391	0.0125471741090925	0.00649593817301244	0.0200716820506051	0.0306675783800024	0.0483814703308123	0	0.0139009370915437	0.00823939083022516	0.0252717804345779	0.0120647861268524	0.0122294738835827	0.0107921789620602	0.0131389703267292	0.0188227757583337	0.0148341159618276	0.030157763507022	0.0177554643307431	0.0285006165958652	0.0335904221587305	0.0233291273811005	0.00864643968064356	0.0311324181888418	0.018771061630865	0.0212667594424053	0.0303400476894729	0.0171923955570768	0.0190563332595212	0.0155048932021581	0.019631408421536	0.0221906721345074	0.027426315220557	0.0192127429473939	0.0218374191236735	0.0244018894429403	0.0144829206792799	0.0172341826208505	0.0202611383268096	0.0227588540225598	0.0114835991376936	0.0255907509238132	0.0355160647126783	0.0163404718802884	0.0130205066691448	0.0232763150062705	0.0198220905722642	0.0186024466546753	0.0238755452938873	0.0257979805422683	0.0594369729024356	0.0276092455582676	0.0581296150236768
HMEC_5_1_1	0.0247727734574494	0.00670252636633016	0.0110903619809977	0.000694267880627375	0.00787921524984056	0.00511554179063873	0.00906296625756562	0.00886472936748287	0.00702288424709583	0.00471341156879991	0.00443962785128913	0.00135385415940376	0.00740525601543434	0.00617141343953184	0.0167694384964157	0.0344897341469848	0.0139009370915437	0	0.00566179588983319	0.0113724002638387	0.00183626983528654	0.00167157290685203	0.00310893799483811	0.00076202052717125	0.00492233821919497	0.000933253298509071	0.01625949245444	0.00385489599157128	0.0146019393880782	0.0196930909761702	0.00942938026403828	0.0052547406076033	0.0172344004576101	0.00487061746622067	0.00736666854796493	0.0164418231998598	0.00329176323982997	0.00515592600900949	0.00160408988811922	0.0057310783023552	0.008290729431407	0.0135273911799094	0.00531235631549771	0.00793741864699322	0.0105023397742792	0.000582028894932332	0.00333355493251224	0.00636089683988418	0.00885900713907873	0.00241748684923305	0.0116914350149731	0.0216193193031293	0.00243974935252304	0.000880491977911117	0.00937655849854846	0.00592178683047753	0.00470198109111472	0.00997589715214631	0.0118987069908393	0.0455510974468091	0.0137103626344945	0.0442429700468401
HMEC_5_1_2	0.0304328781928303	0.0123641389219069	0.0167517455063708	0.00635605405141333	0.0135407749012595	0.000546260227784468	0.00340123778147601	0.00320299558230765	0.0126844830156054	0.000948394127773984	0.0101013246958751	0.00430795455667506	0.00174348839489934	0.011833047837684	0.0224303958641561	0.0401483996997726	0.00823939083022516	0.00566179588983319	0	0.0170337660916606	0.00382554149759841	0.0039902376479227	0.00255287532680591	0.00489978357728475	0.0105840190060274	0.00659503563023099	0.0219204941148335	0.00951661089440962	0.020263076782962	0.02535377129509	0.0150908607060611	0.000407059973049694	0.0228953163985391	0.0105323000233655	0.0130282520085079	0.0221028091606027	0.00895349409273517	0.0108175986514856	0.00726586009093504	0.0113927298509752	0.0139522691114007	0.0191886098548265	0.0109740233673969	0.0135989755199938	0.0161637590378358	0.00624381678160806	0.00899528465022896	0.0120225235905045	0.0145205179855338	0.00324432627550582	0.0173527803887785	0.0272797954934514	0.00810150165342374	0.00478131317339144	0.0150380418179896	0.011583431057895	0.0103636693374408	0.0156373470831104	0.0175600388283913	0.051207572168548	0.0193715678415314	0.0498997350508344
HMEC_5_1_3	0.0134018897809713	0.00467001481553332	0.000282052414456325	0.010678165603414	0.0034933090454026	0.0164875657890271	0.0204345427866401	0.0202363316108891	0.00434965357582631	0.0160854734967653	0.0069329107381824	0.0127261773394262	0.0187770370366207	0.00520113127220681	0.0053974490018802	0.0231210062577275	0.0252717804345779	0.0113724002638387	0.0170337660916606	0	0.0132085616253685	0.0130438756449107	0.0144811371066334	0.0121343794029623	0.00645020478576565	0.010439190629411	0.00488745268774314	0.0075176344499012	0.00322975277927461	0.00832143618556357	0.00194310266489159	0.0166267511458119	0.00586245889513456	0.00650192516570957	0.00400586464002148	0.00506980113210403	0.00808075645929528	0.00621661838149969	0.00976838064001691	0.00564146740936155	0.00308178600466393	0.00215512287701548	0.00606018872878314	0.00343510448825879	0.000870101753291281	0.010790399508716	0.00803896566135753	0.00501164690420712	0.00251349354245681	0.0137897380879715	0.000319051610789862	0.0102479284788099	0.00893274870144815	0.0122528439566121	0.0019959261984695	0.00545075866242631	0.00667056015762646	0.00139656599631251	0.000526335038253507	0.0341859367830021	0.00233810749371821	0.032877324639355
HMEC_5_2_1	0.0266085622771222	0.00853875501975762	0.0129265283138042	0.00253053645734756	0.00971542995296896	0.0032792839208317	0.00722674300531701	0.00702850385275941	0.00885910930240158	0.00287715140925159	0.00627587767167265	0.000482416143056063	0.00556901554675	0.00800764772901363	0.0186054820825771	0.0363250825526119	0.0120647861268524	0.00183626983528654	0.00382554149759841	0.0132085616253685	0	0.000164697124903802	0.00127267098593746	0.00107424989382072	0.00675858414792994	0.0027695212819545	0.0180955490176718	0.00569115007417611	0.0164380354602886	0.0215290526639983	0.0112655735029015	0.00341848358380182	0.0190704318735861	0.00670686382808034	0.00920288957575522	0.0182778751676473	0.00512802095977003	0.00699216993326941	0.00344035576753161	0.00756731695358096	0.0101269387790491	0.0153635106867735	0.00714859885312316	0.00977363260767151	0.0123385160955424	0.00241829772212747	0.0051698123982216	0.00819712916568793	0.0106952086842828	0.000581218018141703	0.0135275906120156	0.0234552200252596	0.00427601170495751	0.000955778459414404	0.0112127525266757	0.00775802362722701	0.00653822883826528	0.0118120819849786	0.0137348587624537	0.0473857651686736	0.0155464782717528	0.0460777283925716
HMEC_5_2_2	0.0264439111439315	0.00837406250344743	0.0127618418572522	0.00236583971620392	0.00955073881397879	0.00344398032450143	0.00739143672721505	0.00719319775633199	0.00869441714315049	0.00304184797518578	0.00611118301433952	0.000317719027343224	0.00573371063514462	0.00784295465027161	0.0184408072433776	0.0361604719568038	0.0122294738835827	0.00167157290685203	0.0039902376479227	0.0130438756449107	0.000164697124903802	0	0.00143736799416813	0.000909552831219521	0.00659388989138176	0.00260482461969943	0.0179308729599727	0.00552645497187167	0.016273355681553	0.0213643854831414	0.0111008844551742	0.00358317992651737	0.0189057581757026	0.00654216952712628	0.00903819781457428	0.0181131995416354	0.00496332547088039	0.00682747588153494	0.00327565936586019	0.00740262343643703	0.00996224816450049	0.0151988286910972	0.00698390494252344	0.00960894154149757	0.0121738286801113	0.00225360094650785	0.00500511693661317	0.00803243628339984	0.0105305188304261	0.000745915115679118	0.0133629051827415	0.0232905585184541	0.00411131570923327	0.000791081382701025	0.0110480634024877	0.00759333029684488	0.0063735343950139	0.0116473937497423	0.0135701736985013	0.0472212167984844	0.0153817966427398	0.0459131717556945
HMEC_5_2_3	0.0278808589797999	0.00981138432247424	0.0141991076742363	0.00380320267610261	0.0109880477767566	0.00200661618054558	0.00595409318269946	0.00575585276711579	0.0101317356184859	0.00160448270094615	0.0075485251266765	0.00175508671019395	0.00429635634285981	0.00928028175513914	0.0198779676411776	0.0375970591424035	0.0107921789620602	0.00310893799483811	0.00255287532680591	0.0144811371066334	0.00127267098593746	0.00143736799416813	0	0.00234691963228903	0.00803122816291292	0.00404218672168933	0.0193680443538083	0.00696380138304836	0.017710560726255	0.0228014769708041	0.0125381740657864	0.00214581621563348	0.0203429082830492	0.00797950822282753	0.0104755125715317	0.0195503670386678	0.0064006756561968	0.00826481219954102	0.00471301871646693	0.00883995468024549	0.0113995522580398	0.0166360538463629	0.00842123991766196	0.0110462498273531	0.0136111032830198	0.00369096428711748	0.00644246685415962	0.00946976153929999	0.0119678158814078	0.000691453166402142	0.0148001616074732	0.0247275991216904	0.0055486709233407	0.00222844839160786	0.0124853537178141	0.00903065977516857	0.00781087445265001	0.0130846758812569	0.0150074267878938	0.0486572531384264	0.0168190184681426	0.0473492811597519
HMEC_5_3_1	0.0255346022639961	0.00746453194159197	0.0118523430932253	0.0014562881069451	0.0086412154111712	0.0043535278607234	0.00830096795229203	0.00810273006009041	0.00778488843133975	0.0039513965604072	0.00520164148876553	0.000591833870149629	0.00664325003697696	0.00693342118425998	0.0175313704803	0.0352513832726961	0.0131389703267292	0.00076202052717125	0.00489978357728475	0.0121343794029623	0.00107424989382072	0.000909552831219521	0.00234691963228903	0	0.00568435039567557	0.00169527335493133	0.0170214296611832	0.00461691121129228	0.0153638924623858	0.0204549899044167	0.0101913720123237	0.00449272707315905	0.0179963275391429	0.0056326298059191	0.00812867117049297	0.0172037585576447	0.00405377978940256	0.0059179374281697	0.00236610928537535	0.00649308771670642	0.00905272750152222	0.0142893536368292	0.00607436720909572	0.00869941851877656	0.0112643248440943	0.00134404918951476	0.00409557138987227	0.00712290383015376	0.00962100215250325	0.00165546750995445	0.0124534118636135	0.0223811935445532	0.00320176755270116	0.000118471481392165	0.0101385505575217	0.00668379553606625	0.00546399395190947	0.0107378855863004	0.0126606823180661	0.0463124675952469	0.0144723235439092	0.0450043773903442
HMEC_5_3_2	0.0198514024499644	0.00178021128158276	0.00616815684676458	0.00422807600395292	0.00295692224398264	0.0100377813392375	0.0139850616349052	0.0137868333891926	0.00210057463737625	0.00963566248975351	0.00048271451589217	0.00627617600480264	0.0123274191159853	0.00124909016029776	0.011847488529058	0.0295694177965826	0.0188227757583337	0.00492233821919497	0.0105840190060274	0.00645020478576565	0.00675858414792994	0.00659388989138176	0.00803122816291292	0.00568435039567557	0	0.0039890921070152	0.011337514330999	0.00106745018845238	0.0096798769120082	0.0147713225446804	0.00450712461986436	0.010176976076422	0.0123124770688165	5.17212399637798e-05	0.0024443652596098	0.0115198550242663	0.0016305853590751	0.000233590122271074	0.00331825861107781	0.000808749063044726	0.00336844542536451	0.00860527986148682	0.000390022109256777	0.00301512687378439	0.00558011551649892	0.0043403141992871	0.00158879352911029	0.0014385763579852	0.00393673665203635	0.00733979090333532	0.00676925083815115	0.0166976892722641	0.00248260057199371	0.00580282034789751	0.00445430142609448	0.000999460079752955	0.000220359134255701	0.00505365692891401	0.00697653037168397	0.0406324629921397	0.008788259308927	0.0393241095071762
HMEC_5_3_3	0.0238397396734042	0.00576928723912601	0.0101571501042358	0.00023898547814349	0.00694598202633419	0.00604878384925679	0.00999618674251269	0.0097979512021188	0.00608964662555862	0.00564665519661669	0.00350638024794978	0.00228710632999197	0.00833848692152436	0.00523817198333687	0.0158362832827645	0.0335569144461216	0.0148341159618276	0.000933253298509071	0.00659503563023099	0.010439190629411	0.0027695212819545	0.00260482461969943	0.00404218672168933	0.00169527335493133	0.0039890921070152	0	0.0153263311588922	0.00292164681165493	0.0136687596820911	0.0187599744431053	0.00849615638675832	0.00618798209587052	0.0163012509611317	0.00393737118603412	0.00643343262678432	0.0155086640562717	0.00235851277922621	0.00422268068003677	0.000670836982414678	0.00479783507336911	0.00735749851488639	0.0125942006460796	0.00437911153349942	0.00700418574213635	0.00956912341364389	0.000351224478106339	0.00240030455891133	0.00542765619065875	0.00792577961517722	0.00335073719943931	0.0107582279887532	0.0206862318169997	0.00150649739662523	0.00181374469451591	0.00844333427338117	0.00498854435169859	0.00376873427692472	0.00904267699624524	0.0109655016999891	0.0446186126406685	0.0127771738830212	0.0433104404864177
HMEC_5_4_1	0.00851466420374164	0.00955738001147368	0.00516950223362358	0.0155652940710587	0.00838070428874478	0.0213743342287224	0.0253209939652006	0.0251228001135212	0.00923702748441486	0.0209722709713297	0.011820203084148	0.0176131935055833	0.0236636285621831	0.0100884811477603	0.000510001755507151	0.0182343997702471	0.030157763507022	0.01625949245444	0.0219204941148335	0.00488745268774314	0.0180955490176718	0.0179308729599727	0.0193680443538083	0.0170214296611832	0.011337514330999	0.0153263311588922	0	0.0124049047590764	0.00165771047259434	0.00343404012476642	0.00683052927694992	0.0215135093930509	0.000975017510710299	0.0113892329110853	0.00889324745565623	0.000182350271213099	0.0129680043020618	0.0111039359269336	0.0146555538609422	0.0105288037553615	0.00796919048718577	0.00273234141914159	0.0109475115141242	0.00832250107833809	0.00575754459009721	0.0156775222362568	0.0129262152133163	0.00989900237087796	0.00740090970068378	0.0186766896402408	0.00456840394581674	0.00536058482943217	0.013819960236857	0.0171398874970248	0.00688335189569117	0.0103381009601202	0.0115578619628481	0.00628400143445287	0.00436112216857542	0.0293005145003377	0.00254935694643364	0.0279917352124758
HMEC_5_4_2	0.0209186749655175	0.00284765933218782	0.00723558814891888	0.0031606314249459	0.00402436740951707	0.0089703687809903	0.0129176867219675	0.0127194562812941	0.0031680220187757	0.00856824681518282	0.000584735791475301	0.00520873951739254	0.0112600268375414	0.00231653912904812	0.0129148736752042	0.0306364772545063	0.0177554643307431	0.00385489599157128	0.00951661089440962	0.0075176344499012	0.00569115007417611	0.00552645497187167	0.00696380138304836	0.00461691121129228	0.00106745018845238	0.00292164681165493	0.0124049047590764	0	0.0107472829540341	0.0158386730459114	0.00557456418991321	0.00910956462795357	0.013379857202394	0.00101572896985067	0.00351181182611178	0.0125872435896706	0.000563135556696691	0.00130104018261562	0.00225081155990676	0.00187619861217743	0.00443588930465014	0.00967269475860862	0.00145747205826716	0.00408257186614934	0.00664755001503981	0.00327286997316261	0.000521343688999553	0.00250602502647351	0.00500417851860082	0.00627235999410201	0.00783667856731134	0.0177650128702936	0.00141515186019464	0.0047353816800799	0.00552174122048029	0.00206690939761415	0.000847091133173889	0.00612109403849347	0.00804395679698523	0.0416991754677793	0.00985567276846944	0.0403908689166585
HMEC_5_4_3	0.0101723160452834	0.00789971987072798	0.00351180390770859	0.0139077272013768	0.00672303141387791	0.019716902010367	0.0236636778647846	0.0234654777099912	0.00757936369628821	0.0193148280376284	0.010162572541579	0.0159556691475424	0.0220062612863922	0.00843082735093468	0.00216771148482826	0.0198918626103127	0.0285006165958652	0.0146019393880782	0.020263076782962	0.00322975277927461	0.0164380354602886	0.016273355681553	0.017710560726255	0.0153638924623858	0.0096798769120082	0.0136687596820911	0.00165771047259434	0.0107472829540341	0	0.0050917388128025	0.00517284241237473	0.0198560809319681	0.00263272625692188	0.00973159621429543	0.00723557990358187	0.00184006051836904	0.0113103913335214	0.00944629528980295	0.0129979698473565	0.00887115549886699	0.00631151358929457	0.00107463291510484	0.00928986876176853	0.00666482762089293	0.0040998499034102	0.0140199575558329	0.0112686015747843	0.00824134626826338	0.00574322761451316	0.0170191894933354	0.00291070237462361	0.00701826990396996	0.0121623614231709	0.01548235283249	0.00522566545555924	0.00868045027289293	0.00990022764515022	0.00462631039508687	0.00270341958976408	0.03095759951038	0.000891647998144136	0.0296488741007186
HMEC_5_5_1	0.00508068501231832	0.0129912479411037	0.00860348044832404	0.0189989261149296	0.0118146069586289	0.0248076461195636	0.0287540373402604	0.0285558579498081	0.0126709052459076	0.0244056079106172	0.0152539936242479	0.0210467229488768	0.0270967896926649	0.013522332162195	0.00292404045520793	0.0148007430757356	0.0335904221587305	0.0196930909761702	0.02535377129509	0.00832143618556357	0.0215290526639983	0.0213643854831414	0.0228014769708041	0.0204549899044167	0.0147713225446804	0.0187599744431053	0.00343404012476642	0.0158386730459114	0.0050917388128025	0	0.0102644719434219	0.0249468125136504	0.00245902596901459	0.0148230392612769	0.0123271354570988	0.00325169068259565	0.0164017502843638	0.0145377524664216	0.0180892278781069	0.013962640164485	0.0114031044152219	0.00616635804199143	0.0143813335465951	0.0117564053686073	0.00919151108632505	0.0191111489482749	0.0163599628803024	0.0133328595081023	0.0108348384148996	0.0221101613826848	0.00800239315574555	0.00192655921115705	0.0172536708464145	0.0205734416496819	0.010317293307494	0.0137719437594247	0.0149916621868028	0.00971795663342678	0.00779511493928164	0.0258675620829641	0.00598337579061522	0.0245586804446346
HMEC_5_5_2	0.0153448306688194	0.00272692202032008	0.00166105061486404	0.00873513488208108	0.00155021058150802	0.0145446472443272	0.0184917293592266	0.0182935123509356	0.00240655902567179	0.0141425455505762	0.00498983483559652	0.0107831803483523	0.0168341766350055	0.00325804173475382	0.00734052070702544	0.0250636492494548	0.0233291273811005	0.00942938026403828	0.0150908607060611	0.00194310266489159	0.0112655735029015	0.0111008844551742	0.0125381740657864	0.0101913720123237	0.00450712461986436	0.00849615638675832	0.00683052927694992	0.00557456418991321	0.00517284241237473	0.0102644719434219	0	0.0146838359119375	0.00780552578901122	0.00455884543950412	0.00206276838266457	0.00701287602216643	0.00613769212805453	0.00427353628085093	0.00782533697687452	0.00369838090201199	0.00113868606294073	0.0040982186587158	0.00411710537930078	0.00149200579942781	0.00107300163733504	0.00884737047110706	0.00609590087347835	0.00306855615465526	0.000570391990648454	0.011846761117118	0.00226215371413299	0.0121909331249212	0.00698969426145309	0.010309838605304	5.2823615732378e-05	0.00350767080613456	0.00472748189360672	0.000546537261617291	0.00246943669142668	0.0361280502001612	0.00428120235639145	0.0348195114468109
HMEC_5_5_3	0.0300259649860149	0.0119571023719618	0.0163447290547659	0.00594900004305882	0.0131337431291115	0.000139200267061728	0.00380829572532852	0.00361005374363914	0.0122774477221294	0.000541334235404037	0.00969428021200193	0.00390089723067873	0.00215054777974267	0.0114260092775696	0.0220234147483537	0.0397415979637081	0.00864643968064356	0.0052547406076033	0.000407059973049694	0.0166267511458119	0.00341848358380182	0.00358317992651737	0.00214581621563348	0.00449272707315905	0.010176976076422	0.00618798209587052	0.0215135093930509	0.00910956462795357	0.0198560809319681	0.0249468125136504	0.0146838359119375	0	0.0224883386454503	0.0101252569236385	0.0126212181002555	0.0216958257182786	0.00854644621312844	0.0104105565008664	0.00685880798431239	0.0109856896931963	0.013545239115784	0.0187816072714534	0.0105669817482459	0.0131919439957884	0.0157567395302045	0.00583676255694818	0.00858823688683513	0.0116154857371066	0.0141134905333486	0.00283726775133995	0.0169457671774667	0.0268728529785678	0.00769445152606514	0.00437425649583786	0.0146310167732783	0.0111763915843877	0.00995662568902161	0.0152303249349444	0.0171530267617738	0.05080093700744	0.0189645663777828	0.0494930779506309
