	HMEC_4_1_1	HMEC_4_1_2	HMEC_4_1_3	HMEC_4_2_1	HMEC_4_2_2	HMEC_4_2_3	HMEC_4_G2_3F_2	HMEC_4_G2_3F_3	HMEC_4_G2_4B_1	HMEC_4_G2_4D_1	HMEC_4_G2_4D_2	HMEC_5_1_1	HMEC_5_1_2	HMEC_5_1_3	HMEC_5_2_1	HMEC_5_2_2	HMEC_5_2_3	HMEC_5_3_1	HMEC_5_3_3	HMEC_5_4_2	HMEC_5_5_1	HMEC_5_5_2	HMEC_5_5_3	HMEC_5_6_1	HMEC_5_6_2	HMEC_5_6_3	HMEC_5_7_2	HMEC_5_8_3	HMEC_Root1_1	HMEC_Root1_2	HMEC_Root1_3	HMEC_Root2_1	HMEC_Root2_2	HMEC_Root2_3	HMEC_STAT_2_1	HMEC_STAT_2_2	HMEC_STAT_2_3	HMEC_STAT_3_1	HMEC_STAT_3_3	HMEC_STAT_4_1	HMEC_STAT_4_3
HMEC_4_1_1	0	0.0167253269076043	0.018312551265617	0.02148877303065	0.00982798024998187	0.0183579953619581	0.0158992776341376	0.0345970840905468	0.0221476494587003	0.0169270617817825	0.00607673140985147	0.0201177453487695	0.021379024763235	0.0259959351433611	0.019380327956622	0.0296111937786117	0.0118882151361648	0.0180692479761369	0.0195121552709758	0.010995599452381	0.0151627709999756	0.0267184541412836	0.0119890598306125	0.00419340807051915	0.0166029551785287	0.00874738684777127	0.0318861027181101	0.0279480357074909	0.0111411785937814	0.0211974782745721	0.013191321626138	0.0125078362969536	0.0103270365036816	0.0162328582599226	0.0274161326779508	0.0299662315349283	0.0186759089437463	0.0221398997245379	0.0208624623028425	0.029885777658983	0.0321886556178633
HMEC_4_1_2	0.0167253269076043	0	0.00158739320830187	0.00476404058293434	0.00689774079598931	0.00163284256933493	0.000826125586773468	0.0178753447184423	0.00542301994492579	0.000201754713588543	0.0106489719076356	0.00339281483880045	0.00465427565875143	0.00927200732267111	0.00265529992930958	0.01288808144019	0.0048374460464223	0.00134406213979774	0.00278714421394071	0.00573009372179735	0.00156269358536528	0.00999467719329123	0.00473659715574465	0.020918223983456	0.000122383533396831	0.00797834587331327	0.0151635811135789	0.0112245294149463	0.00558450999455141	0.00447270192282479	0.0035342762350432	0.00421779723585375	0.00639867456829419	0.000492515096778777	0.0106925071538944	0.0132432074437361	0.00195079365083499	0.00541526897081058	0.00413763667337959	0.0131627334424767	0.0154662170935354
HMEC_4_1_3	0.018312551265617	0.00158739320830187	0	0.00317665570427507	0.00848510176680623	4.54494018351668e-05	0.00241351769735803	0.016288111697739	0.00383563818504925	0.00138563864834569	0.0122362933219508	0.00180542500216051	0.00306689030703417	0.00768465332441695	0.00106790828186153	0.0113007683712095	0.00642482213850739	0.000243331248484756	0.00119975284630448	0.00731746383706274	0.00315008408330719	0.00840733022469863	0.00632397386784137	0.0225053575447319	0.00170977662686322	0.00956569704151908	0.013576301173605	0.00963719573027813	0.00717188114454578	0.00288531581763037	0.00512165947551451	0.00580517696035494	0.00798603963154459	0.00207990774100881	0.00910516751854224	0.0116558991699623	0.000363400832697892	0.00382788717149586	0.00255024927306309	0.0115754240699269	0.0138789419887681
HMEC_4_2_1	0.02148877303065	0.00476404058293434	0.00317665570427507	0	0.0116616484389527	0.00313120645915222	0.00559015854022076	0.0131116911181541	0.000658985264245755	0.00456228738963534	0.0154127411612926	0.00137123342847844	0.000109765768695255	0.00450803576473841	0.00210874990254268	0.00812421375007862	0.00960140987899374	0.00341998603627526	0.00197690547012267	0.0104940349339545	0.00632671783414649	0.00523072294141932	0.0095005633781825	0.0256813756527769	0.00488642312873682	0.0127422184289631	0.0103998009166111	0.00646060857899161	0.0103484550758309	0.000291340812344943	0.00829826835814746	0.00898177522083342	0.0111625971112275	0.00525655140259054	0.00592857124965989	0.00847935228237271	0.00281325599747859	0.000651234212214894	0.000626408190437491	0.00839887540553344	0.0107024498210913
HMEC_4_2_2	0.00982798024998187	0.00689774079598931	0.00848510176680623	0.0116616484389527	0	0.00853055002727396	0.00607162721674717	0.0247720266515673	0.0123206008683423	0.00709949208126731	0.00375132683105964	0.0102904720826518	0.0115518877991909	0.0161693894737936	0.00955298001844666	0.0197852123574196	0.00206031861704343	0.00824177642221695	0.00968482041000368	0.00116766309817677	0.00533506716989403	0.0168920141302741	0.00216116815381664	0.0140211868288376	0.00677535924715832	0.00108062572993096	0.0220605219144913	0.0181217836694333	0.00131324836517522	0.0113703210241297	0.00336349302492415	0.0026799706276006	0.000499073876327302	0.0064052332510592	0.0175897980628774	0.0201403103193105	0.00884849313363478	0.0123128502230728	0.0110352682060756	0.0200598427252818	0.0223631307458965
HMEC_4_2_3	0.0183579953619581	0.00163284256933493	4.54494018351668e-05	0.00313120645915222	0.00853055002727396	0	0.00245896700568142	0.0162426664633048	0.00379018901231679	0.00143108801892721	0.0122817403533732	0.00175997565038708	0.00302144105120426	0.00763920484747931	0.00102245889723304	0.0112553209731111	0.00647027088494126	0.000288780649510363	0.00115430346624217	0.00736291238939924	0.00319553332645099	0.00836188193044479	0.00636942263463507	0.0225507989337131	0.00175522598136232	0.00961114499354286	0.0135308546655136	0.00959174778471636	0.00721732973025712	0.00283986654494274	0.00516710846012756	0.00585062582671793	0.00803148802202171	0.00212535707313935	0.00905971941628093	0.0116104519000239	0.000317951432867594	0.00378243799780111	0.00250479997194463	0.0115299767705916	0.0138334956113433
HMEC_4_G2_3F_2	0.0158992776341376	0.000826125586773468	0.00241351769735803	0.00559015854022076	0.00607162721674717	0.00245896700568142	0	0.0187013745829402	0.00624913582342248	0.00102788024121975	0.00982287632154282	0.00421893632456144	0.00548039393814933	0.0100981060920503	0.00348142286748638	0.0137141564094338	0.0040113260221944	0.00217018689081514	0.00361326691535458	0.00490397619084716	0.000736568328460671	0.0108207718046667	0.00391047687856065	0.0200922190685433	0.000703742077698223	0.00715223664853127	0.0159896372692664	0.012050616262892	0.00475839202576946	0.00529882071987404	0.00270815339170968	0.00339167574967978	0.0055725592042888	0.000333610537347365	0.0115185974664744	0.0140692796720128	0.0027769176854507	0.00624138487520283	0.00496375637615318	0.0139888062982033	0.0162922705237751
HMEC_4_G2_3F_3	0.0345970840905468	0.0178753447184423	0.016288111697739	0.0131116911181541	0.0247720266515673	0.0162426664633048	0.0187013745829402	0	0.0124527431444845	0.0176736120964674	0.0285224341318379	0.0144828343021839	0.0132214502912992	0.0086038316137732	0.0152202951714455	0.00498766152346141	0.0227121099734946	0.0165314202377401	0.0150884610422301	0.0236046003097965	0.0194378501023788	0.00788115551737862	0.0226112782371787	0.0387885368001978	0.0179977146054725	0.0258524123785854	0.00271201839041528	0.00665127782407077	0.0234590429178436	0.0134030141861384	0.0214091521150284	0.0220925645714545	0.0242730568373534	0.0183678037661892	0.00718331340399677	0.00463251735690995	0.0159247435340707	0.0124604937806779	0.0137380602029854	0.00471299561097053	0.00240935849535178
HMEC_4_G2_4B_1	0.0221476494587003	0.00542301994492579	0.00383563818504925	0.000658985264245755	0.0123206008683423	0.00379018901231679	0.00624913582342248	0.0124527431444845	0	0.00522126721189088	0.0160716698038625	0.00203021805685937	0.000768751012854982	0.00384905446358012	0.00276773383350885	0.00746524233747263	0.0102603726323137	0.004078968113727	0.00263588954396426	0.0111529934527661	0.00698569300082024	0.00457174313892285	0.0101595265869731	0.0263402061681105	0.00554540220245718	0.0134011646668924	0.00974083878864383	0.00580163187538747	0.0110074143101443	0.000950326013326587	0.00895723663881767	0.00964074069923459	0.0118215522196665	0.00591552956282501	0.00526959312069462	0.00782038216300238	0.00347223903026068	7.75105050474436e-06	0.00128539327077613	0.00773990498804162	0.010043489106182
HMEC_4_G2_4D_1	0.0169270617817825	0.000201754713588543	0.00138563864834569	0.00456228738963534	0.00709949208126731	0.00143108801892721	0.00102788024121975	0.0176736120964674	0.00522126721189088	0	0.0108507185289096	0.00319106088238616	0.00445252239469357	0.009070258491189	0.00245354567127292	0.0126863381611709	0.00503919905386191	0.00114230753328597	0.00258539000425143	0.00593184605614126	0.00176444810628018	0.00979292932531014	0.00493835023219828	0.0211199477233574	0.000324138244838729	0.00818009601743186	0.0149618422656364	0.0110227833545172	0.00578626244627753	0.00427094854537984	0.00373603002470448	0.00441955064490331	0.00660042632534552	0.000694269786672498	0.0104907602855803	0.0130414648085895	0.00174903917567562	0.00521351623201659	0.00393588309882796	0.0129609906598865	0.015264478889451
HMEC_4_G2_4D_2	0.00607673140985147	0.0106489719076356	0.0122362933219508	0.0154127411612926	0.00375132683105964	0.0122817403533732	0.00982287632154282	0.0285224341318379	0.0160716698038625	0.0108507185289096	0	0.0140416106844087	0.0153029843740418	0.01992029693882	0.0133041412754115	0.0235359330771682	0.00581162983627481	0.0119929744662509	0.0134359777207223	0.00491898243963169	0.00908633081979674	0.0206428869885025	0.00591247832491825	0.0102700481659864	0.0105265931363534	0.00267070486546275	0.0258111077216729	0.0218725945160834	0.00506456652368635	0.0151214239030781	0.00711478865931951	0.0064312749879075	0.00425039794094167	0.0101564753035024	0.021340636217043	0.0238910108688913	0.012599674711366	0.0160639194449341	0.0147863824933135	0.0238105478742397	0.0261136975975948
HMEC_5_1_1	0.0201177453487695	0.00339281483880045	0.00180542500216051	0.00137123342847844	0.0102904720826518	0.00175997565038708	0.00421893632456144	0.0144828343021839	0.00203021805685937	0.00319106088238616	0.0140416106844087	0	0.00126146772640817	0.00587925659665217	0.000737517213265507	0.00949541051674088	0.00823021402760368	0.00204875593868125	0.000605672610733655	0.00912284703277779	0.00495549931190493	0.00660193995757633	0.00812936667629034	0.0243104394715997	0.00351519786630987	0.01137105391399	0.0117709761685078	0.00783181796029478	0.00897726582627023	0.00107989276577792	0.00692706226236611	0.00761057429670396	0.00979141566162359	0.00388532768388052	0.00729978411013823	0.00985054601545646	0.00144202449748653	0.002022467014871	0.00074482545990368	0.00977006983654014	0.0120736218407363
HMEC_5_1_2	0.021379024763235	0.00465427565875143	0.00306689030703417	0.000109765768695255	0.0115518877991909	0.00302144105120426	0.00548039393814933	0.0132214502912992	0.000768751012854982	0.00445252239469357	0.0153029843740418	0.00126146772640817	0	0.00461780074071149	0.00199898429494869	0.00823397697319893	0.00949164757984445	0.00331022069908965	0.00186713984259137	0.0103842733140324	0.00621695356308394	0.00534048764663042	0.00939080100610232	0.0255716349106319	0.00477665824900858	0.0126324587889307	0.0105095625266706	0.00657037273208292	0.0102386933409887	0.000181575046063599	0.00818850517641677	0.00887201248588319	0.0110528360398252	0.00514678666418882	0.00603833565570581	0.00858911527970702	0.00270349051889249	0.000760999961500791	0.000516642434709846	0.00850863845485891	0.010812211186928
HMEC_5_1_3	0.0259959351433611	0.00927200732267111	0.00768465332441695	0.00450803576473841	0.0161693894737936	0.00763920484747931	0.0100981060920503	0.0086038316137732	0.00384905446358012	0.009070258491189	0.01992029693882	0.00587925659665217	0.00461780074071149	0	0.0066167638651587	0.00361622388619827	0.0141092339198919	0.00792797943398205	0.00648492120317513	0.0150018246424503	0.0108346464786275	0.000722693082774543	0.0140083911410959	0.0301881985431242	0.00939438716058014	0.017249910616016	0.00589186088610846	0.00195259252339393	0.0148562505538466	0.00479937439235552	0.0128061380439585	0.0134896216281277	0.0156703594719512	0.00976450695986533	0.00142054864292771	0.00397136912997246	0.00732125957898533	0.00385680547672995	0.00513443892984322	0.00389089069769385	0.00619451763771485
HMEC_5_2_1	0.019380327956622	0.00265529992930958	0.00106790828186153	0.00210874990254268	0.00955298001844666	0.00102245889723304	0.00348142286748638	0.0152202951714455	0.00276773383350885	0.00245354567127292	0.0133041412754115	0.000737517213265507	0.00199898429494869	0.0066167638651587	0	0.0102329028926333	0.00749271258829321	0.00131123941228691	0.000131844622673341	0.00838534938840761	0.00421798744431841	0.0073394447842147	0.00739186483388621	0.0235730690378415	0.00277768315002048	0.0106335676363493	0.0125084557464187	0.00856931801759639	0.00823976753511581	0.00181740947720495	0.00618955601554365	0.00687307046302901	0.00905392112692754	0.00314781359826957	0.0080372863254949	0.01058803656834	0.000704507543868038	0.0027599828010249	0.00148234239084794	0.0105075608081909	0.0128110995171233
HMEC_5_2_2	0.0296111937786117	0.01288808144019	0.0113007683712095	0.00812421375007862	0.0197852123574196	0.0112553209731111	0.0137141564094338	0.00498766152346141	0.00746524233747263	0.0126863381611709	0.0235359330771682	0.00949541051674088	0.00823397697319893	0.00361622388619827	0.0102329028926333	0	0.0177251443443565	0.0115440886166859	0.0101010629930568	0.0186176984463631	0.0144506741329826	0.00289353342434841	0.0176243055771771	0.033803142529668	0.0130104578602819	0.0208656833268242	0.00227565380655063	0.00166363543423187	0.0184721304667109	0.00841554765894783	0.0164220983413788	0.0171055562980586	0.01928620453814	0.0133805670943096	0.00219567915262798	0.000355147011526729	0.010937383107103	0.00747299324063047	0.00875060650641317	0.000274668151064829	0.00257831377176346
HMEC_5_2_3	0.0118882151361648	0.0048374460464223	0.00642482213850739	0.00960140987899374	0.00206031861704343	0.00647027088494126	0.0040113260221944	0.0227121099734946	0.0102603726323137	0.00503919905386191	0.00581162983627481	0.00823021402760368	0.00949164757984445	0.0141092339198919	0.00749271258829321	0.0177251443443565	0	0.00618149424237325	0.00762455459880124	0.000892656264845674	0.00327476105157883	0.0148318745799428	0.000100849693379407	0.0160813437625787	0.00471506348125287	0.00314094191720958	0.020000518549593	0.0160616730670835	0.000747070954030483	0.00931007809755472	0.00130317754421635	0.000619653198864362	0.00156124529857115	0.00434493454173561	0.0155296746731011	0.0180802519092332	0.00678821747344281	0.0102526218620013	0.00897502040730321	0.0179997821233341	0.0203031365354437
HMEC_5_3_1	0.0180692479761369	0.00134406213979774	0.000243331248484756	0.00341998603627526	0.00824177642221695	0.000288780649510363	0.00217018689081514	0.0165314202377401	0.004078968113727	0.00114230753328597	0.0119929744662509	0.00204875593868125	0.00331022069908965	0.00792797943398205	0.00131123941228691	0.0115440886166859	0.00618149424237325	0	0.00144308394876369	0.00707413695831739	0.00290675360748533	0.0086506553386327	0.00608064586522449	0.0222620686481499	0.00146644558987529	0.00932237332210402	0.0138196165986171	0.00988051894735242	0.00692855409068413	0.00312864630461443	0.0048783303357967	0.00556184843711777	0.00774271360303829	0.00183657681483908	0.00934849158747971	0.0118992187206233	0.000606732062754442	0.00407121710532226	0.00279357992058954	0.0118187437798985	0.0141222567068933
HMEC_5_3_3	0.0195121552709758	0.00278714421394071	0.00119975284630448	0.00197690547012267	0.00968482041000368	0.00115430346624217	0.00361326691535458	0.0150884610422301	0.00263588954396426	0.00258539000425143	0.0134359777207223	0.000605672610733655	0.00186713984259137	0.00648492120317513	0.000131844622673341	0.0101010629930568	0.00762455459880124	0.00144308394876369	0	0.0085171907452048	0.00434983122842481	0.00720760257875799	0.00752370691366989	0.0237048880733517	0.00290952740350596	0.010765407023349	0.0123766181976739	0.00843747669878269	0.00837160900350457	0.00168556499425735	0.00632139884940869	0.00700491288442533	0.00918576194632208	0.00327965774925609	0.00790544460616844	0.010456197004479	0.000836352139943602	0.00262813850958524	0.00135049785934275	0.010375721167241	0.0126792623166815
HMEC_5_4_2	0.010995599452381	0.00573009372179735	0.00731746383706274	0.0104940349339545	0.00116766309817677	0.00736291238939924	0.00490397619084716	0.0236046003097965	0.0111529934527661	0.00593184605614126	0.00491898243963169	0.00912284703277779	0.0103842733140324	0.0150018246424503	0.00838534938840761	0.0186176984463631	0.000892656264845674	0.00707413695831739	0.0085171907452048	0	0.00416741308684911	0.0157244586301378	0.000993505926464458	0.0151887633695972	0.00560771155266887	0.00224828784233696	0.0208930454644086	0.0169542450199645	0.00014558534441689	0.0102027049389568	0.00219583292204424	0.00151230917318736	0.000668589357440654	0.00523758375442528	0.0164222519739051	0.018972801979002	0.00768085758430391	0.0111452427338342	0.0098676492383861	0.0188923331136659	0.0211956595933369
HMEC_5_5_1	0.0151627709999756	0.00156269358536528	0.00315008408330719	0.00632671783414649	0.00533506716989403	0.00319553332645099	0.000736568328460671	0.0194378501023788	0.00698569300082024	0.00176444810628018	0.00908633081979674	0.00495549931190493	0.00621695356308394	0.0108346464786275	0.00421798744431841	0.0144506741329826	0.00327476105157883	0.00290675360748533	0.00434983122842481	0.00416741308684911	0	0.0115573081955697	0.00317391172272014	0.0193557503124562	0.0014403101471828	0.00641568005265598	0.0167261373110852	0.0127871452411667	0.00402182858950907	0.00603538087885264	0.00197158642798651	0.00265510972305111	0.00483599776537946	0.00107017877444633	0.0122551297461144	0.0148057948100689	0.00351348352115498	0.00697794207876636	0.00570031747642857	0.0147253220277858	0.0170287680148902
HMEC_5_5_2	0.0267184541412836	0.00999467719329123	0.00840733022469863	0.00523072294141932	0.0168920141302741	0.00836188193044479	0.0108207718046667	0.00788115551737862	0.00457174313892285	0.00979292932531014	0.0206428869885025	0.00660193995757633	0.00534048764663042	0.000722693082774543	0.0073394447842147	0.00289353342434841	0.0148318745799428	0.0086506553386327	0.00720760257875799	0.0157244586301378	0.0115573081955697	0	0.0147310325298464	0.0309106576854614	0.0101170564368113	0.017972526027526	0.00516917543226338	0.00122990004212115	0.0155788856570139	0.00552206083712351	0.0135287877275108	0.0142122666849793	0.0163929882003812	0.0104871743927558	0.000697855808441178	0.00324867927881251	0.00804393791095623	0.00457949413570965	0.00585712448027119	0.00316820070262769	0.00547183304543885
HMEC_5_5_3	0.0119890598306125	0.00473659715574465	0.00632397386784137	0.0095005633781825	0.00216116815381664	0.00636942263463507	0.00391047687856065	0.0226112782371787	0.0101595265869731	0.00493835023219828	0.00591247832491825	0.00812936667629034	0.00939080100610232	0.0140083911410959	0.00739186483388621	0.0176243055771771	0.000100849693379407	0.00608064586522449	0.00752370691366989	0.000993505926464458	0.00317391172272014	0.0147310325298464	0	0.0161821843241897	0.00461421455010043	0.00324179125324137	0.019899682774898	0.0159608323409689	0.000847920624576742	0.00920923140503619	0.00120232790633445	0.000518803517319554	0.00166209490045737	0.00424408549452321	0.0154288333612862	0.0179794135852642	0.00668736936951209	0.0101517758111348	0.00887417350165328	0.0178989436981606	0.0202023011859854
HMEC_5_6_1	0.00419340807051915	0.020918223983456	0.0225053575447319	0.0256813756527769	0.0140211868288376	0.0225507989337131	0.0200922190685433	0.0387885368001978	0.0263402061681105	0.0211199477233574	0.0102700481659864	0.0243104394715997	0.0255716349106319	0.0301881985431242	0.0235730690378415	0.033803142529668	0.0160813437625787	0.0222620686481499	0.0237048880733517	0.0151887633695972	0.0193557503124562	0.0309106576854614	0.0161821843241897	0	0.0207958589507936	0.012940629370509	0.0360778340694361	0.0321401339120367	0.015334336913603	0.0253901007936282	0.0173843945691998	0.0167009390622776	0.0145202253341798	0.0204257820198225	0.0316082769888242	0.0341581473441104	0.0228686934079701	0.0263324569812942	0.0250551074008424	0.0340777009650045	0.0363803569268863
HMEC_5_6_2	0.0166029551785287	0.000122383533396831	0.00170977662686322	0.00488642312873682	0.00677535924715832	0.00175522598136232	0.000703742077698223	0.0179977146054725	0.00554540220245718	0.000324138244838729	0.0105265931363534	0.00351519786630987	0.00477665824900858	0.00939438716058014	0.00277768315002048	0.0130104578602819	0.00471506348125287	0.00146644558987529	0.00290952740350596	0.00560771155266887	0.0014403101471828	0.0101170564368113	0.00461421455010043	0.0207958589507936	0	0.00785596500181757	0.0152859548145137	0.0113469075450945	0.00546212775620088	0.00459508458432933	0.00341189321332272	0.00409541443560396	0.00627629274014341	0.000370131570504922	0.0108148857814257	0.0133655834683826	0.00207317701290742	0.00553765123193214	0.00426001945905384	0.0132851095576704	0.0155885903997533
HMEC_5_6_3	0.00874738684777127	0.00797834587331327	0.00956569704151908	0.0127422184289631	0.00108062572993096	0.00961114499354286	0.00715223664853127	0.0258524123785854	0.0134011646668924	0.00818009601743186	0.00267070486546275	0.01137105391399	0.0126324587889307	0.017249910616016	0.0106335676363493	0.0208656833268242	0.00314094191720958	0.00932237332210402	0.010765407023349	0.00224828784233696	0.00641568005265598	0.017972526027526	0.00324179125324137	0.012940629370509	0.00785596500181757	0	0.0231409562981762	0.0192022789352866	0.00239387291466674	0.0124508936478036	0.00444411314320428	0.0037605925736707	0.00157969931004824	0.00748584098598484	0.0186703006621685	0.0212207758339616	0.009929085898695	0.0133934140963353	0.0121158437801132	0.0211403094842787	0.0234435599720388
HMEC_5_7_2	0.0318861027181101	0.0151635811135789	0.013576301173605	0.0103998009166111	0.0220605219144913	0.0135308546655136	0.0159896372692664	0.00271201839041528	0.00974083878864383	0.0149618422656364	0.0258111077216729	0.0117709761685078	0.0105095625266706	0.00589186088610846	0.0125084557464187	0.00227565380655063	0.020000518549593	0.0138196165986171	0.0123766181976739	0.0208930454644086	0.0167261373110852	0.00516917543226338	0.019899682774898	0.0360778340694361	0.0152859548145137	0.0231409562981762	0	0.00393928407098256	0.0207474820045791	0.0106911305023742	0.0186975099795012	0.0193809486365102	0.0215615303697681	0.0156560556811072	0.00447132521460765	0.00192050733298686	0.0132129229346921	0.00974858958658269	0.0110261842124187	0.00200098608911441	0.000302660581164616
HMEC_5_8_3	0.0279480357074909	0.0112245294149463	0.00963719573027813	0.00646060857899161	0.0181217836694333	0.00959174778471636	0.012050616262892	0.00665127782407077	0.00580163187538747	0.0110227833545172	0.0218725945160834	0.00783181796029478	0.00657037273208292	0.00195259252339393	0.00856931801759639	0.00166363543423187	0.0160616730670835	0.00988051894735242	0.00843747669878269	0.0169542450199645	0.0127871452411667	0.00122990004212115	0.0159608323409689	0.0321401339120367	0.0113469075450945	0.0192022789352866	0.00393928407098256	0	0.0168086740662246	0.00675194498666894	0.0147586026546614	0.0154420731699102	0.0176227650840998	0.0117170220560959	0.000532044391886474	0.00201878203241903	0.00927380615539468	0.00580938283786964	0.00708700682897643	0.00193830327830591	0.00424194289850509
HMEC_Root1_1	0.0111411785937814	0.00558450999455141	0.00717188114454578	0.0103484550758309	0.00131324836517522	0.00721732973025712	0.00475839202576946	0.0234590429178436	0.0110074143101443	0.00578626244627753	0.00506456652368635	0.00897726582627023	0.0102386933409887	0.0148562505538466	0.00823976753511581	0.0184721304667109	0.000747070954030483	0.00692855409068413	0.00837160900350457	0.00014558534441689	0.00402182858950907	0.0155788856570139	0.000847920624576742	0.015334336913603	0.00546212775620088	0.00239387291466674	0.0207474820045791	0.0168086740662246	0	0.0100571247784864	0.00205024780507279	0.00136672393311162	0.000814174674449827	0.00509199975784977	0.0162766801278836	0.0188272346703668	0.00753527516445529	0.0109996635825387	0.00972206874075963	0.0187467656518591	0.0210500967739523
HMEC_Root1_2	0.0211974782745721	0.00447270192282479	0.00288531581763037	0.000291340812344943	0.0113703210241297	0.00283986654494274	0.00529882071987404	0.0134030141861384	0.000950326013326587	0.00427094854537984	0.0151214239030781	0.00107989276577792	0.000181575046063599	0.00479937439235552	0.00181740947720495	0.00841554765894783	0.00931007809755472	0.00312864630461443	0.00168556499425735	0.0102027049389568	0.00603538087885264	0.00552206083712351	0.00920923140503619	0.0253901007936282	0.00459508458432933	0.0124508936478036	0.0106911305023742	0.00675194498666894	0.0100571247784864	0	0.00800693425803603	0.00869044229404344	0.0108712685598564	0.00496521322653595	0.00621990833850763	0.00877068558542426	0.00252191590169022	0.000942574962724893	0.000335067399289197	0.00869020884808981	0.0109937787530981
HMEC_Root1_3	0.013191321626138	0.0035342762350432	0.00512165947551451	0.00829826835814746	0.00336349302492415	0.00516710846012756	0.00270815339170968	0.0214091521150284	0.00895723663881767	0.00373603002470448	0.00711478865931951	0.00692706226236611	0.00818850517641677	0.0128061380439585	0.00618955601554365	0.0164220983413788	0.00130317754421635	0.0048783303357967	0.00632139884940869	0.00219583292204424	0.00197158642798651	0.0135287877275108	0.00120232790633445	0.0173843945691998	0.00341189321332272	0.00444411314320428	0.0186975099795012	0.0147586026546614	0.00205024780507279	0.00800693425803603	0	0.000683524537008287	0.00286442081892248	0.00304176297541086	0.0142265969813569	0.0167772114405191	0.00548505676723425	0.00894948580120932	0.00767187399590039	0.0166967403905441	0.0190001332958728
HMEC_Root2_1	0.0125078362969536	0.00421779723585375	0.00580517696035494	0.00898177522083342	0.0026799706276006	0.00585062582671793	0.00339167574967978	0.0220925645714545	0.00964074069923459	0.00441955064490331	0.0064312749879075	0.00761057429670396	0.00887201248588319	0.0134896216281277	0.00687307046302901	0.0171055562980586	0.000619653198864362	0.00556184843711777	0.00700491288442533	0.00151230917318736	0.00265510972305111	0.0142122666849793	0.000518803517319554	0.0167009390622776	0.00409541443560396	0.0037605925736707	0.0193809486365102	0.0154420731699102	0.00136672393311162	0.00869044229404344	0.000683524537008287	0	0.00218089776468084	0.00372528482426685	0.0149100712365073	0.0174606665465959	0.00616857327915935	0.0096329898957831	0.00835538333162233	0.0173801961478184	0.0196835692014148
HMEC_Root2_2	0.0103270365036816	0.00639867456829419	0.00798603963154459	0.0111625971112275	0.000499073876327302	0.00803148802202171	0.0055725592042888	0.0242730568373534	0.0118215522196665	0.00660042632534552	0.00425039794094167	0.00979141566162359	0.0110528360398252	0.0156703594719512	0.00905392112692754	0.01928620453814	0.00156124529857115	0.00774271360303829	0.00918576194632208	0.000668589357440654	0.00483599776537946	0.0163929882003812	0.00166209490045737	0.0145202253341798	0.00627629274014341	0.00157969931004824	0.0215615303697681	0.0176227650840998	0.000814174674449827	0.0108712685598564	0.00286442081892248	0.00218089776468084	0	0.00590616593089001	0.0170907762362272	0.0196413049221327	0.00834943205790867	0.0118138015420065	0.0105362144709565	0.0195608367754172	0.021864141500409
HMEC_Root2_3	0.0162328582599226	0.000492515096778777	0.00207990774100881	0.00525655140259054	0.0064052332510592	0.00212535707313935	0.000333610537347365	0.0183678037661892	0.00591552956282501	0.000694269786672498	0.0101564753035024	0.00388532768388052	0.00514678666418882	0.00976450695986533	0.00314781359826957	0.0133805670943096	0.00434493454173561	0.00183657681483908	0.00327965774925609	0.00523758375442528	0.00107017877444633	0.0104871743927558	0.00424408549452321	0.0204257820198225	0.000370131570504922	0.00748584098598484	0.0156560556811072	0.0117170220560959	0.00509199975784977	0.00496521322653595	0.00304176297541086	0.00372528482426685	0.00590616593089001	0	0.0111850018302714	0.0137356914839893	0.00244330793333585	0.0059077786036928	0.00463014849796728	0.0136552178522192	0.0159586900534472
HMEC_STAT_2_1	0.0274161326779508	0.0106925071538944	0.00910516751854224	0.00592857124965989	0.0175897980628774	0.00905971941628093	0.0115185974664744	0.00718331340399677	0.00526959312069462	0.0104907602855803	0.021340636217043	0.00729978411013823	0.00603833565570581	0.00142054864292771	0.0080372863254949	0.00219567915262798	0.0155296746731011	0.00934849158747971	0.00790544460616844	0.0164222519739051	0.0122551297461144	0.000697855808441178	0.0154288333612862	0.0316082769888242	0.0108148857814257	0.0186703006621685	0.00447132521460765	0.000532044391886474	0.0162766801278836	0.00621990833850763	0.0142265969813569	0.0149100712365073	0.0170907762362272	0.0111850018302714	0	0.00255082547477279	0.00874177671210085	0.00527734409900659	0.00655497100296406	0.00247034678725638	0.00477398355576605
HMEC_STAT_2_2	0.0299662315349283	0.0132432074437361	0.0116558991699623	0.00847935228237271	0.0201403103193105	0.0116104519000239	0.0140692796720128	0.00463251735690995	0.00782038216300238	0.0130414648085895	0.0238910108688913	0.00985054601545646	0.00858911527970702	0.00397136912997246	0.01058803656834	0.000355147011526729	0.0180802519092332	0.0118992187206233	0.010456197004479	0.018972801979002	0.0148057948100689	0.00324867927881251	0.0179794135852642	0.0341581473441104	0.0133655834683826	0.0212207758339616	0.00192050733298686	0.00201878203241903	0.0188272346703668	0.00877068558542426	0.0167772114405191	0.0174606665465959	0.0196413049221327	0.0137356914839893	0.00255082547477279	0	0.0112925149163587	0.00782813305157063	0.0091057437103216	8.04788625401254e-05	0.00222316746586271
HMEC_STAT_2_3	0.0186759089437463	0.00195079365083499	0.000363400832697892	0.00281325599747859	0.00884849313363478	0.000317951432867594	0.0027769176854507	0.0159247435340707	0.00347223903026068	0.00174903917567562	0.012599674711366	0.00144202449748653	0.00270349051889249	0.00732125957898533	0.000704507543868038	0.010937383107103	0.00678821747344281	0.000606732062754442	0.000836352139943602	0.00768085758430391	0.00351348352115498	0.00804393791095623	0.00668736936951209	0.0228686934079701	0.00207317701290742	0.009929085898695	0.0132129229346921	0.00927380615539468	0.00753527516445529	0.00252191590169022	0.00548505676723425	0.00616857327915935	0.00834943205790867	0.00244330793333585	0.00874177671210085	0.0112925149163587	0	0.0034644880095528	0.00218684914302212	0.0112120395845495	0.0135155647824447
HMEC_STAT_3_1	0.0221398997245379	0.00541526897081058	0.00382788717149586	0.000651234212214894	0.0123128502230728	0.00378243799780111	0.00624138487520283	0.0124604937806779	7.75105050474436e-06	0.00521351623201659	0.0160639194449341	0.002022467014871	0.000760999961500791	0.00385680547672995	0.0027599828010249	0.00747299324063047	0.0102526218620013	0.00407121710532226	0.00262813850958524	0.0111452427338342	0.00697794207876636	0.00457949413570965	0.0101517758111348	0.0263324569812942	0.00553765123193214	0.0133934140963353	0.00974858958658269	0.00580938283786964	0.0109996635825387	0.000942574962724893	0.00894948580120932	0.0096329898957831	0.0118138015420065	0.0059077786036928	0.00527734409900659	0.00782813305157063	0.0034644880095528	0	0.00127764222217472	0.00774765587998311	0.0100512398880316
HMEC_STAT_3_3	0.0208624623028425	0.00413763667337959	0.00255024927306309	0.000626408190437491	0.0110352682060756	0.00250479997194463	0.00496375637615318	0.0137380602029854	0.00128539327077613	0.00393588309882796	0.0147863824933135	0.00074482545990368	0.000516642434709846	0.00513443892984322	0.00148234239084794	0.00875060650641317	0.00897502040730321	0.00279357992058954	0.00135049785934275	0.0098676492383861	0.00570031747642857	0.00585712448027119	0.00887417350165328	0.0250551074008424	0.00426001945905384	0.0121158437801132	0.0110261842124187	0.00708700682897643	0.00972206874075963	0.000335067399289197	0.00767187399590039	0.00835538333162233	0.0105362144709565	0.00463014849796728	0.00655497100296406	0.0091057437103216	0.00218684914302212	0.00127764222217472	0	0.00902526713929176	0.0113288316892497
HMEC_STAT_4_1	0.029885777658983	0.0131627334424767	0.0115754240699269	0.00839887540553344	0.0200598427252818	0.0115299767705916	0.0139888062982033	0.00471299561097053	0.00773990498804162	0.0129609906598865	0.0238105478742397	0.00977006983654014	0.00850863845485891	0.00389089069769385	0.0105075608081909	0.000274668151064829	0.0179997821233341	0.0118187437798985	0.010375721167241	0.0188923331136659	0.0147253220277858	0.00316820070262769	0.0178989436981606	0.0340777009650045	0.0132851095576704	0.0211403094842787	0.00200098608911441	0.00193830327830591	0.0187467656518591	0.00869020884808981	0.0166967403905441	0.0173801961478184	0.0195608367754172	0.0136552178522192	0.00247034678725638	8.04788625401254e-05	0.0112120395845495	0.00774765587998311	0.00902526713929176	0	0.00230364618631958
HMEC_STAT_4_3	0.0321886556178633	0.0154662170935354	0.0138789419887681	0.0107024498210913	0.0223631307458965	0.0138334956113433	0.0162922705237751	0.00240935849535178	0.010043489106182	0.015264478889451	0.0261136975975948	0.0120736218407363	0.010812211186928	0.00619451763771485	0.0128110995171233	0.00257831377176346	0.0203031365354437	0.0141222567068933	0.0126792623166815	0.0211956595933369	0.0170287680148902	0.00547183304543885	0.0202023011859854	0.0363803569268863	0.0155885903997533	0.0234435599720388	0.000302660581164616	0.00424194289850509	0.0210500967739523	0.0109937787530981	0.0190001332958728	0.0196835692014148	0.021864141500409	0.0159586900534472	0.00477398355576605	0.00222316746586271	0.0135155647824447	0.0100512398880316	0.0113288316892497	0.00230364618631958	0
