	HMEC_4_1_1	HMEC_4_1_2	HMEC_4_1_3	HMEC_4_2_1	HMEC_4_2_2	HMEC_4_2_3	HMEC_4_G2_3F_1	HMEC_4_G2_3F_2	HMEC_4_G2_3F_3	HMEC_4_G2_4A_1	HMEC_4_G2_4A_2	HMEC_4_G2_4A_3	HMEC_4_G2_4B_1	HMEC_4_G2_4B_2	HMEC_4_G2_4B_3	HMEC_4_G2_4C_1	HMEC_4_G2_4C_3	HMEC_4_G2_4D_1	HMEC_4_G2_4D_2	HMEC_4_G2_4D_3	HMEC_5_1_1	HMEC_5_1_2	HMEC_5_1_3	HMEC_5_2_1	HMEC_5_2_2	HMEC_5_2_3	HMEC_5_3_1	HMEC_5_3_2	HMEC_5_3_3	HMEC_5_4_1	HMEC_5_4_2	HMEC_5_4_3	HMEC_5_5_1	HMEC_5_5_2	HMEC_5_5_3	HMEC_5_6_1	HMEC_5_6_2	HMEC_5_6_3	HMEC_5_7_2	HMEC_5_7_3	HMEC_5_8_1	HMEC_5_8_2	HMEC_5_8_3	HMEC_5_9_1	HMEC_5_9_2	HMEC_5_9_3	HMEC_Root1_1	HMEC_Root1_2	HMEC_Root1_3	HMEC_Root2_2	HMEC_Root2_3	HMEC_STAT_2_1	HMEC_STAT_2_2	HMEC_STAT_2_3	HMEC_STAT_3_1	HMEC_STAT_3_2	HMEC_STAT_3_3	HMEC_STAT_4_1	HMEC_STAT_4_2	HMEC_STAT_4_3	HMEC_STAT_G2_3C_2
HMEC_4_1_1	0	0.00653524454482045	0.00761723888724899	0.0106721319835754	0.011013211456733	0.0180759580310409	0.0105901085604146	0.00802050588489199	0.00552589505728507	0.00840172798932194	0.0237081226313688	0.00405123262426827	0.0106853918399518	0.0175118252253608	0.00273338854527219	0.0257879103725165	0.0191799147316416	0.0243990805153729	0.0334374653183243	0.0136766130629399	0.00202342779086711	0.00778978986439491	0.010885551817894	0.00957097554837621	0.0061366788302552	0.015342928678848	0.00958676573855132	0.0038365167267444	0.00618316667232812	0.00545580000896599	0.00850899423655396	0.012117146820849	0.00735233637846591	0.00450938772186938	0.00274999958445863	0.0130269524220521	0.0191186050357297	0.00728321880106081	0.00620623375451987	0.0080907840181001	0.00869232266322994	0.0102894810082842	0.003895243861248	0.0492098434186804	0.00294504440368218	0.0058843617585799	0.00432422689606664	0.0100509537310633	0.004221795328898	0.0186505968336231	0.0123700014130669	0.00904266083078115	0.0095655737689641	0.0145252676661468	0.00771283070408955	0.0236711096708324	0.020336046478918	0.015774222926477	0.00775944521523764	0.00550382118151083	0.00999913579074971
HMEC_4_1_2	0.00653524454482045	0	0.0136110062747726	0.00558776864808436	0.0138814830936191	0.0213455963990082	0.00672893362511357	0.00360830534465969	0.00640689459223044	0.0083252999748052	0.0180625241450706	0.00427480315482349	0.0171922358587737	0.0115130641212117	0.00658591441883164	0.0206800805593886	0.0145539222492513	0.0192838300397633	0.0272001178764114	0.0191539634347174	0.007350399235346	0.0135986692986848	0.0170092456187368	0.0159797744368381	0.011865040474884	0.0217014028119106	0.014975032719494	0.00542193467417279	0.00610082974643875	0.0043079356276483	0.00990584606255859	0.00643099692518773	0.00314443131284804	0.0081111182396684	0.00773010251850812	0.00741191743685933	0.013921278577143	0.00934608406892763	0.00472806305789383	0.0115352791672229	0.00808081259602872	0.00571973734319231	0.00441822119781027	0.0455768450660874	0.00783577732970661	0.0115358818936846	0.00777371466274207	0.00421015514057813	0.00371573046227161	0.0134133189620819	0.0166559466893499	0.0123386588479877	0.0145611300951224	0.0181857749884192	0.0115067950292454	0.0285482803955982	0.0249517105208389	0.0114433566299904	0.00312612242768194	0.0102247121775323	0.00565848068115077
HMEC_4_1_3	0.00761723888724899	0.0136110062747726	0	0.0180564028816937	0.00912986731317173	0.0130265265008727	0.0175706729628269	0.0150860596083736	0.00922362899386743	0.0152912525764963	0.0312699741434671	0.00974566865410714	0.00507275663141374	0.024829249370762	0.00713245781942151	0.0325521142388942	0.0263109380782883	0.0314045050482155	0.0407070632353644	0.0101155038641019	0.00687014762764864	0.000762672395158665	0.00403559992539413	0.00382863933269952	0.0038480882973803	0.00840600327343996	0.010325502358391	0.0104582082001276	0.0109266738540251	0.0107947937874304	0.00897386431439369	0.0196238322820475	0.0141427940691247	0.00781817811603569	0.00693421525072373	0.0185408348750622	0.0266113612796303	0.0133316169355581	0.0111519479840155	0.0120182466102208	0.0149060109187327	0.0179041515468411	0.00952933329370426	0.0559844134032045	0.00673653613154307	0.00831692682703724	0.0104471740348593	0.0173627446453076	0.0102626042497862	0.025067152318992	0.00698734202978883	0.00646326028740174	0.00369043045302871	0.00927815519875167	0.00713324076493633	0.0165726457776294	0.0148618585651489	0.0216318831894968	0.0148635148079805	0.00904118068133647	0.017176899674121
HMEC_4_2_1	0.0106721319835754	0.00558776864808436	0.0180564028816937	0	0.0173732967566855	0.0267325837647822	0.00274362311917545	0.00329251145380864	0.0119493438778544	0.00814870356422076	0.0134393185471511	0.00964097590645432	0.0209120325062178	0.00923843571145941	0.0115509478727471	0.0155995888999144	0.00900678853171206	0.0140003995855037	0.0230629069392051	0.0236179796290679	0.0112381284622264	0.0180801722314945	0.0215451646085726	0.0197163711706983	0.0166453264687523	0.0258788489903011	0.0177619786489225	0.00979747829100596	0.00899958057002962	0.00877622094532017	0.0146729868277937	0.00262643759838547	0.00749824430894569	0.0113363572418618	0.0113625971347935	0.00954268245861152	0.0086871105937648	0.010061085833822	0.010266591297705	0.0142900665031654	0.00655720978864942	0.00328707812380761	0.00969133771940151	0.0400340874703816	0.0115751630014691	0.013982380443109	0.0105984192549482	0.0018398580437726	0.00860178495536068	0.00935803403753797	0.0219450961093807	0.0174812968487103	0.0191134977128514	0.0230809375871097	0.0168608074417293	0.0336859158463709	0.0302862775997827	0.00832611397672202	0.00657494611405989	0.0120725379956773	0.00698182035512384
HMEC_4_2_2	0.011013211456733	0.0138814830936191	0.00912986731317173	0.0173732967566855	0	0.0146238183847779	0.0161715056959541	0.0141120274852203	0.0109440765579318	0.0185604213562809	0.0303970090913437	0.0109512813649588	0.0127604641438797	0.0249254498946594	0.00958360165688218	0.0289467267047848	0.0243944492029836	0.0284918170222297	0.0382402304433817	0.0191306640467314	0.00915553407460838	0.00845487306726036	0.0125603420288751	0.0109601654217585	0.0116758691657963	0.0156275034945413	0.0180753995885893	0.0142984293978139	0.00838886048211268	0.00963546745108374	0.00640329310357486	0.0193861215205563	0.0158473507174606	0.00737755036883953	0.00868637548983891	0.0162763867548803	0.0256397446215564	0.0173458265815196	0.0119571491314815	0.0186397125987763	0.0143372413103185	0.0188172562825736	0.0106000159906653	0.0545084257742701	0.00832872529080735	0.0137942307597847	0.0151979449251889	0.0166522454102139	0.010415248133254	0.0210750717807161	0.0111200561873498	0.00745325292759065	0.00650379226277144	0.00859232565652143	0.0131267663694276	0.0198058330681659	0.0214072847246741	0.0171602538274222	0.0165048822785089	0.0118201337288049	0.019263831628277
HMEC_4_2_3	0.0180759580310409	0.0213455963990082	0.0130265265008727	0.0267325837647822	0.0146238183847779	0	0.026851467197116	0.0237854841254988	0.0150408300329942	0.0261206769959763	0.0389353921270047	0.0172521965205845	0.0163983946701361	0.0311604763192903	0.0158655637125863	0.0403860730106362	0.035353463869119	0.0396006538284019	0.0465347242200473	0.0162160844373572	0.0175708036933705	0.0125995791181767	0.0126519001037058	0.015809142644	0.0137595279909134	0.0150409376515711	0.0218003399838139	0.0194059384428559	0.0192988576461064	0.0181676496962116	0.012757483197607	0.027684305151237	0.0211212164413857	0.0180548760801305	0.017773162564176	0.0222053398387141	0.0351590378019053	0.0249114078816319	0.0168415199226964	0.0222963006246127	0.0257079016511677	0.0267865498074637	0.0171819314188594	0.0664660318586271	0.0174188433193833	0.0210074377054242	0.0213218936315959	0.0253620281215904	0.0182382547887108	0.0321310011135075	0.00618475970179966	0.0095661862933375	0.0109120491291769	0.00630045606804075	0.0123653857440986	0.00965173504035249	0.0107007513445901	0.0290128291435584	0.0222771291186276	0.0214801324264461	0.0246852110030089
HMEC_4_G2_3F_1	0.0105901085604146	0.00672893362511357	0.0175706729628269	0.00274362311917545	0.0161715056959541	0.026851467197116	0	0.0032653650776844	0.0125809098696225	0.0087167785198619	0.0148794734016885	0.0101205081052595	0.0201855757539385	0.011796297067157	0.0116158623208705	0.0152573828901451	0.00879844824168378	0.0138836781371972	0.024261429978348	0.0239522800363724	0.0107194475142439	0.017559310535764	0.0212132880932918	0.0189000755670708	0.0167129302033998	0.0252829878956758	0.0177435101128062	0.0106819656755844	0.00805738924490527	0.00873127867650655	0.0144861588482259	0.00529670272168093	0.0092723445155218	0.0102937399026491	0.0106557087513936	0.0109541521409048	0.00970224113070545	0.0100813442761097	0.011152161809609	0.0149868631527216	0.00450049516570823	0.00552582904815091	0.010064793505253	0.039679367084912	0.0108751279324156	0.0133663162058402	0.010944710320137	0.00400906432748899	0.00876358307932991	0.00890732251547497	0.0219499548800593	0.0173817666891569	0.0184799730719317	0.0226567795726375	0.0174775790549067	0.0334108859710972	0.0307022048196265	0.00696910079530523	0.00850712812824938	0.0109080162007338	0.00935220879974261
HMEC_4_G2_3F_2	0.00802050588489199	0.00360830534465969	0.0150860596083736	0.00329251145380864	0.0141120274852203	0.0237854841254988	0.0032653650776844	0	0.00934568222049612	0.00821951290281432	0.0166529092526519	0.00692771210221929	0.0182038054019163	0.0117676683490998	0.00865385418156167	0.017883974029923	0.011699156920401	0.0165689675884772	0.0258760931865282	0.0214691178946001	0.00827411889407243	0.0150491657364744	0.0187341851396246	0.016887727742436	0.0140043483822806	0.0230847058011558	0.016152631941663	0.00799838432728303	0.00572560630655	0.00567641138106423	0.0115789000624806	0.00544016317522719	0.0064894576967103	0.00816584310491278	0.00834573895376139	0.00880940108544619	0.0118999654533933	0.00933052499547352	0.00788840420094268	0.0132270440524191	0.00528543014513753	0.00519550860718625	0.00689437985081414	0.0427796790667778	0.00851529034720257	0.0119248992513482	0.00905146364262093	0.00290866869097196	0.00562774950511272	0.0107640915103814	0.0189710921992097	0.0144039865705485	0.0159214355892031	0.0198879090606224	0.0144198252346419	0.0306143334798665	0.0277213003926861	0.00849367836901719	0.00598829849479649	0.00975372312669657	0.00763023747409884
HMEC_4_G2_3F_3	0.00552589505728507	0.00640689459223044	0.00922362899386743	0.0119493438778544	0.0109440765579318	0.0150408300329942	0.0125809098696225	0.00934568222049612	0	0.0121999431999514	0.0241979837080623	0.00254965095760853	0.0137567898470262	0.0167887898986344	0.00321418109566522	0.0266626788201814	0.0208633077514255	0.025461352841083	0.0328382142808307	0.0148959547854141	0.00604673777788151	0.00909880201313548	0.0122686439156843	0.012572800403542	0.00734720319531512	0.0172485250869051	0.0137619903661246	0.00555234075681619	0.00714525311186757	0.00463449841148132	0.00549390620068576	0.0127410329300324	0.00630407607496646	0.007405337614602	0.00663120744095768	0.00980271266025695	0.0202987161698491	0.0119774527522501	0.00215036268732862	0.0114177643913207	0.0124106092446269	0.0117683856039679	0.00268320897031363	0.0518990880543206	0.00646179398975343	0.0111864659763278	0.00864952644131637	0.0105637949254593	0.00403136641603377	0.0188764806549667	0.010486443107447	0.00654031215444126	0.00971188053880799	0.0125506651947346	0.00592109398294263	0.0224557526203826	0.0189632274646059	0.0163162241931585	0.00738169078643439	0.010830285501159	0.010017316840975
HMEC_4_G2_4A_1	0.00840172798932194	0.0083252999748052	0.0152912525764963	0.00814870356422076	0.0185604213562809	0.0261206769959763	0.0087167785198619	0.00821951290281432	0.0121999431999514	0	0.0182984802484527	0.0101424158820567	0.0165636396875233	0.0137917205218793	0.010711107419093	0.022233275868789	0.0146168878953814	0.0202457641571729	0.029219013870915	0.0181615204329802	0.00977166613934042	0.0156537500254546	0.0177666401211169	0.0159819087843952	0.0132431560635286	0.0215430595750085	0.01082751177021	0.00706384968271335	0.0114374617211572	0.0110450359085819	0.016225174310402	0.00884219315829371	0.00848103932200873	0.0112054477442994	0.0100900866985909	0.0153175616702312	0.0138797543775742	0.00280407337941782	0.0115812372393631	0.00738901358999259	0.00763316715644435	0.00605328809498836	0.0102104609846432	0.0424299098397051	0.0104628566901643	0.00864886270657858	0.00513144656153952	0.00867863696840413	0.00987103276974137	0.0171903252653962	0.0203961615939628	0.0173247828959619	0.0177891905549702	0.0229213377045207	0.0144162799464243	0.0314439220743934	0.0267926316954852	0.0156796137553666	0.00768282313276274	0.00868204360862102	0.00745608569590131
HMEC_4_G2_4A_2	0.0237081226313688	0.0180625241450706	0.0312699741434671	0.0134393185471511	0.0303970090913437	0.0389353921270047	0.0148794734016885	0.0166529092526519	0.0241979837080623	0.0182984802484527	0	0.0223256483196732	0.0339089278900747	0.00883155718174581	0.02455614508319	0.0108631651003652	0.00873005749964164	0.00867646204845778	0.011321915385759	0.0352867842335615	0.0245639776781137	0.0313395843562839	0.0345120475913598	0.0328828658271156	0.0293460508914795	0.0388818703016712	0.02904778412358	0.0217598945842962	0.0221929719504078	0.0217248166535141	0.0272637538902262	0.0117017442614553	0.018413631799539	0.0247672551668854	0.0247460646225353	0.0178993204030099	0.00546882134938868	0.0209747066728615	0.0222043284989918	0.0247459597369826	0.0187235667157636	0.013541758915446	0.0224789182230415	0.0309204249663287	0.0249702988607251	0.0263530216886622	0.0224560966728687	0.0141659563426851	0.0216132245170591	0.0124117381487974	0.0346413795464979	0.0302606663232846	0.0324180455698448	0.0359440328579064	0.0288783581722605	0.0465655305887957	0.0421644268657785	0.0156895053473242	0.0173712956639831	0.0248730728902983	0.0156763991618704
HMEC_4_G2_4A_3	0.00405123262426827	0.00427480315482349	0.00974566865410714	0.00964097590645432	0.0109512813649588	0.0172521965205845	0.0101205081052595	0.00692771210221929	0.00254965095760853	0.0101424158820567	0.0223256483196732	0	0.0138568787824265	0.0154165509751599	0.00263310681570951	0.0245389194789176	0.0185363876962008	0.0232879513889572	0.0312838492447388	0.0158709198924249	0.0046559194529601	0.00967754078784087	0.0131270264676838	0.0126020457083971	0.00809324805977931	0.0179562661613227	0.0131820829232715	0.00433615249680366	0.00529907973694428	0.00282559919714503	0.00646716337117083	0.0106941621857022	0.00505222062396108	0.00593447680629808	0.00520898598352194	0.00927031803278089	0.0181558116908305	0.0100530828610424	0.00227444328840775	0.0106661531002413	0.00990180392034875	0.00962541804629929	0.000387774600324985	0.0494900542072639	0.00514788534275156	0.00992822726821499	0.00715890431322754	0.00840905801745326	0.00168099979974014	0.0169041056616816	0.0123902336368932	0.00819648467496968	0.0105505110598431	0.0141368190200746	0.00770114070341977	0.0242768952334673	0.0209636102619194	0.0142947468650657	0.0058700256211421	0.00909055581020718	0.00862532814683027
HMEC_4_G2_4B_1	0.0106853918399518	0.0171922358587737	0.00507275663141374	0.0209120325062178	0.0127604641438797	0.0163983946701361	0.0201855757539385	0.0182038054019163	0.0137567898470262	0.0165636396875233	0.0339089278900747	0.0138568787824265	0	0.0280455607431567	0.0112710129417707	0.0351887659980123	0.0285754374473688	0.0339244358786435	0.043928384099644	0.00923795751660184	0.010130694086647	0.00560790601307886	0.00417218146132339	0.00183871324038577	0.00713048768080821	0.00535953601433451	0.0087769127097997	0.0134141824429643	0.0145974369416142	0.0149211937825819	0.0139205433119251	0.0225873490814893	0.0176919740745151	0.0110348636046701	0.0100778873676892	0.0229899880389162	0.0290585963247716	0.0140556954979667	0.0155448006858041	0.0125554598270089	0.0167244364026205	0.0204963886671497	0.0136479930388182	0.0567511089494108	0.0100430317285775	0.00814304197304485	0.0120518482139158	0.020566762142684	0.014222052997677	0.0282603049161586	0.0107171854004198	0.011466779890181	0.00780874701433214	0.0129995204818813	0.0109542926783577	0.0172235366485296	0.0156500670179211	0.0247859882670313	0.0182043723703516	0.00981445901484517	0.0201432490239322
HMEC_4_G2_4B_2	0.0175118252253608	0.0115130641212117	0.024829249370762	0.00923843571145941	0.0249254498946594	0.0311604763192903	0.011796297067157	0.0117676683490998	0.0167887898986344	0.0137917205218793	0.00883155718174581	0.0154165509751599	0.0280455607431567	0	0.0178600203594939	0.0164099651742859	0.0117825077846479	0.0145128759919215	0.0174902773158588	0.0281916552761964	0.0186733411228315	0.0248934704725426	0.0278291342850074	0.0270628579605326	0.0224181665998962	0.0325474704012821	0.0234735210127378	0.0148723759560258	0.01690670356335	0.015477087104237	0.020535506650946	0.00664994287528865	0.0108710618787756	0.0194085982521183	0.019055230133057	0.0109818057641212	0.00828223721383363	0.0164368723979234	0.0147761135342838	0.0186653833273439	0.0156629956684013	0.00835391289503386	0.0156646014572147	0.0394415054481441	0.0192205211125363	0.0212670139169791	0.0165828814646271	0.00887000685505698	0.0151816207278837	0.0127126349549463	0.0271851904115897	0.0231504393826349	0.0259503661626475	0.0289918866849516	0.0211837230509878	0.0391193732436055	0.0341685093781108	0.0144083450170306	0.0100400789554367	0.0203243200900225	0.00826490922198349
HMEC_4_G2_4B_3	0.00273338854527219	0.00658591441883164	0.00713245781942151	0.0115509478727471	0.00958360165688218	0.0158655637125863	0.0116158623208705	0.00865385418156167	0.00321418109566522	0.010711107419093	0.02455614508319	0.00263310681570951	0.0112710129417707	0.0178600203594939	0	0.0264415614027843	0.0202903258316619	0.0252113954578928	0.0337304231418448	0.0139258763322911	0.00288969847247472	0.007089402932047	0.0105991368982838	0.00999551816592881	0.005797953197388	0.0153663270059021	0.0115599534024694	0.00484477583955523	0.0057040645499729	0.00426058289822656	0.00597015526156708	0.0128604929659	0.00730980592587712	0.00465893451025722	0.00351711952721588	0.0117534513293695	0.0201692368480554	0.00991121250539727	0.00443371543462905	0.0100349549787016	0.01037351240564	0.011481058700836	0.00241750886532094	0.050925495581197	0.00337140680059782	0.00825857683623125	0.00673727494465331	0.0105627259795025	0.00334231444937259	0.0188441470564003	0.010518741867287	0.00666403555673743	0.00822136774774361	0.0124432821212268	0.00637091533681609	0.0222013742856452	0.019191180656731	0.015898132575453	0.00806287859172931	0.0077201759442845	0.0106578934727258
HMEC_4_G2_4C_1	0.0257879103725165	0.0206800805593886	0.0325521142388942	0.0155995888999144	0.0289467267047848	0.0403860730106362	0.0152573828901451	0.017883974029923	0.0266626788201814	0.022233275868789	0.0108631651003652	0.0245389194789176	0.0351887659980123	0.0164099651742859	0.0264415614027843	0	0.00775413262567142	0.00259548255913875	0.0136700716436948	0.0390987029322367	0.025798626944871	0.0324447036565724	0.036339324653925	0.0338256824765965	0.0318573578203661	0.0403126924739941	0.0324919918092978	0.0253914592628968	0.0220217309923536	0.0227616844708647	0.0277403418379903	0.0155526636950685	0.0225287416011471	0.0248930615591129	0.0256580699164937	0.0199718504439927	0.00992307806362406	0.0242208231372886	0.0248027366367076	0.0293594537673471	0.0186300169209891	0.017726605525844	0.0245307961671304	0.0287651746458559	0.0258252193346468	0.0282924479024071	0.0258443087776609	0.0166174953094548	0.0232365012652822	0.00834417455856342	0.0363249691891123	0.031363922273148	0.0328764068064921	0.0361420768264966	0.0321377053442788	0.0477096894563987	0.0454894090280614	0.0118442853476455	0.0216485105912843	0.0256505090714326	0.0212455990300126
HMEC_4_G2_4C_3	0.0191799147316416	0.0145539222492513	0.0263109380782883	0.00900678853171206	0.0243944492029836	0.035353463869119	0.00879844824168378	0.011699156920401	0.0208633077514255	0.0146168878953814	0.00873005749964164	0.0185363876962008	0.0285754374473688	0.0117825077846479	0.0202903258316619	0.00775413262567142	0	0.00570710265842144	0.0174699254503957	0.0320270736445389	0.019468620456715	0.0263251087413743	0.0298643284114963	0.0273873829975379	0.0252900635040199	0.0337967801469844	0.0250391664709448	0.0185721876342629	0.0166226830662081	0.0172157898544016	0.0228510797655175	0.00912302313917333	0.0162665141965658	0.0190050887081084	0.01940476382399	0.0161712860777688	0.00414754605869469	0.0166690695864695	0.0191314386172168	0.0218710920205432	0.012018376858649	0.0106737772761858	0.0185456554622697	0.0314662564391195	0.0196413765345665	0.0211861392887283	0.0185851080994269	0.0104555293925548	0.0173199394187217	0.00711657197103004	0.0306554876701771	0.0260089161955034	0.0272455634146729	0.0312411597905908	0.0258295065878913	0.0421850889152223	0.039203441244215	0.00912792693357849	0.0152366131020161	0.0189099963617817	0.0146530423061905
HMEC_4_G2_4D_1	0.0243990805153729	0.0192838300397633	0.0314045050482155	0.0140003995855037	0.0284918170222297	0.0396006538284019	0.0138836781371972	0.0165689675884772	0.025461352841083	0.0202457641571729	0.00867646204845778	0.0232879513889572	0.0339244358786435	0.0145128759919215	0.0252113954578928	0.00259548255913875	0.00570710265842144	0	0.0134657948758504	0.0374677281711827	0.024574318690175	0.0313496540422378	0.0350894786149258	0.0326427627381024	0.0304889036449009	0.0390941825701523	0.0307059180917171	0.0237663354658674	0.0211411076384257	0.0217305336724268	0.0270003161125462	0.0137645284646822	0.0209471532442759	0.0238874858255115	0.024484111467267	0.0191307071703959	0.00753041602779163	0.0223515035590159	0.0235914220027892	0.0274256161884274	0.0173148141158998	0.0158182746913562	0.0233025460063146	0.0285607647444285	0.0246791323471102	0.026752591737864	0.0241080002444038	0.0151209438380496	0.0220547835782027	0.00817892007464936	0.0353270381352613	0.0304751172329452	0.0319867524828039	0.035498046802725	0.0307642344110734	0.0468557430558787	0.044183799527022	0.0116528384642908	0.0199921816625053	0.0243117468149493	0.0193590637055601
HMEC_4_G2_4D_2	0.0334374653183243	0.0272001178764114	0.0407070632353644	0.0230629069392051	0.0382402304433817	0.0465347242200473	0.024261429978348	0.0258760931865282	0.0328382142808307	0.029219013870915	0.011321915385759	0.0312838492447388	0.043928384099644	0.0174902773158588	0.0337304231418448	0.0136700716436948	0.0174699254503957	0.0134657948758504	0	0.0454174096881531	0.0340592925086698	0.040646393442656	0.0441810797729891	0.042711729675025	0.038979862408362	0.0487601773987572	0.0398621663068738	0.0316264377898383	0.0307470127060173	0.0302807599799177	0.0350537469004735	0.0214531042328539	0.027650896864687	0.0338909266545288	0.0341957452014026	0.0243615188624344	0.0158437198717295	0.0318454004474202	0.0307048486060189	0.0354631057028856	0.0284852383057931	0.0238547340089602	0.0314328522593496	0.0304696644163283	0.0343446418024872	0.0368300202417818	0.0329165965812196	0.0234215912766088	0.0305383872414641	0.0180894577645428	0.0431565887602298	0.0385029198511572	0.0412053699521617	0.0437630510460685	0.0380110906996124	0.0549879804491203	0.0511249170783342	0.0222166340998362	0.0268318068461154	0.0349870984192861	0.0254831590747927
HMEC_4_G2_4D_3	0.0136766130629399	0.0191539634347174	0.0101155038641019	0.0236179796290679	0.0191306640467314	0.0162160844373572	0.0239522800363724	0.0214691178946001	0.0148959547854141	0.0181615204329802	0.0352867842335615	0.0158709198924249	0.00923795751660184	0.0281916552761964	0.0139258763322911	0.0390987029322367	0.0320270736445389	0.0374677281711827	0.0454174096881531	0	0.0144001972936388	0.0107310760062594	0.00727895726432439	0.0103599920379615	0.00833841035982071	0.00903260085148824	0.00904963727695941	0.0140221675262073	0.0192529520658283	0.0181703601291825	0.017233951023329	0.0243868147738807	0.0180637537679113	0.0164886171069562	0.0148476527710075	0.024406717664193	0.0313063155133302	0.0162377080444405	0.0166999669729257	0.0112808342528127	0.0215481849632934	0.0220803658403286	0.0158859535681762	0.0602828469592804	0.0148393222383547	0.0124818977447575	0.0134874745988768	0.0229235330728205	0.0170547440208743	0.0322013282601323	0.0114618586020578	0.0140496387075713	0.0129807783766695	0.016250804921655	0.00944959537722206	0.0172975766583797	0.0105045084452801	0.0294392885143055	0.0187236441522675	0.0154865903050609	0.0199895808387617
HMEC_5_1_1	0.00202342779086711	0.007350399235346	0.00687014762764864	0.0112381284622264	0.00915553407460838	0.0175708036933705	0.0107194475142439	0.00827411889407243	0.00604673777788151	0.00977166613934042	0.0245639776781137	0.0046559194529601	0.010130694086647	0.0186733411228315	0.00288969847247472	0.025798626944871	0.019468620456715	0.024574318690175	0.0340592925086698	0.0144001972936388	0	0.00690293634959624	0.0105547245558212	0.00875930108857178	0.00647816283002379	0.0148405270496202	0.0105596377989584	0.00577940813928416	0.005077679240197	0.00512742223582436	0.00755870296233099	0.0129798897630318	0.00874998386365038	0.00260020802907731	0.000783579074486755	0.0133630908092271	0.0197998748614301	0.00850577733694293	0.00685459727754345	0.00983948922918438	0.00846971169489695	0.0113991006997955	0.00435773873811751	0.0495654994007777	0.000922224862216051	0.00619399596634041	0.00605500780653075	0.0106753986168414	0.00436077295273976	0.0184922675681103	0.0119279461479368	0.0082962476388198	0.00833831706282426	0.0134340324631843	0.00846923502404238	0.0230133826525773	0.0205554599569291	0.0152840334854191	0.00917027905050658	0.00495011058633771	0.0115673567525155
HMEC_5_1_2	0.00778978986439491	0.0135986692986848	0.000762672395158665	0.0180801722314945	0.00845487306726036	0.0125995791181767	0.017559310535764	0.0150491657364744	0.00909880201313548	0.0156537500254546	0.0313395843562839	0.00967754078784087	0.00560790601307886	0.0248934704725426	0.007089402932047	0.0324447036565724	0.0263251087413743	0.0313496540422378	0.040646393442656	0.0107310760062594	0.00690293634959624	0	0.00446226550233788	0.00425251620494896	0.00430997339224635	0.00872618082000517	0.0110523565943102	0.0107071192846303	0.0106775838387635	0.0105878225718008	0.00843573737188513	0.0196755428720463	0.01422171531101	0.00765273154970842	0.00692783645515423	0.0183010772663505	0.0266780222586881	0.0137581671713517	0.0110313428578253	0.0126135389235981	0.0149669436242295	0.0180475660700006	0.00944735793301782	0.0561338125270917	0.00669260860189324	0.00883212699476264	0.0108641711975465	0.0173533590530623	0.0101544214467092	0.0248798110359611	0.00664996577629318	0.00590903457325205	0.00294413787768467	0.00861941344604291	0.00729090450137319	0.0163477303112063	0.0149880080395509	0.0214007159458813	0.0149669907252518	0.00929886274237481	0.017352892809308
HMEC_5_1_3	0.010885551817894	0.0170092456187368	0.00403559992539413	0.0215451646085726	0.0125603420288751	0.0126519001037058	0.0212132880932918	0.0187341851396246	0.0122686439156843	0.0177666401211169	0.0345120475913598	0.0131270264676838	0.00417218146132339	0.0278291342850074	0.0105991368982838	0.036339324653925	0.0298643284114963	0.0350894786149258	0.0441810797729891	0.00727895726432439	0.0105547245558212	0.00446226550233788	0	0.00443859395659659	0.00546253659532432	0.00503541912853189	0.0103167262978782	0.0130730258020327	0.0149065511866629	0.0145626354785226	0.0124078448005962	0.0229416965077964	0.0170490222198575	0.0117664908637693	0.0107044051278947	0.0219532788394064	0.0299651908871851	0.0156107423751061	0.0143147773488302	0.0129977295985516	0.018415550314813	0.0210087441304365	0.0129759392962989	0.0590800644685586	0.0105621317662554	0.0103231170293493	0.0127573839662998	0.020854964695228	0.0138886937933563	0.0289577529685129	0.00702951237766479	0.00909949645161897	0.00629799914671808	0.0103507931240448	0.00828069912374297	0.0142166661547683	0.0118542598680786	0.0255978782899425	0.017794930638366	0.012021900354142	0.0198594592216087
HMEC_5_2_1	0.00957097554837621	0.0159797744368381	0.00382863933269952	0.0197163711706983	0.0109601654217585	0.015809142644	0.0189000755670708	0.016887727742436	0.012572800403542	0.0159819087843952	0.0328828658271156	0.0126020457083971	0.00183871324038577	0.0270628579605326	0.00999551816592881	0.0338256824765965	0.0273873829975379	0.0326427627381024	0.042711729675025	0.0103599920379615	0.00875930108857178	0.00425251620494896	0.00443859395659659	0	0.00655982975638417	0.00655155544379781	0.00941251906302744	0.0126175350863606	0.0129853260507751	0.0134423507419014	0.012351447257525	0.0214802444028544	0.0167073654996504	0.00942348834412425	0.0086330116910215	0.0216032900174536	0.0279843834505628	0.013575956242253	0.0143272888839504	0.0126316175191041	0.0155031978755662	0.0195293119098623	0.0123622470562402	0.0559342862700946	0.0085620176879891	0.0076922182696979	0.0114880665792699	0.0193405909204674	0.0128556653543908	0.0267705190419243	0.0100527942686039	0.0101478359944076	0.00636008212922384	0.01188256601823	0.0104154863315747	0.0173863039630428	0.0162598252406501	0.0232198861887826	0.0172365191094188	0.00877590494260561	0.0193277347849545
HMEC_5_2_2	0.0061366788302552	0.011865040474884	0.0038480882973803	0.0166453264687523	0.0116758691657963	0.0137595279909134	0.0167129302033998	0.0140043483822806	0.00734720319531512	0.0132431560635286	0.0293460508914795	0.00809324805977931	0.00713048768080821	0.0224181665998962	0.005797953197388	0.0318573578203661	0.0252900635040199	0.0304889036449009	0.038979862408362	0.00833841035982071	0.00647816283002379	0.00430997339224635	0.00546253659532432	0.00655982975638417	0	0.0103611054117631	0.00857731249219199	0.00772484130531151	0.0110320412436439	0.0100417040694893	0.00934677278911055	0.0177961262565637	0.0116274965989127	0.00848235264154931	0.00694959687957399	0.0170586382952282	0.0250163352126331	0.01156453642153	0.0092645399853454	0.00903994936128126	0.0145788250833105	0.0158954809346157	0.00801504072729552	0.0550599218078396	0.00685317450741553	0.007706106498996	0.00813595720906112	0.0158227778189743	0.00909707197241192	0.0245000745477574	0.00767254050830215	0.00705748276986646	0.00674683505078701	0.0113689559622297	0.00405157643038981	0.0182544930836102	0.0143387846141174	0.0214989156487267	0.0123909912517538	0.00924874328200055	0.0144511431595103
HMEC_5_2_3	0.015342928678848	0.0217014028119106	0.00840600327343996	0.0258788489903011	0.0156275034945413	0.0150409376515711	0.0252829878956758	0.0230847058011558	0.0172485250869051	0.0215430595750085	0.0388818703016712	0.0179562661613227	0.00535953601433451	0.0325474704012821	0.0153663270059021	0.0403126924739941	0.0337967801469844	0.0390941825701523	0.0487601773987572	0.00903260085148824	0.0148405270496202	0.00872618082000517	0.00503541912853189	0.00655155544379781	0.0103611054117631	0	0.0126311381106248	0.0177162358526962	0.0191103972061414	0.0191777450100767	0.0168648175389574	0.0274279147491396	0.0218818287506011	0.0157075187169026	0.0148455003774931	0.0268438506131452	0.0341603227457397	0.0190898034254056	0.0192709491637097	0.0165636303628387	0.021988385824024	0.0253788700823492	0.0177774535777898	0.0620655911514745	0.0147341085724776	0.0133424304139686	0.01679670073175	0.0253635053722684	0.0185620417572534	0.0331383957257199	0.0106895552438918	0.0135343473229702	0.00987914033845789	0.0130152232867228	0.0132084303370501	0.0131326654042855	0.0124873752069902	0.0296032501207344	0.0225503117011032	0.0151501583911449	0.0245148943369606
HMEC_5_3_1	0.00958676573855132	0.014975032719494	0.010325502358391	0.0177619786489225	0.0180753995885893	0.0218003399838139	0.0177435101128062	0.016152631941663	0.0137619903661246	0.01082751177021	0.02904778412358	0.0131820829232715	0.0087769127097997	0.0234735210127378	0.0115599534024694	0.0324919918092978	0.0250391664709448	0.0307059180917171	0.0398621663068738	0.00904963727695941	0.0105596377989584	0.0110523565943102	0.0103167262978782	0.00941251906302744	0.00857731249219199	0.0126311381106248	0	0.010101734201007	0.0153992057088117	0.0150353642491409	0.0169089224302305	0.0188020889064773	0.0145522286392204	0.0126288896278146	0.0108902760995266	0.0219203517112394	0.024670975762038	0.00841668466027687	0.0148526483618299	0.00528593709117427	0.0147390075741926	0.0161312875128749	0.0131521368766689	0.0517730339203987	0.0111284656397189	0.00552165368193211	0.00736091647570752	0.0176975738295773	0.0137231250073769	0.0265984560037089	0.015763969672083	0.0154492499830673	0.0139902822878283	0.0194143410799637	0.0113820002434728	0.0241818857235965	0.0191570952972563	0.0240303293324678	0.0146650038434568	0.00908456609012635	0.0154928562839787
HMEC_5_3_2	0.0038365167267444	0.00542193467417279	0.0104582082001276	0.00979747829100596	0.0142984293978139	0.0194059384428559	0.0106819656755844	0.00799838432728303	0.00555234075681619	0.00706384968271335	0.0217598945842962	0.00433615249680366	0.0134141824429643	0.0148723759560258	0.00484477583955523	0.0253914592628968	0.0185721876342629	0.0237663354658674	0.0316264377898383	0.0140221675262073	0.00577940813928416	0.0107071192846303	0.0130730258020327	0.0126175350863606	0.00772484130531151	0.0177162358526962	0.010101734201007	0	0.00844575076105256	0.00667367927621567	0.0104085724153282	0.0104426458792958	0.00458635399995889	0.00803529761410602	0.00650067686848972	0.01191237557534	0.0176942178191386	0.00693505073715728	0.00551916074298517	0.00658037156058783	0.0100073975387742	0.00841806885817056	0.00452694211710468	0.0485046936065535	0.00667231288517387	0.00804068734557364	0.00366631606324479	0.0089565589636379	0.00517796819244412	0.0185627340887063	0.0140155745101759	0.0110015444424681	0.0125454402660696	0.0168728371501153	0.00773139589578122	0.025582694763782	0.0208954757870303	0.01640831467927	0.0049902243649864	0.00847101900989889	0.00682156272704378
HMEC_5_3_3	0.00618316667232812	0.00610082974643875	0.0109266738540251	0.00899958057002962	0.00838886048211268	0.0192988576461064	0.00805738924490527	0.00572560630655	0.00714525311186757	0.0114374617211572	0.0221929719504078	0.00529907973694428	0.0145974369416142	0.01690670356335	0.0057040645499729	0.0220217309923536	0.0166226830662081	0.0211411076384257	0.0307470127060173	0.0192529520658283	0.005077679240197	0.0106775838387635	0.0149065511866629	0.0129853260507751	0.0110320412436439	0.0191103972061414	0.0153992057088117	0.00844575076105256	0	0.00288230071925934	0.00689442044051794	0.0110416625129034	0.00880965564862233	0.00364860024369534	0.00481996794128562	0.010261581863849	0.0174277170439076	0.0111623758325697	0.00676425967842961	0.0139456652706037	0.00723375955872836	0.0105438045493998	0.00497859697860434	0.0474375105723649	0.00473955935386067	0.0105992858768135	0.00963425809594356	0.00833242941917112	0.00375208175959	0.0142459807256837	0.0146205503474739	0.00981785063264482	0.0108860831016674	0.0146833069825883	0.0119573647939786	0.0257871246962036	0.0242943623260251	0.0107732411299404	0.00909006941500809	0.00803637800394062	0.0116534224872425
HMEC_5_4_1	0.00545580000896599	0.0043079356276483	0.0107947937874304	0.00877622094532017	0.00963546745108374	0.0181676496962116	0.00873127867650655	0.00567641138106423	0.00463449841148132	0.0110450359085819	0.0217248166535141	0.00282559919714503	0.0149211937825819	0.015477087104237	0.00426058289822656	0.0227616844708647	0.0172157898544016	0.0217305336724268	0.0302807599799177	0.0181703601291825	0.00512742223582436	0.0105878225718008	0.0145626354785226	0.0134423507419014	0.0100417040694893	0.0191777450100767	0.0150353642491409	0.00667367927621567	0.00288230071925934	0	0.0059588198409634	0.0102629611092031	0.00648204465412137	0.00505960355630524	0.00530178529856701	0.00842061176872081	0.0173437560474041	0.0110646510868564	0.00390812185783617	0.0128718482070145	0.00874413573129047	0.00972420795220184	0.00259442936183281	0.0483852853812303	0.0051975641061301	0.0109610277086463	0.00886378258970076	0.00762478443932672	0.00150394277483227	0.0148802875665821	0.0136064863386148	0.008824377233573	0.0109448292742405	0.0143378067711647	0.0100822309680173	0.0252743755541919	0.0229353097860027	0.0119369657810747	0.00702913080188696	0.00918763712407675	0.00978873005371336
HMEC_5_4_2	0.00850899423655396	0.00990584606255859	0.00897386431439369	0.0146729868277937	0.00640329310357486	0.012757483197607	0.0144861588482259	0.0115789000624806	0.00549390620068576	0.016225174310402	0.0272637538902262	0.00646716337117083	0.0139205433119251	0.020535506650946	0.00597015526156708	0.0277403418379903	0.0228510797655175	0.0270003161125462	0.0350537469004735	0.017233951023329	0.00755870296233099	0.00843573737188513	0.0124078448005962	0.012351447257525	0.00934677278911055	0.0168648175389574	0.0169089224302305	0.0104085724153282	0.00689442044051794	0.0059588198409634	0	0.0160154338575628	0.0110512999182849	0.007187917714959	0.0076266545115239	0.0113871537864067	0.0230999102692062	0.0156337402294843	0.00649160385891957	0.0158814895607225	0.0139392420409623	0.0155522777931951	0.00625829633200037	0.0540477946947068	0.00725135901285721	0.0134416105200153	0.0126867594746384	0.0134095291338418	0.00663459621344477	0.0195243236346887	0.00915622812501422	0.00403455817930984	0.0073209467094393	0.00876972873125401	0.00886722673321408	0.0202990188183489	0.0193657570036688	0.016301585623449	0.0119853465479647	0.0121950475811011	0.0147868587013315
HMEC_5_4_3	0.012117146820849	0.00643099692518773	0.0196238322820475	0.00262643759838547	0.0193861215205563	0.027684305151237	0.00529670272168093	0.00544016317522719	0.0127410329300324	0.00884219315829371	0.0117017442614553	0.0106941621857022	0.0225873490814893	0.00664994287528865	0.0128604929659	0.0155526636950685	0.00912302313917333	0.0137645284646822	0.0214531042328539	0.0243868147738807	0.0129798897630318	0.0196755428720463	0.0229416965077964	0.0214802444028544	0.0177961262565637	0.0274279147491396	0.0188020889064773	0.0104426458792958	0.0110416625129034	0.0102629611092031	0.0160154338575628	0	0.00733269804277402	0.0134002787720757	0.013223086371565	0.00923207630318426	0.00761291037000023	0.011175543355962	0.0108817655688794	0.0147610137531652	0.00903525673650464	0.0028384343933243	0.0108317626439385	0.039722005697264	0.0134267622172264	0.0156036988924198	0.0115955423559407	0.0027539494329201	0.0099754439788187	0.00989875531692248	0.0230691580608774	0.0187403434411442	0.0207746632790734	0.0245115849452877	0.01752890233003	0.0349534328927861	0.030972085053927	0.00984735166817328	0.00628616244621495	0.0141145489223463	0.00578986092745849
HMEC_5_5_1	0.00735233637846591	0.00314443131284804	0.0141427940691247	0.00749824430894569	0.0158473507174606	0.0211212164413857	0.0092723445155218	0.0064894576967103	0.00630407607496646	0.00848103932200873	0.018413631799539	0.00505222062396108	0.0176919740745151	0.0108710618787756	0.00730980592587712	0.0225287416011471	0.0162665141965658	0.0209471532442759	0.027650896864687	0.0180637537679113	0.00874998386365038	0.01422171531101	0.0170490222198575	0.0167073654996504	0.0116274965989127	0.0218818287506011	0.0145522286392204	0.00458635399995889	0.00880965564862233	0.00648204465412137	0.0110512999182849	0.00733269804277402	0	0.010194575384104	0.00933430360860856	0.00800945120773595	0.0148784200105079	0.00969961867515936	0.00470477276558686	0.0103879087463841	0.0106118489658991	0.00627362925852845	0.00537849060834742	0.0467922160786624	0.00943711758182129	0.01222537433155	0.00763430686640862	0.00608945337791402	0.00553376202301017	0.0156389815104637	0.0165416685117693	0.0128145559099165	0.0154343079055162	0.0188283507048215	0.0105041054441719	0.0284582927615729	0.02384586157548	0.0141906588809907	0.00121939585351975	0.011801053293449	0.00378073737853099
