	HMEC_4_1_1	HMEC_4_1_2	HMEC_4_1_3	HMEC_4_2_1	HMEC_4_2_2	HMEC_4_2_3	HMEC_4_G2_3E_1	HMEC_4_G2_3F_1	HMEC_4_G2_3F_2	HMEC_4_G2_3F_3	HMEC_4_G2_4A_1	HMEC_4_G2_4A_2	HMEC_4_G2_4A_3	HMEC_4_G2_4B_1	HMEC_4_G2_4B_2	HMEC_4_G2_4B_3	HMEC_4_G2_4C_1	HMEC_4_G2_4C_3	HMEC_4_G2_4D_1	HMEC_4_G2_4D_2	HMEC_4_G2_4D_3	HMEC_5_1_1	HMEC_5_1_2	HMEC_5_1_3	HMEC_5_2_1	HMEC_5_2_3	HMEC_5_3_1	HMEC_5_3_3	HMEC_5_4_1	HMEC_5_4_2	HMEC_5_4_3	HMEC_5_5_1	HMEC_5_5_2	HMEC_5_5_3	HMEC_5_6_1	HMEC_5_6_2	HMEC_5_6_3	HMEC_5_7_2	HMEC_5_7_3	HMEC_5_8_1	HMEC_5_8_2	HMEC_5_8_3	HMEC_5_9_1	HMEC_5_9_2	HMEC_5_9_3	HMEC_Root1_1	HMEC_Root1_2	HMEC_Root1_3	HMEC_Root2_1	HMEC_Root2_2	HMEC_Root2_3	HMEC_STAT_2_1	HMEC_STAT_2_2	HMEC_STAT_2_3	HMEC_STAT_3_1	HMEC_STAT_3_2	HMEC_STAT_3_3	HMEC_STAT_4_1	HMEC_STAT_4_2	HMEC_STAT_4_3
HMEC_4_1_1	0	0.0344970371791076	0.0149181891554412	0.0264703037407838	0.0516936737489159	0.0477979920498176	0.0636257837355437	0.0121064382082468	0.0338586866533578	0.0263717263341258	0.0202178512534162	0.0271584048615437	0.0367920856638491	0.0255066283125888	0.0213554890648145	0.0459255942076554	0.0871473491613324	0.0425124990810488	0.0634866983273855	0.0234113823454969	0.0285818729191362	0.014272249449127	0.0176918774573686	0.0183424003722166	0.0148948789243847	0.0397937745018656	0.00840690980878084	0.00881051923766502	0.0180826229884042	0.023600443829571	0.0136129660368381	0.00853092502116929	0.0101993849709323	0.0136083438623048	0.0249719909370552	0.0131295778828265	0.0175200198479549	0.00754153464271106	0.0141598459098638	0.0137462046526065	0.0171971448523159	0.0320916817158772	0.0281555848402065	0.0409902439190198	0.051764768595915	0.00988938054333212	0.0327115037165798	0.0172689700682452	0.0118173714145264	0.013859321482775	0.0170434121839997	0.0143503329604218	0.0303594226693145	0.0137055260063989	0.0363848591211702	0.0367365950549624	0.0243791516353383	0.0334852311388175	0.010040697583569	0.0227858909060383
HMEC_4_1_2	0.0344970371791076	0	0.0272364631341498	0.0110363067021287	0.0176741072458244	0.0150224202574836	0.05807678737226	0.0329209222780873	0.0102224954009383	0.0153814509242348	0.0211739259814174	0.0197173002927525	0.010146065545545	0.0255371716703991	0.0495112961967722	0.0224135047500363	0.060434948474526	0.0762611936285087	0.0942306353707568	0.0486412939301728	0.00959965141095327	0.0250064826743975	0.0199067669214504	0.020433099268627	0.022741393109929	0.0115930040196979	0.0286542982972556	0.0326070792938091	0.017815960612078	0.0228030313785236	0.0219277555352752	0.0338159304465196	0.0252969653099609	0.0266383902065982	0.0108387077101608	0.0233834554442858	0.0194964615191519	0.0378271131582017	0.0259259049229131	0.0369722218539538	0.0464496443209155	0.00447379784191799	0.0108723902191722	0.0123157800906909	0.0214229536447224	0.0258197827656052	0.010552049090466	0.0281885457971873	0.024053907467828	0.0248568544536163	0.0218839719939215	0.0339302584248017	0.0119348369569876	0.0215361529674696	0.00504719216466751	0.0197663196231032	0.0195200738894139	0.00709696190144243	0.0276546563490432	0.0130541587156853
HMEC_4_1_3	0.0149181891554412	0.0272364631341498	0	0.019416736149038	0.044529829304914	0.0390636658015341	0.0651769245649175	0.0106109250714349	0.0235329964027028	0.0177558729350468	0.0112958178811379	0.0135486862265064	0.0329429362853634	0.0126785934426723	0.0240325967900686	0.0442379892899734	0.0850339384036244	0.0514275901220653	0.0671902567265434	0.0227555740849579	0.023563750459442	0.00475462340415707	0.00997942590334126	0.0161681582799703	0.00903980184789548	0.0345399183469829	0.00926531744354592	0.0102467931151504	0.0142074085686222	0.010348969808823	0.00898666446982081	0.0123666677731479	0.0109775694213827	0.0101013015455614	0.0192749124523906	0.00774305522966706	0.0141893665783277	0.0144913908539965	0.0117968257247387	0.0124671447279507	0.0221228826139472	0.0246078292732462	0.0190977060504981	0.0305905000102005	0.046198087312889	0.0120472536144152	0.0254894312926264	0.0149994370239718	0.0143130309198864	0.0105792311328598	0.0203888325929484	0.0111167355417352	0.0197953336214052	0.0102256648170129	0.0308683518529191	0.024144577038356	0.0253936925636528	0.0235521563122052	0.00993695790983862	0.0169272277718535
HMEC_4_2_1	0.0264703037407838	0.0110363067021287	0.019416736149038	0	0.0273942693524808	0.025306567999295	0.0571145216618406	0.022959299055336	0.0129368558588594	0.014218966170449	0.011579670770684	0.0163288729371749	0.0146660907607189	0.019168063856803	0.0409923411516297	0.0262439232187114	0.0662782830309176	0.0670001952616712	0.0857525339126007	0.0394814427380226	0.00990017917370978	0.0173305971998003	0.012098769243266	0.0103709172553894	0.0137570830959105	0.0152941301050181	0.0195377442150268	0.0230410845110477	0.0117883300675447	0.014985958129177	0.0140072036532991	0.0240764279159969	0.0174646921533788	0.0163951667958108	0.00862342710527744	0.0143601468375989	0.01343790146441	0.0286013739207054	0.0163372998608273	0.0271001529054071	0.0374113610839986	0.00697909097706378	0.00668850903723962	0.0154108705149004	0.0303519797611888	0.016993813428749	0.00791633108033478	0.018594388643813	0.0162416404580698	0.0174755585692097	0.0156675186958822	0.0245017081879858	0.0119675599966768	0.0136447578507962	0.0138215105614706	0.0223757435373984	0.0186971592498809	0.00976033189419558	0.0182323412852988	0.00969772654733271
HMEC_4_2_2	0.0516936737489159	0.0176741072458244	0.044529829304914	0.0273942693524808	0	0.0105003171644798	0.0588263627733261	0.0501633728618112	0.0242079384501581	0.0316939408108122	0.0381017935415388	0.0352316795546596	0.0175948516173043	0.0415726755672422	0.0670912193483586	0.0207069201966301	0.0471588087401223	0.0935677404351734	0.111504552071121	0.0659464388359158	0.0240283181939805	0.0421328484804223	0.0374885504070962	0.0365986229743068	0.0402544741439713	0.0168878711121032	0.0459048386159355	0.0498764732567667	0.034428188478155	0.0386449395785782	0.0391937324423913	0.051046306025236	0.0422823004423193	0.043646343706552	0.0272114996043164	0.040765086203212	0.0357744057407024	0.0552543205436508	0.0431499970098272	0.0541440804896537	0.0640129031606146	0.0208353314867671	0.0274601524490875	0.0191777233872725	0.0111633089845458	0.0430294996099343	0.0240791430752629	0.0449822669403293	0.0406755465462288	0.0424057775638054	0.0373195021248025	0.0512975074701094	0.0274919474218248	0.0390985947967918	0.0156595785211467	0.0307782369880338	0.0324249214016158	0.0217622586063748	0.0447330297613119	0.0304832063786562
HMEC_4_2_3	0.0477979920498176	0.0150224202574836	0.0390636658015341	0.025306567999295	0.0105003171644798	0	0.0610757646401893	0.0464417618241915	0.0190617790588334	0.0263741607224818	0.0346634721703546	0.0283870926331196	0.0203207860288428	0.0361989438667284	0.0620303411591517	0.0275763354684146	0.0569716128766682	0.089411975889252	0.105254578230232	0.0609859906675077	0.0214797272767824	0.0369344785132814	0.033381982794662	0.0348324327999581	0.0365645710557856	0.0208361910636927	0.0421045178292476	0.0460030278727437	0.0304958924758134	0.0335127539224539	0.0349870149269195	0.0475260543854226	0.0383883294235869	0.0404646101165347	0.0234764414073716	0.0368365093451918	0.0317459261200357	0.0512735116803201	0.0402086719213704	0.0499995264804572	0.0597452451600519	0.0188187294097817	0.0240214705314375	0.0171611584489591	0.0148768715302103	0.0399477963186035	0.0236908526652105	0.0424967667982267	0.0376723621226638	0.0383536178207934	0.0357406726976594	0.0472218538402019	0.0220184192161836	0.0353126324953046	0.0155233023227463	0.0217492063930481	0.0300428800150321	0.0173044900090217	0.0412059026866587	0.0265958755936413
HMEC_4_G2_3E_1	0.0636257837355437	0.05807678737226	0.0651769245649175	0.0571145216618406	0.0588263627733261	0.0610757646401893	0	0.0657853977908373	0.0663715254854527	0.0684789343295699	0.0643037430157783	0.0669578678291082	0.0530913161690072	0.0726314144224161	0.082393347600395	0.0470953029708155	0.0621904955253628	0.0923709567539708	0.113407489965961	0.0809210640119699	0.050957867307969	0.0606823240508687	0.0645454167550518	0.0553007735703449	0.0637359523328516	0.0568914312327907	0.0606252724858798	0.0632176124497897	0.0544886495246275	0.061906269980039	0.0584696743875874	0.0638040462962782	0.0574511423069254	0.0608743263399963	0.0541099405993356	0.0603508057382152	0.0533648438841101	0.0671246640885224	0.0648862336085378	0.0672991622564402	0.078111490635918	0.0581010435721041	0.0632332669108665	0.0618759982915644	0.0502302482450144	0.0606635965935138	0.0614735145113675	0.0681469190518823	0.0556871499433957	0.0674775064489687	0.0537323508583073	0.0706067733400118	0.0663425008214579	0.0619474328672582	0.0562312917282718	0.0687545672234604	0.0494500304037396	0.0604685940507966	0.0591591846629116	0.0623314947494433
HMEC_4_G2_3F_1	0.0121064382082468	0.0329209222780873	0.0106109250714349	0.022959299055336	0.0501633728618112	0.0464417618241915	0.0657853977908373	0	0.0302526638505271	0.0245996505324695	0.0132462827291635	0.022625359617392	0.0362070609035027	0.0180133757012654	0.0197223381062757	0.0461911490449722	0.0869585330725692	0.0447690847828347	0.0636238452254729	0.0178536280347073	0.0286084596296163	0.0122431326064829	0.0143275020261157	0.0157043811967766	0.0108227666550696	0.0373243483902529	0.00752216499971202	0.00417494228273555	0.0191303219726714	0.0165303743328002	0.0133684993012971	0.0043653958174838	0.012982520151543	0.00697186802439257	0.0249670154899409	0.0103201554112839	0.0189818574854466	0.00780447986354404	0.00898423323433994	0.00485182333095205	0.0156789835431322	0.0294571466011457	0.0241135777928715	0.035812053637065	0.0520027815767131	0.0105953811734125	0.0284317423242557	0.0104713568441684	0.0149513934610507	0.0126367128620448	0.0207068037457363	0.00515994427295868	0.0268486100257506	0.0132077643627719	0.0357827400533194	0.0337800885306839	0.0292775408270653	0.0299124459364833	0.00808024956180644	0.0222921086132142
HMEC_4_G2_3F_2	0.0338586866533578	0.0102224954009383	0.0235329964027028	0.0129368558588594	0.0242079384501581	0.0190617790588334	0.0663715254854527	0.0302526638505271	0	0.00975739199400759	0.0176789993923348	0.0130075612400382	0.0194912711646895	0.0179042142599945	0.0447987070000593	0.0320108601545065	0.0689455544769617	0.0737560674511277	0.0894608219178348	0.0435362187852832	0.0167284033301993	0.0230312122703879	0.0168143231625753	0.0221443719354614	0.0203560079786939	0.0186194492578816	0.0277202245474444	0.0308485176017982	0.0198858660605916	0.0189282562021458	0.0215918237421714	0.0322256994163926	0.0257369045300222	0.0252567767393778	0.0150982504503287	0.0221295541722297	0.021661613896571	0.0357797357042357	0.0237956924437203	0.0339369778970797	0.0426599616647389	0.00964495617719628	0.00740762589086342	0.0117883302196326	0.0299616125394588	0.0255946144269683	0.0115891778165307	0.0252884425172423	0.0257231573431222	0.0218541230929845	0.0257378646864462	0.0298874042518551	0.00389974717137533	0.020415737158595	0.0148423742912168	0.0135416493610584	0.025799665366205	0.00623516045568733	0.0271036198133442	0.0125295797324128
HMEC_4_G2_3F_3	0.0263717263341258	0.0153814509242348	0.0177558729350468	0.014218966170449	0.0316939408108122	0.0263741607224818	0.0684789343295699	0.0245996505324695	0.00975739199400759	0	0.014256729463906	0.0115301350196508	0.0230349647987709	0.0143638815773588	0.0370824297850194	0.0357733861206735	0.0748979142042257	0.0660715490503631	0.0822394744122299	0.0370631707694537	0.0179902939753252	0.0178607022151661	0.0106538381222807	0.0194087473278811	0.014482166963621	0.0238771874113942	0.0217868201575528	0.024882929185138	0.0162010035094261	0.0178581098267125	0.0163179615973907	0.0261301071606339	0.0199767729319071	0.0206830838092129	0.0144195795423401	0.0168330482359161	0.0180333294937503	0.0288008823177233	0.0180190918918272	0.0283621796695832	0.0350540513005174	0.0143438079420342	0.00908174464625291	0.020936110218781	0.0358788365578607	0.019385632542514	0.0157521664845955	0.0198964107092702	0.0204080179569883	0.013909853195915	0.0212735759721678	0.0236237680523911	0.00671530970771705	0.0138978946866664	0.0190430021438371	0.0163535723236366	0.0229151083069567	0.0134400064243173	0.0217761065109034	0.00725431341677253
HMEC_4_G2_4A_1	0.0202178512534162	0.0211739259814174	0.0112958178811379	0.011579670770684	0.0381017935415388	0.0346634721703546	0.0643037430157783	0.0132462827291635	0.0176789993923348	0.014256729463906	0	0.0137837057714045	0.0257433159533907	0.0106408431003056	0.0302913883199296	0.037112279323469	0.0772651885650132	0.0577215355985195	0.0754333647748517	0.0283288902756655	0.0196757958514164	0.0118968534079259	0.00583577116985406	0.0106082575481148	0.00576356744326872	0.025752944457855	0.0129639311598837	0.0147822027454796	0.0140587188979917	0.0101074164603579	0.0108293209486473	0.0157776098796263	0.0142117171849219	0.00872115437436778	0.0162439103029295	0.00843523907297685	0.0152014766920312	0.0199019420376048	0.00773161817790894	0.0172860732277483	0.0270568809063486	0.0174160717447166	0.0112881825327083	0.0230981720149841	0.0415605443046962	0.0118563818521823	0.0158600036528236	0.00932020794891688	0.0148204696351936	0.0101109887931665	0.0179908611891172	0.0135500109502824	0.0147511319657128	0.00912415112710696	0.0245770764511346	0.0242155638710021	0.0247661825206421	0.0176026328912445	0.012250565973746	0.0125239965690785
HMEC_4_G2_4A_2	0.0271584048615437	0.0197173002927525	0.0135486862265064	0.0163288729371749	0.0352316795546596	0.0283870926331196	0.0669578678291082	0.022625359617392	0.0130075612400382	0.0115301350196508	0.0137837057714045	0	0.0284503296268079	0.0102223798879081	0.0353920158452966	0.0408118093025626	0.0795030846168696	0.0644355389725263	0.0779198733729633	0.0336027212609466	0.0202949543296377	0.0142301771856313	0.0128740206947135	0.0207730083676929	0.0156288037027224	0.0289169363157182	0.0209323428038416	0.0230836920672835	0.0169695368246521	0.00997919841441738	0.0159952445724868	0.0250116136720079	0.0201012081315118	0.0195017027266545	0.016634111535107	0.0161918282027426	0.0179095124734911	0.027775767566262	0.0197028016721318	0.0249930832335158	0.0342789276215395	0.0180639941131999	0.0127414072813955	0.0206870104452668	0.0385657064173834	0.0212623967288125	0.0200399566380556	0.0219584322291265	0.0220588766131114	0.0173124753716089	0.0255138041679731	0.0220991647034015	0.0098336677197304	0.0164172965444987	0.0244967655353477	0.0113586593393741	0.0268467016067524	0.0141854399863383	0.0207810337109611	0.0145431026549234
HMEC_4_G2_4A_3	0.0367920856638491	0.010146065545545	0.0329429362853634	0.0146660907607189	0.0175948516173043	0.0203207860288428	0.0530913161690072	0.0362070609035027	0.0194912711646895	0.0230349647987709	0.0257433159533907	0.0284503296268079	0	0.0327601599425048	0.0538780765703323	0.0128384647310692	0.0528014766102412	0.0783281465491749	0.0988564554980293	0.0532474679676267	0.0119389084767093	0.0301024309421373	0.0249377249330866	0.0212414708126689	0.0267361510957097	0.00673692171112683	0.0315643201115378	0.0356396981617003	0.0211858765786186	0.0291244158824125	0.0257789100851187	0.0363491879826863	0.0280517211215376	0.0294530557729726	0.0152364670661962	0.0271398527785996	0.0226465956544418	0.0406646713091222	0.0287513430655413	0.0405828071488273	0.0498554012690132	0.0108094213667388	0.0176353727931098	0.0182918986914507	0.0196666095855443	0.02792370706525	0.0133982120926204	0.0307653915573472	0.0255034993482634	0.0290733029320096	0.0209918187461106	0.0379809729393403	0.0209366879161792	0.0252255874297735	0.006188010549994	0.0298188002465701	0.0189983859770624	0.0161055766907013	0.0302839701857351	0.0184187900304636
HMEC_4_G2_4B_1	0.0255066283125888	0.0255371716703991	0.0126785934426723	0.019168063856803	0.0415726755672422	0.0361989438667284	0.0726314144224161	0.0180133757012654	0.0179042142599945	0.0143638815773588	0.0106408431003056	0.0102223798879081	0.0327601599425048	0	0.0290980687850431	0.0450661924636512	0.0841754239374924	0.0592333485547476	0.073033088748812	0.0267233577104226	0.0263924240677307	0.0158630966520145	0.0118613186797507	0.0209614544681268	0.0133955748798436	0.0320868614148698	0.0195993486040414	0.0201614394615478	0.0211809026701403	0.0117789366443504	0.0177017055817428	0.0215193916218874	0.0212521125591551	0.0169699284691122	0.0225402412008581	0.0158787544979745	0.0222139978875773	0.0239582115384034	0.0156322488123138	0.0203163973728198	0.0279708282814312	0.0226686832515199	0.0153184111403504	0.0251687056576536	0.0461764204548372	0.0199159004673952	0.0215476886369072	0.0159171557688018	0.0231839085066128	0.0144467182532295	0.0271236952398932	0.0156860020417094	0.0147620287816793	0.0162391993173234	0.0299273060941977	0.0203086852933909	0.0320602426508395	0.020254689106466	0.019715963107498	0.0175725129831743
HMEC_4_G2_4B_2	0.0213554890648145	0.0495112961967722	0.0240325967900686	0.0409923411516297	0.0670912193483586	0.0620303411591517	0.082393347600395	0.0197223381062757	0.0447987070000593	0.0370824297850194	0.0302913883199296	0.0353920158452966	0.0538780765703323	0.0290980687850431	0	0.0644063792718167	0.105470764721976	0.0314320200944362	0.0468213261147667	0.00761373663247905	0.0460684047003748	0.0273904298472207	0.0297097801461017	0.0346402945300604	0.0273865001395638	0.055095009250269	0.0242838396352758	0.0206567910880101	0.0357759076067725	0.0325568210655285	0.029907907996769	0.0201300317065179	0.0287360395131947	0.0263475664134169	0.0418212261567413	0.0277775761147127	0.035538794830105	0.0159188991335995	0.025728910309232	0.0171720412817694	0.00628922566574297	0.046619206359577	0.0401996582404394	0.0526431093664497	0.0692571604727168	0.0269633731118371	0.0455818355098937	0.0254191369176939	0.0313149831675945	0.0253380225089387	0.0368872357115401	0.0170818753979777	0.0410593647573498	0.0289308249913748	0.0526005737068233	0.0454886746736339	0.0445596142995143	0.0462918762346287	0.0259246881111195	0.0372295687890537
HMEC_4_G2_4B_3	0.0459255942076554	0.0224135047500363	0.0442379892899734	0.0262439232187114	0.0207069201966301	0.0275763354684146	0.0470953029708155	0.0461911490449722	0.0320108601545065	0.0357733861206735	0.037112279323469	0.0408118093025626	0.0128384647310692	0.0450661924636512	0.0644063792718167	0	0.0414578081672397	0.0862340832181519	0.10856832523972	0.0637989512160907	0.0222782711163862	0.0409020541658078	0.036717739999425	0.0305358111248194	0.0378612420290423	0.0152445971294972	0.0413197573121422	0.0453131886560162	0.0314246760431955	0.040278252436756	0.036311236086981	0.0457395481589887	0.0376912524804464	0.0393720889780228	0.0263772136267801	0.0377395892544683	0.0324114865077774	0.0501435531293242	0.0392061229955096	0.0504574512981595	0.0598100544615262	0.023287138483124	0.0301774286558426	0.0282062816854671	0.0193406442843112	0.0376909770627075	0.0249079755019092	0.0410778818634353	0.0345679846943435	0.040391276106193	0.0290197783215741	0.0486435971588492	0.0336873976589939	0.036204780602919	0.0179804437422779	0.0416276478851918	0.0260750525439459	0.0281554522699269	0.0398598722277534	0.0306729999536902
HMEC_4_G2_4C_1	0.0871473491613324	0.060434948474526	0.0850339384036244	0.0662782830309176	0.0471588087401223	0.0569716128766682	0.0621904955253628	0.0869585330725692	0.0689455544769617	0.0748979142042257	0.0772651885650132	0.0795030846168696	0.0528014766102412	0.0841754239374924	0.105470764721976	0.0414578081672397	0	0.126077957582193	0.149287937226552	0.1044413183154	0.0624302091680766	0.081748182387923	0.0774750059830846	0.0714148733228575	0.0788359110541058	0.0523701160331451	0.0825006050687254	0.0863186804923871	0.072429985443401	0.0795394533508356	0.0774873038494293	0.0866835326366671	0.0789488583057173	0.0801432158315	0.0668039225964277	0.0788573330953522	0.0732906252315304	0.0912349916375164	0.0800352470599388	0.0911044494547031	0.100734207741614	0.0621122530620992	0.069220663930805	0.0618697080911621	0.045205316430441	0.0789877143009436	0.0630091673116827	0.081309919475119	0.0758535407909553	0.0814161359586854	0.0702243045329285	0.089371238161368	0.0717618299507151	0.0774630639675403	0.0562644463953461	0.0772715834447266	0.0661104131796353	0.0655426588369442	0.0809351592358615	0.071109993863962
HMEC_4_G2_4C_3	0.0425124990810488	0.0762611936285087	0.0514275901220653	0.0670001952616712	0.0935677404351734	0.089411975889252	0.0923709567539708	0.0447690847828347	0.0737560674511277	0.0660715490503631	0.0577215355985195	0.0644355389725263	0.0783281465491749	0.0592333485547476	0.0314320200944362	0.0862340832181519	0.126077957582193	0	0.0306525793047922	0.0341411870503854	0.07048965033411	0.0530618083702308	0.0573728338011269	0.058021168658428	0.0541934229745752	0.0804668046415108	0.0479656312763278	0.044272460011933	0.0599127942726439	0.0595132884584609	0.0548275683037042	0.043024870672744	0.0518368751655678	0.0509068405286771	0.0669651191491451	0.0532304322499593	0.0590008357056921	0.0386231950988299	0.0517205588322077	0.0414820400679136	0.0320406492266688	0.0733144560036345	0.0681720938616037	0.0803998408859655	0.0936939900128294	0.0508270236558369	0.0724620683005343	0.0516661082013014	0.0535620505818395	0.052854692884357	0.0582614700179421	0.0447973140700209	0.070053670072634	0.0549136896346674	0.0784394916188593	0.0745072541378261	0.065849155325326	0.0740090676311201	0.0492561527423777	0.064282413770145
HMEC_4_G2_4D_1	0.0634866983273855	0.0942306353707568	0.0671902567265434	0.0857525339126007	0.111504552071121	0.105254578230232	0.113407489965961	0.0636238452254729	0.0894608219178348	0.0822394744122299	0.0754333647748517	0.0779198733729633	0.0988564554980293	0.073033088748812	0.0468213261147667	0.10856832523972	0.149287937226552	0.0306525793047922	0	0.0479423796649628	0.0894668408834337	0.069819369288593	0.0752120040347448	0.0786810359136023	0.0728025916034802	0.100570462275205	0.0675503252191862	0.0636472342275545	0.0787731358905766	0.0744484967268565	0.0734139928826531	0.0632691654802302	0.071453812249516	0.0702864328035935	0.0854198053907949	0.0718966117407673	0.0778252296937531	0.058797482478345	0.071443515705236	0.0593741476034749	0.05098626394319	0.0915504722396561	0.0854838195495832	0.0965638558590543	0.112150338306159	0.0714429555230774	0.091201877248965	0.0714268393191863	0.0743502257555256	0.0713647584102117	0.0803425923712411	0.0624823846649505	0.085672518349528	0.0739879159690764	0.0975121831609623	0.0863580507213275	0.08646060537048	0.0904378777501457	0.0690073321500741	0.0825559535077348
HMEC_4_G2_4D_2	0.0234113823454969	0.0486412939301728	0.0227555740849579	0.0394814427380226	0.0659464388359158	0.0609859906675077	0.0809210640119699	0.0178536280347073	0.0435362187852832	0.0370631707694537	0.0283288902756655	0.0336027212609466	0.0532474679676267	0.0267233577104226	0.00761373663247905	0.0637989512160907	0.1044413183154	0.0341411870503854	0.0479423796649628	0	0.0453734606664606	0.0263938871866908	0.0291151758691638	0.0334745496523512	0.0266652856638028	0.0538615711975176	0.0238911034292046	0.0197246308158821	0.0354940759422005	0.0294598220254615	0.0295044923583167	0.0194435648441221	0.0289201899213544	0.0246749763445614	0.0412836306652241	0.0269420965774591	0.0352163912684543	0.016559063867261	0.0250125586601583	0.0143916451577404	0.00962776294985964	0.0453908203113286	0.0388465635263308	0.0501387885529447	0.0684486689163884	0.0272097739840417	0.043988533893193	0.024359905776404	0.0316330666446539	0.025969843504197	0.0375893104148873	0.0153839324384407	0.0399296400189509	0.0290242883069447	0.052067867319381	0.0440786446234777	0.0455010106877141	0.0446288267408016	0.0251466334984805	0.0373134651358874
HMEC_4_G2_4D_3	0.0285818729191362	0.00959965141095327	0.023563750459442	0.00990017917370978	0.0240283181939805	0.0214797272767824	0.050957867307969	0.0286084596296163	0.0167284033301993	0.0179902939753252	0.0196757958514164	0.0202949543296377	0.0119389084767093	0.0263924240677307	0.0460684047003748	0.0222782711163862	0.0624302091680766	0.07048965033411	0.0894668408834337	0.0453734606664606	0	0.0200100837972348	0.0180184364437469	0.0151199221040503	0.0196987536594556	0.0163072119430458	0.0230141927341265	0.0273098784729889	0.0108910174813152	0.0203687891235625	0.0163781768070936	0.0285546855393221	0.0187991476585901	0.0220248085104927	0.0046251560852713	0.0186197785607462	0.0120038938753528	0.032601086769781	0.0228444197396593	0.032395015324491	0.0425938671281759	0.00940098498850006	0.013872629622596	0.0188090262711444	0.023624754082086	0.0206912006554169	0.0149708634713557	0.0261985763008567	0.0172499090011349	0.0224959595414819	0.0152018458501676	0.0308717621365366	0.0163113583392691	0.017620123282754	0.0104958522423521	0.0229678303702385	0.0117459056265313	0.0123176660418949	0.0218392109876215	0.0125536920145064
HMEC_5_1_1	0.014272249449127	0.0250064826743975	0.00475462340415707	0.0173305971998003	0.0421328484804223	0.0369344785132814	0.0606823240508687	0.0122431326064829	0.0230312122703879	0.0178607022151661	0.0118968534079259	0.0142301771856313	0.0301024309421373	0.0158630966520145	0.0273904298472207	0.0409020541658078	0.081748182387923	0.0530618083702308	0.069819369288593	0.0263938871866908	0.0200100837972348	0	0.0100569331889984	0.0136089664760334	0.00912335989648421	0.0323684366423073	0.00793774620999955	0.0106002209745405	0.0101552932061346	0.0103728003910369	0.00548099938242965	0.0127874488004233	0.00755172629661969	0.00954373835600125	0.0159067878257279	0.00583386627101002	0.00976705019099822	0.015588456843961	0.0123744182816808	0.0145071880080673	0.0249235314275507	0.0225742886634463	0.0183123893569468	0.0294195140335975	0.0428955452682584	0.0105457989566142	0.0243036018016466	0.0164345590890764	0.0109478064626839	0.0116070926834665	0.017099709457151	0.014290761548922	0.0195016461091425	0.00885724789463991	0.0282917853792452	0.0239631339174999	0.0212984584860272	0.022022558785805	0.0080861000488316	0.0154222166461883
HMEC_5_1_2	0.0176918774573686	0.0199067669214504	0.00997942590334126	0.012098769243266	0.0374885504070962	0.033381982794662	0.0645454167550518	0.0143275020261157	0.0168143231625753	0.0106538381222807	0.00583577116985406	0.0128740206947135	0.0249377249330866	0.0118613186797507	0.0297097801461017	0.036717739999425	0.0774750059830846	0.0573728338011269	0.0752120040347448	0.0291151758691638	0.0180184364437469	0.0100569331889984	0	0.0112147630367222	0.00386328768821958	0.0260982824497521	0.0117996453742503	0.0146831960355102	0.0111979300606461	0.0123583610790679	0.00805619880515198	0.0158149760608129	0.0115454103930077	0.0101185867440172	0.0138904850170646	0.00691587021194031	0.0125976238655257	0.0191691653852873	0.00788592055597709	0.018476567688833	0.0266757784627525	0.0169810259768243	0.0110838235299133	0.0245607906153421	0.0403533860649451	0.00976711903259513	0.0169405336038759	0.0108966851518235	0.0123248023409905	0.00603067489231301	0.0154116210151672	0.014370036435711	0.0133858372353109	0.00493608944972775	0.0231149460992768	0.0226728827660937	0.0212946389825994	0.017429381686088	0.0116530968251624	0.00850140198094777
HMEC_5_1_3	0.0183424003722166	0.020433099268627	0.0161681582799703	0.0103709172553894	0.0365986229743068	0.0348324327999581	0.0553007735703449	0.0157043811967766	0.0221443719354614	0.0194087473278811	0.0106082575481148	0.0207730083676929	0.0212414708126689	0.0209614544681268	0.0346402945300604	0.0305358111248194	0.0714148733228575	0.058021168658428	0.0786810359136023	0.0334745496523512	0.0151199221040503	0.0136089664760334	0.0112147630367222	0	0.00967770813363288	0.0230630565473848	0.0116973579553308	0.0150894242070481	0.00980400568364041	0.0157399750499994	0.00931585943676163	0.0155963691384478	0.0106142542001303	0.0088979619814482	0.0130417656328196	0.0087426713215651	0.0105190724819575	0.0204010294644228	0.0103078124986599	0.0199548531690749	0.0301639676463443	0.0169412252274144	0.0150754400522318	0.0253924341841564	0.0378453747817514	0.00907433385765416	0.0167086475653129	0.0134497797532439	0.00857090177861791	0.0140081050815595	0.00964529655916886	0.0187234621650282	0.0199554771137973	0.00946556363457404	0.0220804459930367	0.0295260008893905	0.0177979387477649	0.0197081051719689	0.0100369014835866	0.013541253477733
HMEC_5_2_1	0.0148948789243847	0.022741393109929	0.00903980184789548	0.0137570830959105	0.0402544741439713	0.0365645710557856	0.0637359523328516	0.0108227666550696	0.0203560079786939	0.014482166963621	0.00576356744326872	0.0156288037027224	0.0267361510957097	0.0133955748798436	0.0273865001395638	0.0378612420290423	0.0788359110541058	0.0541934229745752	0.0728025916034802	0.0266652856638028	0.0196987536594556	0.00912335989648421	0.00386328768821958	0.00967770813363288	0	0.0279969229327451	0.00856216174149617	0.0111952674892544	0.0116105832267199	0.0127588344476119	0.00705535455996639	0.0121449488614327	0.00960952270914043	0.00657735162044397	0.0157730680278227	0.00451462853658274	0.0125801109778891	0.0158375752644722	0.00452676852720855	0.0152358899888519	0.0238601675337023	0.0195406560324027	0.0141117431476669	0.0271491809960098	0.0426957248475378	0.00677242053048943	0.0190605034812718	0.00840476583530123	0.0104807038899386	0.00543683519599535	0.0144994772915542	0.0115627449403417	0.0170320626215087	0.00410850130565264	0.025634024695853	0.0259603091415799	0.0219263973956052	0.0203999508455156	0.00838118514213463	0.011573157683319
HMEC_5_2_3	0.0397937745018656	0.0115930040196979	0.0345399183469829	0.0152941301050181	0.0168878711121032	0.0208361910636927	0.0568914312327907	0.0373243483902529	0.0186194492578816	0.0238771874113942	0.025752944457855	0.0289169363157182	0.00673692171112683	0.0320868614148698	0.055095009250269	0.0152445971294972	0.0523701160331451	0.0804668046415108	0.100570462275205	0.0538615711975176	0.0163072119430458	0.0323684366423073	0.0260982824497521	0.0230630565473848	0.0279969229327451	0	0.0338601321757949	0.0374916559264303	0.0247577891619091	0.0295187042485375	0.0284456726500249	0.038133394528975	0.0312188253893544	0.0307293421240156	0.0189079891959065	0.0291078653373597	0.0263659540665409	0.0426806266840438	0.0296804765515537	0.041727186424986	0.0511360342837544	0.011127223301211	0.0171838652292003	0.0149941339720004	0.0221781969784165	0.0302824533828025	0.0107771082097834	0.0308427088279256	0.0288923121948232	0.0306126198821696	0.0250221171389217	0.0386473461664652	0.0207597112723361	0.027412468190988	0.00941291131407641	0.0303409759011625	0.0249526729056229	0.0157730865623611	0.0325047875192628	0.0205331584269928
HMEC_5_3_1	0.00840690980878084	0.0286542982972556	0.00926531744354592	0.0195377442150268	0.0459048386159355	0.0421045178292476	0.0606252724858798	0.00752216499971202	0.0277202245474444	0.0217868201575528	0.0129639311598837	0.0209323428038416	0.0315643201115378	0.0195993486040414	0.0242838396352758	0.0413197573121422	0.0825006050687254	0.0479656312763278	0.0675503252191862	0.0238911034292046	0.0230141927341265	0.00793774620999955	0.0117996453742503	0.0116973579553308	0.00856216174149617	0.0338601321757949	0	0.00461668876506499	0.0127159868014957	0.0157912673507841	0.00727812043681591	0.0059538885778981	0.00555598232362413	0.00579926382479036	0.0193883895103683	0.00564599229003945	0.0122997076393678	0.0096760981697142	0.00873669213966628	0.010774980879454	0.0203029277796764	0.025730509567335	0.0216211724330511	0.0336583449300418	0.0466062591154995	0.00532787076282778	0.0261406459616449	0.0127356631488013	0.00793054988595264	0.0105980908003757	0.0144418207386044	0.0111409823043074	0.0243377616703867	0.00852407109255855	0.0310863036488431	0.0311420237632947	0.0221353855057575	0.0267219631951446	0.00202308146303084	0.0179971793285752
HMEC_5_3_3	0.00881051923766502	0.0326070792938091	0.0102467931151504	0.0230410845110477	0.0498764732567667	0.0460030278727437	0.0632176124497897	0.00417494228273555	0.0308485176017982	0.024882929185138	0.0147822027454796	0.0230836920672835	0.0356396981617003	0.0201614394615478	0.0206567910880101	0.0453131886560162	0.0863186804923871	0.044272460011933	0.0636472342275545	0.0197246308158821	0.0273098784729889	0.0106002209745405	0.0146831960355102	0.0150894242070481	0.0111952674892544	0.0374916559264303	0.00461668876506499	0	0.0171629175021422	0.0171941562275622	0.0115383037045217	0.00239035972554566	0.010045630949215	0.00721045056522025	0.0236882479725118	0.00927737784067673	0.016678591103565	0.00620855248785839	0.0101611079859367	0.00638807170379757	0.0165878648996551	0.0294525063097754	0.0247656984694042	0.0366059683954902	0.0508690100663536	0.0089811942098163	0.0292591317656084	0.0129243244989272	0.0123497005604757	0.0127998399921925	0.0186225305116518	0.00844874236190324	0.0273838704655618	0.0123215787849004	0.0352335979211413	0.0338061746606062	0.0266805134800439	0.0301150084457894	0.00565154853661138	0.0218683654742128
HMEC_5_4_1	0.0180826229884042	0.017815960612078	0.0142074085686222	0.0117883300675447	0.034428188478155	0.0304958924758134	0.0544886495246275	0.0191303219726714	0.0198858660605916	0.0162010035094261	0.0140587188979917	0.0169695368246521	0.0211858765786186	0.0211809026701403	0.0357759076067725	0.0314246760431955	0.072429985443401	0.0599127942726439	0.0787731358905766	0.0354940759422005	0.0108910174813152	0.0101552932061346	0.0111979300606461	0.00980400568364041	0.0116105832267199	0.0247577891619091	0.0127159868014957	0.0171629175021422	0	0.0151031617927766	0.00602097193982839	0.0185756146103383	0.00812318917428397	0.0134037642712806	0.00726025954172088	0.00907929901556648	0.00211406681583352	0.0221471309014309	0.014948821192717	0.0226319000945894	0.0323861146549875	0.0160232624147494	0.0149514822574927	0.0253150612647156	0.0342307594638212	0.0113112210869576	0.0192550125476455	0.0192484777078482	0.00776734043307638	0.0142481898536935	0.0100202158201533	0.0216819625243383	0.0173066454841321	0.00881812372982269	0.0199262683135919	0.0238598972876225	0.0118639917036156	0.0174654592788368	0.0118971455701958	0.0104567769819587
HMEC_5_4_2	0.023600443829571	0.0228030313785236	0.010348969808823	0.014985958129177	0.0386449395785782	0.0335127539224539	0.061906269980039	0.0165303743328002	0.0189282562021458	0.0178581098267125	0.0101074164603579	0.00997919841441738	0.0291244158824125	0.0117789366443504	0.0325568210655285	0.040278252436756	0.0795394533508356	0.0595132884584609	0.0744484967268565	0.0294598220254615	0.0203687891235625	0.0103728003910369	0.0123583610790679	0.0157399750499994	0.0127588344476119	0.0295187042485375	0.0157912673507841	0.0171941562275622	0.0151031617927766	0	0.0127843019347307	0.0191299655806344	0.0163689606465319	0.0130832456019506	0.0171230086813015	0.0118534073633979	0.0153708637982646	0.0228274205348753	0.0158426636817922	0.0185267854890053	0.0305359219351998	0.0197542681711518	0.0150220449245221	0.0227000664303323	0.0410190706526235	0.0174776776620646	0.0205390205830767	0.0182324219944618	0.0183878116860968	0.016889520890769	0.0229579168128687	0.0176598282423852	0.0160949047750141	0.0147148464342973	0.0270210096257148	0.0199700371700535	0.0266461657798155	0.0174609534565092	0.0150444841233131	0.0172499792752936
HMEC_5_4_3	0.0136129660368381	0.0219277555352752	0.00898666446982081	0.0140072036532991	0.0391937324423913	0.0349870149269195	0.0584696743875874	0.0133684993012971	0.0215918237421714	0.0163179615973907	0.0108293209486473	0.0159952445724868	0.0257789100851187	0.0177017055817428	0.029907907996769	0.036311236086981	0.0774873038494293	0.0548275683037042	0.0734139928826531	0.0295044923583167	0.0163781768070936	0.00548099938242965	0.00805619880515198	0.00931585943676163	0.00705535455996639	0.0284456726500249	0.00727812043681591	0.0115383037045217	0.00602097193982839	0.0127843019347307	0	0.0130970624842129	0.00438211705708137	0.00849909871545855	0.0123994931683056	0.00353275649796652	0.00618952530243016	0.0165975060510048	0.0103122410691222	0.0168693091596758	0.0265612937167329	0.0194419208001848	0.0160222900281981	0.0278571297739387	0.0398560507900713	0.00700731204200914	0.0211340913676261	0.0148273308343558	0.00629935053725741	0.00990765265271574	0.0117628773398504	0.0157892203352111	0.0183479978808554	0.00500622390350518	0.0245573346799927	0.0251113945779937	0.0169870117588739	0.0202558535820647	0.00682731636891548	0.0119227582280712
HMEC_5_5_1	0.00853092502116929	0.0338159304465196	0.0123666677731479	0.0240764279159969	0.051046306025236	0.0475260543854226	0.0638040462962782	0.0043653958174838	0.0322256994163926	0.0261301071606339	0.0157776098796263	0.0250116136720079	0.0363491879826863	0.0215193916218874	0.0201300317065179	0.0457395481589887	0.0866835326366671	0.043024870672744	0.0632691654802302	0.0194435648441221	0.0285546855393221	0.0127874488004233	0.0158149760608129	0.0155963691384478	0.0121449488614327	0.038133394528975	0.0059538885778981	0.00239035972554566	0.0185756146103383	0.0191299655806344	0.0130970624842129	0	0.0112960722331945	0.00803323535822462	0.0250525947496212	0.0107338011280195	0.0181644465875534	0.00520513592515395	0.0102354492861737	0.00665829158422012	0.0154988542761837	0.0305731416285512	0.0259186664358105	0.0379103696841788	0.0521205481453452	0.00926843906121622	0.0300181799713858	0.0124754273846168	0.0130262744309498	0.0134179924029988	0.0188320341464041	0.00850776912984325	0.0288206247764597	0.0133079492713616	0.036241774997915	0.0357996190737849	0.0275612976878579	0.0315654146695246	0.0068474411475192	0.0229410306504826
HMEC_5_5_2	0.0101993849709323	0.0252969653099609	0.0109775694213827	0.0174646921533788	0.0422823004423193	0.0383883294235869	0.0574511423069254	0.012982520151543	0.0257369045300222	0.0199767729319071	0.0142117171849219	0.0201012081315118	0.0280517211215376	0.0212521125591551	0.0287360395131947	0.0376912524804464	0.0789488583057173	0.0518368751655678	0.071453812249516	0.0289201899213544	0.0187991476585901	0.00755172629661969	0.0115454103930077	0.0106142542001303	0.00960952270914043	0.0312188253893544	0.00555598232362413	0.010045630949215	0.00812318917428397	0.0163689606465319	0.00438211705708137	0.0112960722331945	0	0.00922004996291547	0.0152435864456928	0.00593188660317823	0.00749764697018523	0.0143387246152488	0.0114094805514904	0.0161346977120818	0.0250142280244883	0.0229583786551346	0.0200492905669633	0.0318444936876526	0.0421963124265042	0.00590722155654065	0.0245979045218194	0.0159557988116768	0.00396441779132083	0.0114186239969797	0.0107344374398543	0.0161058677092785	0.0225358082242113	0.00725399298033678	0.0273833744906538	0.0290345240883911	0.0167946772306905	0.0242795474487973	0.00548437640756791	0.0151869029846976
HMEC_5_5_3	0.0136083438623048	0.0266383902065982	0.0101013015455614	0.0163951667958108	0.043646343706552	0.0404646101165347	0.0608743263399963	0.00697186802439257	0.0252567767393778	0.0206830838092129	0.00872115437436778	0.0195017027266545	0.0294530557729726	0.0169699284691122	0.0263475664134169	0.0393720889780228	0.0801432158315	0.0509068405286771	0.0702864328035935	0.0246749763445614	0.0220248085104927	0.00954373835600125	0.0101185867440172	0.0088979619814482	0.00657735162044397	0.0307293421240156	0.00579926382479036	0.00721045056522025	0.0134037642712806	0.0130832456019506	0.00849909871545855	0.00803323535822462	0.00922004996291547	0	0.0187135165307405	0.00530043058047825	0.0135116629245323	0.0129484465981601	0.00597598980119867	0.0112056346083361	0.0222179303901007	0.0230928481256591	0.0186147479955426	0.0300308279452855	0.045321827146483	0.00685012166879754	0.0223905915915397	0.00932978440482217	0.0102003378981386	0.0108387126242624	0.0153428471618983	0.0103921760725492	0.0221629020121936	0.0087485079844361	0.0292838624687433	0.030174092951789	0.0237568214075248	0.024099947215552	0.00466134050527972	0.0170701444310629
