	HMEC_4_1_1	HMEC_4_1_2	HMEC_4_1_3	HMEC_4_2_1	HMEC_4_2_2	HMEC_4_2_3	HMEC_4_G2_3E_1	HMEC_4_G2_3E_2	HMEC_4_G2_3G_3	HMEC_4_G2_4A_1	HMEC_4_G2_4A_2	HMEC_4_G2_4A_3	HMEC_4_G2_4B_1	HMEC_4_G2_4B_2	HMEC_4_G2_4B_3	HMEC_4_G2_4C_1	HMEC_4_G2_4C_3	HMEC_4_G2_4D_1	HMEC_4_G2_4D_2	HMEC_4_G2_4D_3	HMEC_5_1_1	HMEC_5_1_2	HMEC_5_1_3	HMEC_5_2_1	HMEC_5_2_2	HMEC_5_2_3	HMEC_5_3_1	HMEC_5_3_2	HMEC_5_3_3	HMEC_5_4_1	HMEC_5_4_2	HMEC_5_5_1	HMEC_5_5_2	HMEC_5_5_3	HMEC_5_6_1	HMEC_5_6_2	HMEC_5_6_3	HMEC_5_7_2	HMEC_5_7_3	HMEC_5_8_1	HMEC_5_8_2	HMEC_5_8_3	HMEC_5_9_1	HMEC_5_9_2	HMEC_5_9_3	HMEC_Root1_1	HMEC_Root1_2	HMEC_Root1_3	HMEC_Root2_1	HMEC_Root2_2	HMEC_Root2_3	HMEC_STAT_2_1	HMEC_STAT_2_2	HMEC_STAT_2_3	HMEC_STAT_3_1	HMEC_STAT_3_2	HMEC_STAT_3_3	HMEC_STAT_4_1	HMEC_STAT_4_2	HMEC_STAT_4_3	HMEC_STAT_G2_3B_2	HMEC_STAT_G2_3C_3
HMEC_4_1_1	0	0.00760226850463921	0.00940586050398634	0.0186390406592281	0.00610891352801028	0.0117214421104348	0.00994596946808388	0.00716898804193111	0.0189521547834179	0.0104023070955316	0.0108161852848154	0.00570595240687412	0.0133980489550899	0.00689483878539052	0.0145950571670684	0.0332538235316718	0.00977368742934227	0.0263360625517668	0.0152261662342496	0.0140039580706702	0.00262640098215564	0.00745292778328232	0.0108319393786003	0.0124360887861129	0.00739637353827406	0.00311816094369405	0.00418366329717756	0.00363533149381365	0.00789148249597358	0.00337413192638471	0.00749066317151506	0.00446928580290159	0.0188546610847729	0.0174270965557925	0.0134151381895607	0.0128461106754749	0.0102673124519218	0.00740665789960745	0.0192437592211454	0.0112139726072988	0.0258703402115675	0.0152827859276566	0.00483584763408542	0.00749413164783464	0.0177622040886102	0.0160499526025601	0.00666097495383958	0.00371197101307193	0.0155117092388861	0.00847223620716965	0.00695658289649241	0.00941656746834119	0.0120889495426619	0.00920236817669609	0.0139840897370676	0.0301218161261434	0.00473122147717048	0.0215681435306498	0.00759787564924185	0.0142650136849464	0.0680818523447824	0.0121864933435591
HMEC_4_1_2	0.00760226850463921	0	0.00588081372090612	0.0116057875851823	0.00232445981049748	0.00711775660386576	0.0134083572139878	0.000661809581690059	0.0114092503745467	0.00427261120666864	0.00489254374565436	0.00448071123949736	0.00845504145127569	0.0126683641049129	0.0101182768825103	0.025898562965567	0.0158002535184286	0.0194990082408028	0.00786517148037917	0.00655534500595018	0.0049761832272674	0.000646025354600379	0.00719291032026058	0.00590004229317679	0.00320858496409844	0.00510684419405338	0.00812158288177526	0.00834495779001505	0.00167919243776761	0.0105239709421196	0.00163435055528459	0.00950926833264569	0.0123525320878581	0.0105076018593867	0.0203593497338161	0.0174007292105316	0.00298922253298213	0.00109731178479127	0.0128802892347524	0.00499321277134757	0.0326648214425003	0.0221743377035609	0.00451833360492269	0.00302870593490991	0.0111938269375832	0.0121883803729291	0.0128756572216627	0.00389037645163198	0.0079221750184715	0.0132806832808656	0.000726751483753496	0.00240037383040946	0.00449121207361628	0.00793814005152165	0.0104343484065942	0.0235089062110366	0.00599439874017309	0.015995639018042	0.0151573033760834	0.0066957185249792	0.0611396581800559	0.0174061693325126
HMEC_4_1_3	0.00940586050398634	0.00588081372090612	0	0.0104526620433312	0.00452890839627241	0.00237357923085175	0.009704724827176	0.00636361750662621	0.0122110337888043	0.00321012910900314	0.0105037963194882	0.00961465477312042	0.00403959406638079	0.0160679225395662	0.00520517062190646	0.0251267320573864	0.0190913317629403	0.0175335458119978	0.00826068286159587	0.00763845756536327	0.00755990628110281	0.00649747518032065	0.00151046707147115	0.00462901080477868	0.00285851776527513	0.00635258485849497	0.00695166467190282	0.0075933107392876	0.00421552761803021	0.0108073041628503	0.00426627860708664	0.00831136875236004	0.00999783332034848	0.00917503464878889	0.0227554408390993	0.0216427851150885	0.0051376337853939	0.0048122519042695	0.0102536274551927	0.00355413237033717	0.0351962752532155	0.0246267127231054	0.0092270085223966	0.00296599805570611	0.0090404231110231	0.00687372353564692	0.0159746373789546	0.00691810632080937	0.00969381368662295	0.0172682489009915	0.00557033989642077	0.00455309963974993	0.00735673681748168	0.00271597684342234	0.00488680874113875	0.0210613484321422	0.00492663556623864	0.0121895779086673	0.0164274210569169	0.00849651169335595	0.0591200342712689	0.0212717590799287
HMEC_4_2_1	0.0186390406592281	0.0116057875851823	0.0104526620433312	0	0.0125381072358753	0.00838958325248786	0.019777114438425	0.0122347995161616	0.0038806828148629	0.00828300380577088	0.0126176562361318	0.0158953661182405	0.00723882414364777	0.0242715755058022	0.00778976497965969	0.014749044242392	0.0274035032279321	0.00790872255094732	0.00399005954119939	0.00535230344206793	0.016162011152811	0.0120660751869074	0.00981245134025657	0.00624487840402768	0.0113427912902553	0.0155993056145745	0.0172366968719019	0.0178061010565684	0.010801703356722	0.0208359434618006	0.0111952294940035	0.0186611891217622	0.00237536820149717	0.0012780192458369	0.0318626627068855	0.028803288672774	0.00862245351086351	0.0113860486936723	0.00303254602956398	0.00750040105678745	0.0442289346678099	0.0336991420120508	0.0160882134918537	0.0112094509403336	0.00209336437979726	0.00918881618291283	0.0244579450534476	0.0151409066378635	0.00542957999344025	0.0248260972634357	0.0120411314717589	0.00935127501469413	0.00779066472588733	0.0127278205126365	0.00953300337879239	0.0119996506092495	0.014994022346292	0.00695987977586444	0.026172442107746	0.00585314633247618	0.0495736845805085	0.0289397833616126
HMEC_4_2_2	0.00610891352801028	0.00232445981049748	0.00452890839627241	0.0125381072358753	0	0.0063898414802613	0.0110916516129456	0.00241811949821749	0.0129667550555766	0.00437092493354172	0.00713259264142363	0.0050919637698816	0.00796846176380693	0.0120924012405067	0.00946206409823129	0.0271525404458311	0.0152040805198626	0.0202876600967263	0.00915206141517816	0.00797990557241916	0.00365024944204637	0.00268184171853217	0.00601436149288852	0.00637319070708481	0.00171252967819905	0.00317561688634423	0.00587133730546955	0.00616146144759654	0.00181369817349034	0.00864363400335351	0.00141583519884662	0.00729483068642727	0.0128709890324545	0.0113372448394797	0.0193815843979433	0.017363884022734	0.004246671736768	0.00152142108216559	0.0133083019933732	0.00519079594041699	0.0318049512284305	0.0212336239292705	0.00470791729928145	0.00168386901934926	0.0117510221399089	0.0113294016838427	0.0121437558654462	0.00270791976103102	0.00964586763257225	0.0130541327274907	0.00164269731828214	0.00335770127142659	0.00632830179529145	0.00602901858603813	0.00939495204348007	0.024148206495446	0.00368133370060401	0.0159872956469234	0.0136851247346963	0.00836383941379704	0.0620408154356008	0.0171395703426861
HMEC_4_2_3	0.0117214421104348	0.00711775660386576	0.00237357923085175	0.00838958325248786	0.0063898414802613	0	0.0114160310574258	0.00771180390582487	0.0106274144779471	0.00315341640377787	0.0111740377056395	0.0113125674839444	0.00167801068750043	0.0182836997458543	0.00307646076092601	0.0229276631572634	0.0213398992104455	0.0152132401665178	0.00686164308552903	0.00660116186106894	0.0097360060401124	0.00776374962796835	0.00142567905210492	0.00339016927881796	0.00468877917500476	0.00863276938456907	0.00929821658082278	0.00995210131367509	0.00548469606449542	0.0131774513128677	0.00568797656409496	0.0106283763099904	0.00770540747016506	0.00712787288684541	0.0251016480016918	0.0237292376294661	0.00532870841684597	0.00619050325132012	0.00792174963763119	0.00289702768388713	0.0375470278305985	0.0269724387195725	0.0110520504783407	0.00470703716221604	0.00680802406692811	0.00507173902690921	0.0182310632904318	0.00898721157520385	0.00864213212693958	0.019388747637332	0.00702148604521635	0.00512321526986185	0.00709467058793863	0.00433854807842841	0.0034014564430275	0.0186962407548298	0.00729974595340262	0.00984847125010343	0.018800496501296	0.00760434812599644	0.0567573430788608	0.0234371282088076
HMEC_4_G2_3E_1	0.00994596946808388	0.0134083572139878	0.009704724827176	0.019777114438425	0.0110916516129456	0.0114160310574258	0	0.0134745620733577	0.0218967700269718	0.0127919884587022	0.0181849982130073	0.0145353626362884	0.0125904512880411	0.0158332681805512	0.0125994588279113	0.0340289146160701	0.0179294669674534	0.0259321572097332	0.0179630718554095	0.0173086585432441	0.0106957337850802	0.0137559712829059	0.00999170495783799	0.0143271791863291	0.0106475220837279	0.00933451758574198	0.006077384663159	0.00640063877624708	0.0123148882851026	0.00794662225628663	0.012066463036468	0.00548157347240625	0.0187703399691679	0.0185289690202407	0.019368039040163	0.0218697104713158	0.014292975589549	0.0124549476371484	0.018808316476297	0.0132459893939914	0.0309135987285542	0.0210837964008553	0.0137097981042478	0.0108682273613381	0.0180459347289941	0.0126319777541244	0.0152463558711734	0.0111445613015976	0.0193420774303448	0.0177901476792133	0.0127331277856172	0.0134698091830568	0.0166378434194404	0.00711083684085728	0.0110279747062403	0.0288336314728858	0.00753678787504779	0.0192744924071279	0.0124941617173925	0.0181054673451878	0.0664289346919145	0.0207949017515996
HMEC_4_G2_3E_2	0.00716898804193111	0.000661809581690059	0.00636361750662621	0.0122347995161616	0.00241811949821749	0.00771180390582487	0.0134745620733577	0	0.0119377427068183	0.00491939209405748	0.00471994704005123	0.00381905679200458	0.00908042545150391	0.0120470752074903	0.0107317395290071	0.0264699961984448	0.015176465355254	0.020133455414417	0.00846048650127987	0.00713477304827238	0.00454911104087626	0.000306394545944778	0.0077203520298709	0.00656175252246495	0.0035968503855498	0.00485821189098993	0.00800817083568907	0.00817607835168518	0.00223227169054948	0.0101889081371111	0.00210091301268516	0.0093563408378671	0.0130084750879851	0.0111475412995747	0.0197775338238813	0.0167415012576238	0.00363117039734501	0.00155863574383908	0.0135389411097623	0.00564890897594765	0.0320603942570064	0.0215856235938315	0.00386860534822827	0.00343956666762459	0.0118490865689187	0.0127827599709658	0.0122714032023233	0.0034730458103048	0.0084211553721774	0.0126310958952323	0.000829757966240152	0.00306214419982341	0.00498850514502346	0.00828671100221456	0.0109992911749979	0.0241530584660321	0.00598101373331339	0.0166555797726174	0.0146794878971539	0.00721918975185794	0.0617528989113455	0.0167560194579565
HMEC_4_G2_3G_3	0.0189521547834179	0.0114092503745467	0.0122110337888043	0.0038806828148629	0.0129667550555766	0.0106274144779471	0.0218967700269718	0.0119377427068183	0	0.00934034176250481	0.0108434294615577	0.0151516648432081	0.00994237298681161	0.0237683320478088	0.0109356517428353	0.0146580023465494	0.0268480354256102	0.00977928519729869	0.00398664247611823	0.00499220121559379	0.0163438623596339	0.0116963648554944	0.0120074018144559	0.00758341295604026	0.0122080615435238	0.0161421099454493	0.0183962928057521	0.0188610564915519	0.0111542693028132	0.0215988098476897	0.0115510004019392	0.019863134669578	0.00625600364497104	0.00441795158799106	0.0316546157294077	0.0276640903885867	0.00872179004632589	0.011559893343091	0.00690485237354215	0.00873798429925053	0.0438065591992708	0.0334358967239924	0.0155476273713513	0.0120254732422928	0.00580074279110495	0.0126511998622014	0.0240891006779471	0.0152634445580742	0.0035703976952901	0.0239968580177854	0.0120101743032115	0.00961107233688017	0.00695872928624244	0.0148007721988187	0.0126020825957185	0.0139710842117674	0.0160679257897315	0.0107639212291715	0.0265409124866481	0.00471871596753541	0.0502872760850058	0.0280250768770134
HMEC_4_G2_4A_1	0.0104023070955316	0.00427261120666864	0.00321012910900314	0.00828300380577088	0.00437092493354172	0.00315341640377787	0.0127919884587022	0.00491939209405748	0.00934034176250481	0	0.00802278092829734	0.0087051340991769	0.00424063700958629	0.0164245765566317	0.00594809850717643	0.0230044959947287	0.0195471493629662	0.0159387969320691	0.00535576721349891	0.00453038624103758	0.00801854973284674	0.0049021028551125	0.00381498782405628	0.00204125585796132	0.0030602561114881	0.00732920261912345	0.00911322512499581	0.0096274729154924	0.00285863027101124	0.0125720985161553	0.00319243638567607	0.0105716475969718	0.00850028759250071	0.00704579378372422	0.0237434557555076	0.0215039898758709	0.00218630186768424	0.0035663637151048	0.00894308260603682	0.000819882448693465	0.0361715594184909	0.0255981252534736	0.00861035793804699	0.00292839219506085	0.0073827303257507	0.0080987939945015	0.0165034309066851	0.00706655988877911	0.00655089251866975	0.0172741936751232	0.00437923219313474	0.00202448466436909	0.00419528043344388	0.00592313092174207	0.00655122497716961	0.0197786387323096	0.00680737277316436	0.0117931838805616	0.0178979880438783	0.00532009698160904	0.057701515716572	0.0213876980690943
HMEC_4_G2_4A_2	0.0108161852848154	0.00489254374565436	0.0105037963194882	0.0126176562361318	0.00713259264142363	0.0111740377056395	0.0181849982130073	0.00471994704005123	0.0108434294615577	0.00802278092829734	0	0.00538596981850625	0.0121305522569201	0.0136378298045368	0.0138583946193122	0.025359468148802	0.0165563819277941	0.020278164851094	0.00866211772910785	0.0073667391784451	0.00845647553575674	0.00445088055696084	0.01162349101352	0.00874777074759021	0.00805593510931154	0.0092568536924826	0.012568270986345	0.0126382712309748	0.00637861127385913	0.0141300917729188	0.00646528869457306	0.0138315867240523	0.0141343527170183	0.0118721640323071	0.0216781897813124	0.0168941090800878	0.00588085635446746	0.00596343358707861	0.0147864351194912	0.00843710473397304	0.0334348111368279	0.0233525325783701	0.00613327414096279	0.00785952128967705	0.0130163128759478	0.0160547041640856	0.0141326818417302	0.00755066655817662	0.00745100509328135	0.0134850183498665	0.00549928355810287	0.0060861802862167	0.00504599227844713	0.0127759235201453	0.0145734056378333	0.0244681629295994	0.0106664033941515	0.0184746815857333	0.0177205108842262	0.00676714652658448	0.0610724980730123	0.0173809389068466
HMEC_4_G2_4A_3	0.00570595240687412	0.00448071123949736	0.00961465477312042	0.0158953661182405	0.0050919637698816	0.0113125674839444	0.0145353626362884	0.00381905679200458	0.0151516648432081	0.0087051340991769	0.00538596981850625	0	0.0127800234321323	0.00862532989133313	0.0143788138334253	0.0298007672234806	0.0116986128835164	0.0238019159741395	0.0120056515390708	0.0106395786894494	0.00386938036850543	0.00391003311285124	0.0110850564625462	0.0103789063853944	0.006765500145547	0.00521782880527142	0.00848977318162585	0.00832216084965465	0.00589579296230013	0.00908001820706062	0.00563981370224385	0.00946630905520653	0.0167929483985798	0.014860706654571	0.0165891887386561	0.0129533061523705	0.00739426111511469	0.00517407136597877	0.0173370216893923	0.00945531590773211	0.0286626960788119	0.0183346506415468	0.000882920834448121	0.0066869062142144	0.0156311622461321	0.0163428490336149	0.00899601909837265	0.00345588822964284	0.0115816718436428	0.00894302950242658	0.00434132281847503	0.00688027126228656	0.00828538508135159	0.010936667123829	0.0144541450035715	0.0278680583512412	0.00728039177171468	0.0204701369213203	0.0123349931452531	0.0105121887034968	0.0652777770189651	0.0130493897224095
HMEC_4_G2_4B_1	0.0133980489550899	0.00845504145127569	0.00403959406638079	0.00723882414364777	0.00796846176380693	0.00167801068750043	0.0125904512880411	0.00908042545150391	0.00994237298681161	0.00424063700958629	0.0121305522569201	0.0127800234321323	0	0.0199348275458379	0.00172830994029599	0.0215251875986095	0.0229997841871378	0.0136718873915898	0.0064966801314198	0.00658080204706955	0.0113845659345662	0.00909622344119507	0.00285620006477347	0.00360712152773794	0.0062906249243698	0.0103057440338117	0.010918053693968	0.0115840577781545	0.00689231355633496	0.0148244505140993	0.0071418925246954	0.0122185627292364	0.00624247430222014	0.0060315904086791	0.0267789674039739	0.0253290283739658	0.00626051925053798	0.00761219447994214	0.00638615161539426	0.00369963609934591	0.039223275659919	0.0286497032923082	0.0125739081776155	0.00628728652157828	0.00545718984637173	0.00393074775622156	0.0198941388276462	0.0106072094059916	0.00849850217194196	0.0210056580420893	0.008447836250936	0.0062631399610999	0.0076248239623737	0.00568337207116889	0.00284701309268308	0.0170729076851226	0.00896424434988696	0.00817130989247355	0.0204621719291494	0.00764178331484474	0.0551301400339665	0.025068180668474
HMEC_4_G2_4B_2	0.00689483878539052	0.0126683641049129	0.0160679225395662	0.0242715755058022	0.0120924012405067	0.0182836997458543	0.0158332681805512	0.0120470752074903	0.0237683320478088	0.0164245765566317	0.0136378298045368	0.00862532989133313	0.0199348275458379	0	0.0212674726349305	0.0384047912648438	0.00313489215123001	0.032154206710715	0.0204931391523307	0.0191486411122527	0.0085515007495011	0.0122342407972448	0.0175457720407706	0.0183548900163782	0.0136817523331845	0.00973651916466224	0.0108637191481314	0.0101990823345646	0.0136164475794949	0.00789059429902144	0.0132510716789477	0.0106282247827746	0.0248859123108235	0.0231575207901167	0.00804153837434975	0.00608006985569037	0.0156511775945228	0.0129630216816029	0.02535778296494	0.0172395647202605	0.0200532375450995	0.00973383767303654	0.00824573779658156	0.0137192806977325	0.0237440500055804	0.022847987111918	0.000879478939492764	0.00938660687278133	0.0201988745413537	0.00210282090195181	0.0122511177536159	0.0149588207303845	0.0168609670908659	0.0160915603830937	0.0207916737729786	0.0361232914943203	0.0116093108459587	0.0280493115026883	0.00612149368071642	0.0191026672659158	0.0737742955636982	0.00529220157361755
HMEC_4_G2_4B_3	0.0145950571670684	0.0101182768825103	0.00520517062190646	0.00778976497965969	0.00946206409823129	0.00307646076092601	0.0125994588279113	0.0107317395290071	0.0109356517428353	0.00594809850717643	0.0138583946193122	0.0143788138334253	0.00172830994029599	0.0212674726349305	0	0.0214541029638239	0.0242950533627838	0.0133437824642928	0.00782250324833934	0.00809153027748087	0.0127404630282688	0.0107625021171548	0.0037681411901476	0.00527681970264076	0.00775606252763845	0.0115572267752061	0.0117588489925344	0.0124567645733897	0.00852033648296967	0.0157294641336098	0.00874437268225168	0.0129610433201386	0.00629346810029659	0.00671275063284838	0.0278857027691959	0.0267795655160244	0.0079884490520995	0.00923449090045077	0.00624428152652062	0.00542744147678462	0.040302416497015	0.0297560894927625	0.0141279014270172	0.00778088745638692	0.00578668478401803	0.00221292996509427	0.0211786752791615	0.0120326703173173	0.00991061268611934	0.0224261432905574	0.0100690529597142	0.00797251159666462	0.00930727224761845	0.00616135848365819	0.00174826552300898	0.0164512556355424	0.0100018468301853	0.00715552569350409	0.0214168877220993	0.0091591791628765	0.0544202114136845	0.026454280825659
HMEC_4_G2_4C_1	0.0332538235316718	0.025898562965567	0.0251267320573864	0.014749044242392	0.0271525404458311	0.0229276631572634	0.0340289146160701	0.0264699961984448	0.0146580023465494	0.0230044959947287	0.025359468148802	0.0298007672234806	0.0215251875986095	0.0384047912648438	0.0214541029638239	0	0.0414929668718322	0.00838999937621318	0.0180583651019274	0.0193447148541175	0.0307070742952047	0.0262493679744187	0.0243124718903502	0.0209775898769673	0.0260611760352247	0.0302739229464931	0.0319755826798777	0.0325507944628232	0.0253654194442571	0.0355707487482008	0.0257659034620323	0.0333909038759194	0.0152868894620382	0.0160165131551393	0.0462361427160951	0.0422423905567664	0.0230263289405032	0.0258799097238868	0.0152245797508415	0.0222366920092461	0.0584386969133545	0.048034664246005	0.0301708549420673	0.0259178417005238	0.0161206470480698	0.0218858945029552	0.0387015443800577	0.0296502257177643	0.018224608817387	0.0386455090126121	0.026438049176808	0.023849519877195	0.0215549707437262	0.0272004104336382	0.0231043067172281	0.00778021676080956	0.0297405150783008	0.0157168563454191	0.0408307581263552	0.0193098881841996	0.0357756810332299	0.0426568431202978
HMEC_4_G2_4C_3	0.00977368742934227	0.0158002535184286	0.0190913317629403	0.0274035032279321	0.0152040805198626	0.0213398992104455	0.0179294669674534	0.015176465355254	0.0268480354256102	0.0195471493629662	0.0165563819277941	0.0116986128835164	0.0229997841871378	0.00313489215123001	0.0242950533627838	0.0414929668718322	0	0.0352870591949004	0.0236150016372019	0.0222667401445363	0.0116293392145555	0.0153598773997134	0.0205528837293959	0.021484891273291	0.0167725492623273	0.012740813176338	0.0135051856728361	0.0128048008671464	0.0167465371801448	0.0100833175911194	0.0163791554862386	0.0130495415856749	0.0280154582891328	0.0262913307524692	0.00534272693333408	0.00441134143887318	0.0187842297080125	0.0160959560940618	0.0284834524555913	0.0203632847574559	0.0169683277557243	0.00684947040265685	0.0113592279522143	0.0168172210893738	0.0268749807158949	0.0258141955473897	0.00311995571829088	0.012496485289353	0.0232788514160275	0.00328875580236891	0.015385726196458	0.0180932666069137	0.0199630164047546	0.0189505291926664	0.023750669964474	0.0392552002379153	0.0145015223405009	0.0311338336680704	0.00641766077924909	0.0222001689706594	0.0768916415162929	0.00295452508011939
HMEC_4_G2_4D_1	0.0263360625517668	0.0194990082408028	0.0175335458119978	0.00790872255094732	0.0202876600967263	0.0152132401665178	0.0259321572097332	0.020133455414417	0.00977928519729869	0.0159387969320691	0.020278164851094	0.0238019159741395	0.0136718873915898	0.032154206710715	0.0133437824642928	0.00838999937621318	0.0352870591949004	0	0.0118397774465362	0.0132140438138952	0.0239350269822006	0.0199699385355834	0.0165234432606379	0.0139159748983965	0.0189521106753731	0.0232454340597391	0.0244828102040868	0.0251127861372221	0.0186084586738337	0.0282742975771057	0.0189933455752421	0.0258362449777185	0.00754836458547097	0.00900068341639113	0.0396605222318727	0.0366945912568848	0.0165110509377025	0.019224587486274	0.00729342780219913	0.0151246831773474	0.0520589357999643	0.0415077516228325	0.0239917286734509	0.0188454568631736	0.00858963297228136	0.0135679178339491	0.0323182514113609	0.0229430416995354	0.0128427469422517	0.032731586044234	0.0199097768548203	0.0172059313606197	0.0156416223492771	0.0193272666933045	0.0149191054836619	0.00420653011988782	0.0223663005325833	0.00733574844417166	0.0337693214212098	0.0135678658680349	0.041779064185611	0.0368442473296767
HMEC_4_G2_4D_2	0.0152261662342496	0.00786517148037917	0.00826068286159587	0.00399005954119939	0.00915206141517816	0.00686164308552903	0.0179630718554095	0.00846048650127987	0.00398664247611823	0.00535576721349891	0.00866211772910785	0.0120056515390708	0.0064966801314198	0.0204931391523307	0.00782250324833934	0.0180583651019274	0.0236150016372019	0.0118397774465362	0	0.00137451054702476	0.0126578863659386	0.00826145076101174	0.0081824262336199	0.00363824723243468	0.00826688848603222	0.012314930146594	0.0144361562193518	0.0149183406903003	0.00734456778934778	0.0177306365412049	0.00774575374651913	0.0159008408501577	0.00555685456905158	0.00322977240817856	0.0282217200187296	0.0248637387874475	0.00497014445942705	0.00782907200567992	0.00623988686053746	0.00475659920429946	0.0405157767152488	0.030037350970665	0.0122601970896175	0.00809243604255813	0.00451007111123797	0.00984238862671542	0.0207309529914968	0.0115961339805899	0.00215386511890111	0.0209475809512045	0.00838383673165106	0.0058103914683058	0.00380716048101312	0.0108941439160461	0.00931749188161663	0.0159711033733364	0.0121127616142499	0.0101238079355283	0.0228207424747801	0.00196457831388753	0.053319543024568	0.0250479222783753
HMEC_4_G2_4D_3	0.0140039580706702	0.00655534500595018	0.00763845756536327	0.00535230344206793	0.00797990557241916	0.00660116186106894	0.0173086585432441	0.00713477304827238	0.00499220121559379	0.00453038624103758	0.0073667391784451	0.0106395786894494	0.00658080204706955	0.0191486411122527	0.00809153027748087	0.0193447148541175	0.0222667401445363	0.0132140438138952	0.00137451054702476	0	0.0114132474950454	0.00692551370618487	0.00780259169872462	0.00321326017215558	0.00724750493226554	0.0111549865025626	0.0134452175303795	0.0138905447077774	0.00616636309557298	0.0166076135329747	0.00656453455881887	0.0149136159171652	0.00677483798508313	0.0045106508733701	0.026909402041301	0.0234897894038839	0.00374216466479986	0.00659797350037804	0.00743708966806196	0.00408686410578086	0.0391813714827082	0.0287186104424602	0.0109089896544112	0.0070581725064651	0.00567384202313378	0.0102235562387869	0.0193997177678958	0.0103414638609387	0.00206706865503804	0.0195810362195329	0.00710444652194353	0.00462236823809498	0.00243842049007902	0.0103374411936661	0.00942548526974697	0.0173421207126396	0.0111135422539827	0.0112271705085168	0.0216005657702844	0.00106770205824954	0.0546704961863031	0.0236787653815665
HMEC_5_1_1	0.00262640098215564	0.0049761832272674	0.00755990628110281	0.016162011152811	0.00365024944204637	0.0097360060401124	0.0106957337850802	0.00454911104087626	0.0163438623596339	0.00801854973284674	0.00845647553575674	0.00386938036850543	0.0113845659345662	0.0085515007495011	0.0127404630282688	0.0307070742952047	0.0116293392145555	0.0239350269822006	0.0126578863659386	0.0114132474950454	0	0.00483698425977515	0.00905812079371563	0.0100226467877538	0.00514668658345605	0.00154915398921301	0.00462943442635828	0.00445699375634501	0.00536406946040392	0.00572430048306921	0.00496811056352714	0.00561400412041165	0.0165173874090162	0.0149736784224065	0.0157324590475101	0.0141004808411721	0.00768886001365285	0.00482932712258834	0.0169461132288738	0.00883815413118022	0.0281568634538915	0.0175840038065478	0.00302054593460504	0.0052004687097497	0.0154001624076366	0.0144080502493383	0.00853958268089751	0.00108590253213348	0.0128898703504645	0.00971380385650322	0.00433721485961955	0.00686087797138982	0.00946442834569212	0.00803741456729127	0.0123766342929332	0.0277950238219648	0.00377205910323948	0.0195086205554859	0.0101988023043837	0.0116478846284225	0.0656800048368083	0.013717250449698
HMEC_5_1_2	0.00745292778328232	0.000646025354600379	0.00649747518032065	0.0120660751869074	0.00268184171853217	0.00776374962796835	0.0137559712829059	0.000306394545944778	0.0116963648554944	0.0049021028551125	0.00445088055696084	0.00391003311285124	0.00909622344119507	0.0122342407972448	0.0107625021171548	0.0262493679744187	0.0153598773997134	0.0199699385355834	0.00826145076101174	0.00692551370618487	0.00483698425977515	0	0.00782667619623098	0.00647742760823484	0.00377368452252609	0.00516441163910347	0.00831103590533527	0.00848179863248329	0.00231497190785317	0.0104883228501911	0.00223359492042294	0.00966159339587388	0.0128878702495522	0.0109941804500026	0.0199964498950623	0.0168559310085465	0.00349223014663122	0.00168755902195493	0.0134281472730481	0.00560869234297886	0.0322606180028122	0.0217993911241754	0.00402273718654537	0.00360588604550656	0.011726758534855	0.0128343199685686	0.0124748967215032	0.00376474913334542	0.00816905607465902	0.0127763310824538	0.00105507861901927	0.00298732098788915	0.00474041285387711	0.00848628719642817	0.0110777626804796	0.0240040870567784	0.00627246529671268	0.0165929422407151	0.0149483488814792	0.00697864950557815	0.0615644468441426	0.016898883387209
HMEC_5_1_3	0.0108319393786003	0.00719291032026058	0.00151046707147115	0.00981245134025657	0.00601436149288852	0.00142567905210492	0.00999170495783799	0.0077203520298709	0.0120074018144559	0.00381498782405628	0.01162349101352	0.0110850564625462	0.00285620006477347	0.0175457720407706	0.0037681411901476	0.0243124718903502	0.0205528837293959	0.0165234432606379	0.0081824262336199	0.00780259169872462	0.00905812079371563	0.00782667619623098	0	0.00460691538101124	0.00432002063748813	0.00781555344641741	0.00809241088793023	0.0087713555989282	0.00551380816537731	0.0120304786502315	0.00562272556844409	0.00937075875529135	0.00905729753393666	0.00855251567582943	0.0241235680602261	0.0231474040416625	0.00596272799001875	0.00616188732387063	0.00923314339521515	0.00383884367478492	0.0365484205649451	0.0259944580489819	0.010720028407165	0.00440395601045371	0.00819721074711209	0.0053637285624096	0.0174342723251389	0.00842830962367551	0.00986499883129701	0.0187695012308049	0.00695410069440526	0.00555112381624384	0.00798246425244359	0.00291641889985102	0.00338295815960205	0.0199162111046804	0.00624161664823666	0.0108571207660582	0.0176982591013811	0.00876214775799597	0.0579618889570009	0.0227625570509616
HMEC_5_2_1	0.0124360887861129	0.00590004229317679	0.00462901080477868	0.00624487840402768	0.00637319070708481	0.00339016927881796	0.0143271791863291	0.00656175252246495	0.00758341295604026	0.00204125585796132	0.00874777074759021	0.0103789063853944	0.00360712152773794	0.0183548900163782	0.00527681970264076	0.0209775898769673	0.021484891273291	0.0139159748983965	0.00363824723243468	0.00321326017215558	0.0100226467877538	0.00647742760823484	0.00460691538101124	0	0.00509885973190975	0.00936955917225015	0.0110700887730796	0.0116102115041766	0.00473920123684757	0.0145975843418411	0.00510970842877939	0.0125166426559437	0.00653254176206145	0.00500461521941904	0.0257532593524217	0.0232891587407107	0.00309980586756776	0.00540180079609433	0.00701736867303234	0.00125995727217945	0.03816986365399	0.0276041197737759	0.0103854397130815	0.00496961079331149	0.00539444143292325	0.00748611247622001	0.0184646006520488	0.0090444792381429	0.00526515583864976	0.0191205936365388	0.00616044887848252	0.00349974832480123	0.00403082425826814	0.00725774186727751	0.00638350781937439	0.0177933002362253	0.00878954084071007	0.0101348845156174	0.019938956487737	0.0042163229773312	0.0556797539963996	0.0232436199478538
HMEC_5_2_2	0.00739637353827406	0.00320858496409844	0.00285851776527513	0.0113427912902553	0.00171252967819905	0.00468877917500476	0.0106475220837279	0.0035968503855498	0.0122080615435238	0.0030602561114881	0.00805593510931154	0.006765500145547	0.0062906249243698	0.0136817523331845	0.00775606252763845	0.0260611760352247	0.0167725492623273	0.0189521106753731	0.00826688848603222	0.00724750493226554	0.00514668658345605	0.00377368452252609	0.00432002063748813	0.00509885973190975	0	0.00429421532484574	0.00619804367154624	0.00665452737109309	0.00172243042096438	0.00952127064671594	0.00159135732479975	0.00766655252720204	0.0114589862450273	0.0101021480283543	0.0207904050345249	0.0190456879927395	0.00374567687485674	0.00211189035706672	0.0118532775916823	0.00385009300786971	0.0332372038413156	0.0226528020671751	0.00641595067570634	0.000220723631473817	0.010369831331933	0.00961833183766901	0.0136859336183391	0.00431918226482476	0.00911341033504504	0.0147162868813388	0.00277584271861906	0.00286664667441211	0.0060677303634419	0.00473144314465815	0.00769449087718793	0.022729408953888	0.00386618368631772	0.0143706852787728	0.0148465233003989	0.00782442003724322	0.0607041730008614	0.018783721884333
HMEC_5_2_3	0.00311816094369405	0.00510684419405338	0.00635258485849497	0.0155993056145745	0.00317561688634423	0.00863276938456907	0.00933451758574198	0.00485821189098993	0.0161421099454493	0.00732920261912345	0.0092568536924826	0.00521782880527142	0.0103057440338117	0.00973651916466224	0.0115572267752061	0.0302739229464931	0.012740813176338	0.0232454340597391	0.012314930146594	0.0111549865025626	0.00154915398921301	0.00516441163910347	0.00781555344641741	0.00936955917225015	0.00429421532484574	0	0.00336738563091674	0.00338157611977818	0.00498879726910104	0.0054793197378015	0.00459143971195556	0.00457495152443932	0.0157484144955616	0.0143720612060677	0.0165326916280152	0.0154570431429195	0.00742169096213889	0.00462678666208627	0.0161302672752774	0.00813327317058157	0.0289868837407239	0.0183998167041066	0.00442434708499423	0.00440456427302839	0.0146633834031578	0.0131160415704234	0.00962297781268063	0.00181800253036128	0.0128041045163339	0.0110542178240172	0.00439000719697293	0.00653274883872075	0.00944620659952962	0.00655516306533232	0.0110635411767954	0.0270106264582912	0.00222308169217522	0.0184731628331183	0.0105750501918919	0.0115272340801344	0.0649908972949605	0.0149795062219292
HMEC_5_3_1	0.00418366329717756	0.00812158288177526	0.00695166467190282	0.0172366968719019	0.00587133730546955	0.00929821658082278	0.006077384663159	0.00800817083568907	0.0183962928057521	0.00911322512499581	0.012568270986345	0.00848977318162585	0.010918053693968	0.0108637191481314	0.0117588489925344	0.0319755826798777	0.0135051856728361	0.0244828102040868	0.0144361562193518	0.0134452175303795	0.00462943442635828	0.00831103590533527	0.00809241088793023	0.0110700887730796	0.00619804367154624	0.00336738563091674	0	0.000727071065163616	0.00751254873357574	0.00398568147120282	0.00716310506605085	0.0014685386559323	0.0169429151896144	0.0159645451122596	0.0163440179272826	0.0169103838828965	0.00987295954337291	0.00738652203880739	0.017204605036562	0.00981812695448935	0.0286664281757933	0.0182009058861652	0.0076495217886279	0.00639007366909879	0.0159614448797606	0.0128333533569502	0.0104833131022717	0.00517898839069103	0.0152920034012653	0.012585012197317	0.00739741943671295	0.00896628765798565	0.0121132831066346	0.0057514604974907	0.0107924277622638	0.0279868629442539	0.00233193101603241	0.0189101494285669	0.00968658284871764	0.0140006310945984	0.0660318947180261	0.0161197275461019
HMEC_5_3_2	0.00363533149381365	0.00834495779001505	0.0075933107392876	0.0178061010565684	0.00616146144759654	0.00995210131367509	0.00640063877624708	0.00817607835168518	0.0188610564915519	0.0096274729154924	0.0126382712309748	0.00832216084965465	0.0115840577781545	0.0101990823345646	0.0124567645733897	0.0325507944628232	0.0128048008671464	0.0251127861372221	0.0149183406903003	0.0138905447077774	0.00445699375634501	0.00848179863248329	0.0087713555989282	0.0116102115041766	0.00665452737109309	0.00338157611977818	0.000727071065163616	0	0.00786896389119661	0.00327507606928388	0.00750403253215499	0.00119342353311084	0.0175682946498601	0.0165376331465288	0.0156177214261795	0.0162588470682955	0.0102665080712701	0.00768279972883364	0.0178434140766843	0.0103531011269026	0.0279455395698844	0.0174751305131677	0.00746123803015934	0.00683631086777493	0.0165728683058653	0.0135541130005867	0.00979814567017035	0.00513924139432619	0.015698234598637	0.0119546186628701	0.0076182297209174	0.00935731094042172	0.0124643527726818	0.0064734060837965	0.0115104156217094	0.0286458933982716	0.00282151605050205	0.0196042238301223	0.00897380237679956	0.0144069085730868	0.066692979351453	0.0154407830674241
HMEC_5_3_3	0.00789148249597358	0.00167919243776761	0.00421552761803021	0.010801703356722	0.00181369817349034	0.00548469606449542	0.0123148882851026	0.00223227169054948	0.0111542693028132	0.00285863027101124	0.00637861127385913	0.00589579296230013	0.00689231355633496	0.0136164475794949	0.00852033648296967	0.0253654194442571	0.0167465371801448	0.0186084586738337	0.00734456778934778	0.00616636309557298	0.00536406946040392	0.00231497190785317	0.00551380816537731	0.00473920123684757	0.00172243042096438	0.00498879726910104	0.00751254873357574	0.00786896389119661	0	0.0104502758898918	0.000401300520377329	0.00896514292738394	0.0112715607077336	0.00962457909462081	0.0210700461355785	0.0186461657536018	0.00243767039466422	0.000721749978048585	0.0117476932026128	0.00365337815900631	0.03346477176537	0.0229125067294186	0.00575739339540003	0.00151044391942328	0.0101317658957454	0.0105541600839349	0.0137311033199288	0.00434108935075214	0.00785718795392379	0.0144214249185876	0.00155616011290647	0.00154403570367292	0.00460141080162787	0.00640078278682568	0.00876918106696084	0.0225253053330091	0.00522267789912628	0.014648747511166	0.0154809990897752	0.00657036162483483	0.0603458600556746	0.0185384542221259
HMEC_5_4_1	0.00337413192638471	0.0105239709421196	0.0108073041628503	0.0208359434618006	0.00864363400335351	0.0131774513128677	0.00794662225628663	0.0101889081371111	0.0215988098476897	0.0125720985161553	0.0141300917729188	0.00908001820706062	0.0148244505140993	0.00789059429902144	0.0157294641336098	0.0355707487482008	0.0100833175911194	0.0282742975771057	0.0177306365412049	0.0166076135329747	0.00572430048306921	0.0104883228501911	0.0120304786502315	0.0145975843418411	0.00952127064671594	0.0054793197378015	0.00398568147120282	0.00327507606928388	0.0104502758898918	0	0.0100569385320754	0.00307351609016754	0.020728204145708	0.0195804720489254	0.012418726367805	0.0139270232372186	0.01288759694673	0.010105780864847	0.0210302223320828	0.0133388374996511	0.0246927881767549	0.0142639355886696	0.00820915851105189	0.00967450902230561	0.0197046428806176	0.0168134615123346	0.00730445372150571	0.00674618764605615	0.0182824834448395	0.00987563474605858	0.00982454525454209	0.0119907981633361	0.0149209040472559	0.00973173758219333	0.0147764912870613	0.0318643201710341	0.00591069331192472	0.0228734593208141	0.00570102543132929	0.0170043137946337	0.069907089568401	0.0128922822177935
HMEC_5_4_2	0.00749066317151506	0.00163435055528459	0.00426627860708664	0.0111952294940035	0.00141583519884662	0.00568797656409496	0.012066463036468	0.00210091301268516	0.0115510004019392	0.00319243638567607	0.00646528869457306	0.00563981370224385	0.0071418925246954	0.0132510716789477	0.00874437268225168	0.0257659034620323	0.0163791554862386	0.0189933455752421	0.00774575374651913	0.00656453455881887	0.00496811056352714	0.00223359492042294	0.00562272556844409	0.00510970842877939	0.00159135732479975	0.00459143971195556	0.00716310506605085	0.00750403253215499	0.000401300520377329	0.0100569385320754	0	0.00861012571698174	0.011640379655925	0.0100139452432594	0.0206807040576485	0.0183246332162038	0.00283134562260479	0.000546242539872336	0.0121090855876509	0.00399828765172147	0.0330802859912796	0.0225246625320239	0.00545734057640831	0.00140087403956739	0.0105039666391808	0.0107456882287947	0.0133557646267669	0.00395167959664625	0.00824142498428007	0.0140828020146964	0.00134114817536226	0.00194288934840688	0.00496052721964392	0.00632058106839922	0.00892301535601313	0.022900623657253	0.00488986987515637	0.0149663638461051	0.0150797846294568	0.00695646222552152	0.060734230334202	0.0181959825467126
HMEC_5_5_1	0.00446928580290159	0.00950926833264569	0.00831136875236004	0.0186611891217622	0.00729483068642727	0.0106283763099904	0.00548157347240625	0.0093563408378671	0.019863134669578	0.0105716475969718	0.0138315867240523	0.00946630905520653	0.0122185627292364	0.0106282247827746	0.0129610433201386	0.0333909038759194	0.0130495415856749	0.0258362449777185	0.0159008408501577	0.0149136159171652	0.00561400412041165	0.00966159339587388	0.00937075875529135	0.0125166426559437	0.00766655252720204	0.00457495152443932	0.0014685386559323	0.00119342353311084	0.00896514292738394	0.00307351609016754	0.00861012571698174	0	0.0183078624943053	0.0173868149421669	0.0154707855020348	0.0167073597935098	0.0113362194600712	0.0088148664591469	0.0185485454612147	0.0112680739755178	0.0276786769108786	0.0173068585724373	0.00859798453279527	0.00785844910343957	0.0173456399126306	0.0138921977687247	0.0101431590264575	0.00632763417118394	0.0167581164300719	0.0124874319836954	0.00878279839578142	0.0104287614707657	0.0135662558695512	0.00684422925000912	0.0118850076504971	0.0292848038378633	0.00380046092296378	0.0201139121652053	0.0086681697360017	0.0154666491300665	0.0673139912653912	0.0157852305415728
