	HMEC_4_1_1	HMEC_4_1_2	HMEC_4_1_3	HMEC_4_2_1	HMEC_4_2_2	HMEC_4_2_3	HMEC_4_G2_3E_1	HMEC_4_G2_3E_2	HMEC_4_G2_3F_1	HMEC_4_G2_4A_1	HMEC_4_G2_4A_2	HMEC_4_G2_4A_3	HMEC_4_G2_4B_1	HMEC_4_G2_4B_2	HMEC_4_G2_4B_3	HMEC_4_G2_4C_1	HMEC_4_G2_4C_2	HMEC_4_G2_4C_3	HMEC_4_G2_4D_1	HMEC_4_G2_4D_2	HMEC_4_G2_4D_3	HMEC_5_1_1	HMEC_5_1_2	HMEC_5_1_3	HMEC_5_2_1	HMEC_5_2_2	HMEC_5_2_3	HMEC_5_3_1	HMEC_5_3_2	HMEC_5_3_3	HMEC_5_4_1	HMEC_5_4_2	HMEC_5_4_3	HMEC_5_5_2	HMEC_5_5_3	HMEC_5_6_1	HMEC_5_6_2	HMEC_5_6_3	HMEC_5_7_2	HMEC_5_7_3	HMEC_5_8_1	HMEC_5_8_2	HMEC_5_8_3	HMEC_5_9_1	HMEC_5_9_2	HMEC_5_9_3	HMEC_Root1_1	HMEC_Root1_2	HMEC_Root1_3	HMEC_Root2_1	HMEC_Root2_2	HMEC_Root2_3	HMEC_STAT_2_1	HMEC_STAT_2_2	HMEC_STAT_2_3	HMEC_STAT_3_1	HMEC_STAT_3_2	HMEC_STAT_3_3	HMEC_STAT_4_1	HMEC_STAT_4_2	HMEC_STAT_4_3	HMEC_STAT_G2_3B_1	HMEC_STAT_G2_3B_2	HMEC_STAT_G2_3C_1	HMEC_STAT_G2_3C_2	HMEC_STAT_G2_3C_3
HMEC_4_1_1	0	0.00781857736512475	0.00473231132254373	0.0122901255828406	0.00193265717246899	0.00732857729426107	0.0371742683631061	0.011029382093646	0.000884075217226085	0.0120242427717045	0.00180854759653135	0.0109633418041677	0.00635640437013628	0.00259839034778987	0.00186551776720579	0.0152764670622763	0.0130798428628751	0.00793556661214634	0.0105517755009865	0.00439850229309696	0.0029497332145226	0.00439175769724334	0.00126617994764277	0.00841622875012516	0.000644703575382325	0.00537156828133258	0.00253508055323985	0.000522991393855827	0.00522006915361751	0.000437785168899056	0.00822132595875549	0.000833741021602752	0.00777093415895251	0.00985065322519395	0.0116033499263864	0.0114233609665277	0.00261425560822133	0.000525324701014401	0.00632497320448234	0.00814821666796427	0.00438829814353299	0.00266283114810541	0.00668041015826444	0.00274179640766656	0.00982281927909523	0.00798221743494902	0.0124302114881592	0.00175913089018613	0.0108338257146686	0.0071284210228169	0.000148244910407943	0.00626759238171052	0.0155035901859852	0.000282368084027755	0.0169562450351277	0.00466372667757024	0.00289785278877325	0.00215126988942898	0.0141667880817527	0.00236738454543013	3.57196511201982e-05	0.0175165545677092	0.0150540840971834	0.011568509672131	0.0049552580960914	0.0147241029687354
HMEC_4_1_2	0.00781857736512475	0	0.00308630903411705	0.00447170923512025	0.00975117882970033	0.000490010624274201	0.0293588427797276	0.00321090856653493	0.00870262985482283	0.00420581359731486	0.00962707349869591	0.00314486553637547	0.00146220032551545	0.00522022699768883	0.00968404173220889	0.00745822290562863	0.0052614670296789	0.0157537729910082	0.00273328272493844	0.00342011936217445	0.0107682166256272	0.0122101762978759	0.00908472332464897	0.000597666157363688	0.00846326482499612	0.00244704775966899	0.0052835362927619	0.00834155587491993	0.00259854812729107	0.00738080173346912	0.000402758319186358	0.00865229707778396	4.7644293939701e-05	0.00203213459664967	0.00378490128620829	0.0192412845665769	0.00520436185873298	0.00834388912096638	0.00149363194116932	0.000329647192703435	0.0034303235410966	0.00515578668146509	0.0011381895610562	0.00507682198171725	0.0176408817826084	0.0158004205165079	0.0046118020634154	0.00605947791015861	0.0186518022841329	0.0149466823755701	0.00796681878825439	0.00155101357052865	0.00768536123435825	0.00753621556276558	0.0247735683340682	0.0124821316608785	0.0107163383001062	0.00566734342162827	0.00634847391866101	0.00545123086312163	0.00778285853498802	0.00969847336824325	0.00723582534128327	0.0037500594667544	0.0127736479907495	0.00690582307596908
HMEC_4_1_3	0.00473231132254373	0.00308630903411705	0	0.00755797929361542	0.00666494540276218	0.00259629988135736	0.0324440687913739	0.00629719426511588	0.00561637764441543	0.00729208725738438	0.00654083771380689	0.00623115195376399	0.00162411145710249	0.00213393088610086	0.00659780702519289	0.0105444414078339	0.00834772543656479	0.0126676970095112	0.00581957339609772	0.000333811650896023	0.00768200388719127	0.0091239970692679	0.00599847765995185	0.00368397264640899	0.00537700868848298	0.000639263085973142	0.00219724072645479	0.00525529779368603	0.000487762374652609	0.0042945295191857	0.00348906572871997	0.00556604403065643	0.00303866490757551	0.00511843161807619	0.00687118031637503	0.0161553393671632	0.0021180656119528	0.00525763107667255	0.00159267984625871	0.00341595492477244	0.000344015874508283	0.0020694900244551	0.00194812203880429	0.00199052466949833	0.0145548729621473	0.0127143460928931	0.00769807015920153	0.00297318978646195	0.0155658329380641	0.0118605802587793	0.00488055493726099	0.00153529821975795	0.0107715749827197	0.00444994548811826	0.0216878904645816	0.00939595930240768	0.00763012444743124	0.00258105136116191	0.00943471395639373	0.00236493678633306	0.00469659197202101	0.0127846398540683	0.0103220483842343	0.00683633892322263	0.00968748319069294	0.00999205264892872
HMEC_4_2_1	0.0122901255828406	0.00447170923512025	0.00755797929361542	0	0.0142226553951638	0.00496171580326422	0.0248883324511811	0.00126080740778377	0.0131741468710545	0.000265897498371884	0.0140985550470743	0.00132685064537466	0.00593389507712427	0.00969185158788465	0.0141555209997819	0.00298655065926484	0.000789764703466239	0.0202249456992692	0.00173843442234945	0.00789178348955157	0.0152396503793611	0.0166815433027341	0.0135562260336266	0.00387404693805621	0.0129347905513257	0.00691872871666393	0.00975515929352216	0.0128130859554014	0.0070702266732321	0.0118523644200276	0.00406895364855979	0.0131238159417176	0.00451935316995589	0.00243958289697742	0.000686812274946323	0.0237122238168799	0.00967598684513538	0.012815419118438	0.00596532630278455	0.00414206431946004	0.0079019874751185	0.00962741287561767	0.0056098881397625	0.00954845012221179	0.0221119333864128	0.0202715903792437	0.00014009390315882	0.0105310803300789	0.0231227839501397	0.0194179031303586	0.0124383619591309	0.00602270721164904	0.00321369300798401	0.0120077731871824	0.0292440505718576	0.0169534852800997	0.0151877743229903	0.0101389564966769	0.00187678448168062	0.00992284958831277	0.012254407957589	0.00522684820521355	0.00276414932381223	0.000721654272029336	0.0172449869803904	0.00243414176391606
HMEC_4_2_2	0.00193265717246899	0.00975117882970033	0.00666494540276218	0.0142226553951638	0	0.0092611848583754	0.0391058820853752	0.0129619350190384	0.00104858263650717	0.0139567776481545	0.000124109740883404	0.012895895877387	0.00828902300764794	0.00453103888847429	6.71394972743429e-05	0.0172089330472765	0.0150123570367364	0.00600294461068458	0.0124843365862803	0.00633113907275946	0.00101707824963446	0.00245910847947814	0.000666477845096108	0.0103488223054436	0.00128795420711311	0.00730419674003429	0.00446772942153695	0.00140966632021135	0.00715269899824632	0.00237044157922315	0.0101539221500826	0.00109891682412803	0.00970353623181145	0.011783225694958	0.0135358926120863	0.00949078403026779	0.00454690406586065	0.00140733301459237	0.00825759217716285	0.0100808138339316	0.00632093500316368	0.00459547934929381	0.00861302525727435	0.00467444418456456	0.00789021940269519	0.00604959591632134	0.0143627385915872	0.00369178329866545	0.00890123988194966	0.00519579118103791	0.001784412456468	0.0082002119625655	0.0174360507956193	0.00221502479700871	0.0150237771163633	0.00273107888832712	0.000965197674403604	0.00408392061877859	0.0160992792719227	0.00430003425330373	0.00196837677171918	0.01944896432693	0.016986555274129	0.0135010529928719	0.00302261195979677	0.0166565817197223
HMEC_4_2_3	0.00732857729426107	0.000490010624274201	0.00259629988135736	0.00496171580326422	0.0092611848583754	0	0.0298486954294971	0.00370091701671962	0.00821263240148468	0.0046958206105167	0.00913707909386543	0.00363487406924533	0.000972189962042947	0.0047302209140666	0.00919404752564937	0.00794822271181094	0.00575147212437389	0.0152638068772064	0.00322329173693355	0.00293011057865279	0.0102782264237213	0.0117201921034541	0.00859472709270086	0.00108767666251905	0.00797326663420303	0.00195703801451385	0.00479353032589897	0.00785155731736198	0.00210853850893894	0.00689080047403825	0.000892768877581768	0.00816229946762445	0.000442366334252084	0.00252214428256242	0.0042749089513421	0.0187513408774825	0.0047143557460929	0.00785389057038049	0.00100362159195589	0.000819657767226787	0.00294031476952053	0.004665780480521	0.000648179072129575	0.00458681563909935	0.017150927230557	0.015310454672255	0.00510180838669134	0.00556947349487863	0.0181618544806845	0.0144567117278578	0.00747681913599699	0.00106100324811523	0.00817536039403657	0.00704621471712899	0.0242836697205277	0.0119921486868086	0.0102263478965786	0.00517733819436986	0.006838476615059	0.00496122521271133	0.00729285836446348	0.0101884659834674	0.00772582576239043	0.00424006718295466	0.0122836663556194	0.00739582437656607
HMEC_4_G2_3E_1	0.0371742683631061	0.0293588427797276	0.0324440687913739	0.0248883324511811	0.0391058820853752	0.0298486954294971	0	0.0261488392863842	0.0380578793350726	0.0251541690028668	0.0389818426832779	0.0262148659698914	0.0308205561042621	0.0345771152373568	0.0390387806959875	0.0219023768606	0.0240987410813178	0.0451048759959602	0.0266263447639449	0.0327777494188769	0.0401223666504184	0.0415635023355098	0.0384397765957449	0.0287613621771311	0.0378186355662283	0.0318050490449261	0.0346403971393485	0.0376969877843621	0.0319564929859999	0.0367367049361497	0.028956210363365	0.0380075721622121	0.0294064719447685	0.0273273071774861	0.0255749846326842	0.0485899233403505	0.0345612569491527	0.0376993198608594	0.0308519767357216	0.0290292988995111	0.0327879495943161	0.0345127027125487	0.030496657304105	0.0344337719429463	0.0469906855358669	0.0451514923740392	0.0247482701346061	0.0354159958103584	0.0480008769107205	0.044298316526899	0.0373224369634969	0.0309093382562966	0.0216752730576142	0.0368920439184756	0.054117731183745	0.0418352970774799	0.0400705171036981	0.0350240363012791	0.0230119410830439	0.0348080187219484	0.0371385670066133	0.0196624181304934	0.0221247395367971	0.0256098182761918	0.0421266393928928	0.0224546880581294
HMEC_4_G2_3E_2	0.011029382093646	0.00321090856653493	0.00629719426511588	0.00126080740778377	0.0129619350190384	0.00370091701671962	0.0261488392863842	0	0.0119134135106877	0.000994910033288712	0.0128378330791199	6.60432785831768e-05	0.00467310069569381	0.00843108265113392	0.0128947997606897	0.00424735213873629	0.0020505713536402	0.0189643200312571	0.000477627403815468	0.00663100069299854	0.0139789436055016	0.0154208575197269	0.0122954972826458	0.00261324428027618	0.011674054374614	0.00565793970870744	0.00849439090028748	0.0115523483677329	0.00580943857336973	0.0105916161919058	0.00280815160248033	0.0118630819845794	0.00325855267436214	0.00117877683731855	0.000573995317573907	0.0224516692175077	0.00841521777277222	0.0115546815576867	0.00470453207868065	0.00288126251209982	0.00664120474846348	0.00836664338953921	0.00434909219102159	0.0082876799683938	0.0208513447024677	0.0190109655837093	0.00140090121885523	0.0092703189086426	0.021862216505362	0.0181572627012563	0.011177620116173	0.00476191327713837	0.00447449369629187	0.010747026620434	0.0279836331387914	0.0156928036805635	0.0139270668312311	0.00887819148025963	0.00313758913577955	0.00866208265323143	0.0109936640748681	0.00648763978518872	0.00402495153145489	0.000539153317958879	0.0159843099444965	0.00369494496706808
HMEC_4_G2_3F_1	0.000884075217226085	0.00870262985482283	0.00561637764441543	0.0131741468710545	0.00104858263650717	0.00821263240148468	0.0380578793350726	0.0119134135106877	0	0.0129082662828146	0.000924472941194483	0.0118473737230006	0.00724046420021564	0.00348246253239733	0.000981443165397547	0.0161604602047628	0.0139638572755264	0.00705151028040746	0.0114358104824606	0.00528256973214335	0.00206566004683738	0.00350768766673814	0.000382104892874911	0.00930027783237866	0.00023937169379749	0.00625563225696482	0.00341915286537592	0.000361083886729175	0.00610413370983771	0.00132186019170539	0.00910537617816061	5.03342081635643e-05	0.00865498691011577	0.0107346931674197	0.0124873768615346	0.0105393264783074	0.00349832776040682	0.000358750579485897	0.00720903317681094	0.00903226730745797	0.00527236561557146	0.00354690320012874	0.00756446848385884	0.00362586829342532	0.00893877373325317	0.00709816134053957	0.0133142315865503	0.00264320454826979	0.00994978694917069	0.00624436082018102	0.000735830343627509	0.00715165261201754	0.0163875809495161	0.00116644319048322	0.0160722623642889	0.00377965739638582	0.00201377953436553	0.00303534291762166	0.0150507923634488	0.00325145718251702	0.000919794857166631	0.0184005227786459	0.015938079536395	0.0124525368855008	0.00407118967380563	0.0156081017564542
HMEC_4_G2_4A_1	0.0120242427717045	0.00420581359731486	0.00729208725738438	0.000265897498371884	0.0139567776481545	0.0046958206105167	0.0251541690028668	0.000994910033288712	0.0129082662828146	0	0.0138326769521731	0.00106095328598915	0.00566800090887953	0.00942596315488222	0.0138896430641817	0.0032524472007832	0.00105566211967941	0.0199590885145151	0.00147253717681101	0.00762589195680936	0.014973775600801	0.0164156730925141	0.01329034645499	0.00360815082204511	0.0126689093456372	0.00665283577840474	0.00948927098136094	0.0125472044402057	0.00680433394135551	0.0115864805665029	0.00380305768069969	0.0128579352226827	0.00425345757331992	0.00217368592259578	0.000420914805120352	0.0234463819619032	0.0094100983819725	0.0125495376091427	0.00569943217080117	0.00387616840911623	0.00763609595811834	0.00936152432043659	0.00534399360915684	0.00928256141845298	0.0218460841863727	0.0200057333830613	0.00040599139572593	0.0102651935644226	0.0228569393283848	0.0191520427534342	0.012172479509732	0.00575681314638692	0.003479589404955	0.0117418896992855	0.0289782381860673	0.0166876159788319	0.0149218993879399	0.00987306893435196	0.00214268158368815	0.00965696160013172	0.0119885250599549	0.00549274287904389	0.00303004599705087	0.000455756806166377	0.0169791186701664	0.00270003861468048
HMEC_4_G2_4A_2	0.00180854759653135	0.00962707349869591	0.00654083771380689	0.0140985550470743	0.000124109740883404	0.00913707909386543	0.0389818426832779	0.0128378330791199	0.000924472941194483	0.0138326769521731	0	0.0127717938581228	0.00816491644902631	0.00440693008869314	5.69702442401758e-05	0.0170848370527257	0.0148882577602651	0.0061270526057101	0.0123602340815921	0.00620703118196087	0.00114118793572663	0.00258321791962634	0.000542368121303003	0.0102247175333788	0.00116384453696972	0.00718008946666316	0.00434362059533545	0.00128555666478893	0.00702859162294423	0.00224633208961451	0.0100298171921017	0.000974807133761329	0.00957943085768775	0.0116591223993681	0.0134117913787143	0.00961488942906945	0.00442279527277507	0.00128322335881974	0.00813348559432918	0.00995670880711412	0.00619682710635564	0.00447137057682594	0.00848891895354311	0.0045503354460858	0.00801432613800679	0.00617370388431272	0.0142386384294049	0.00356767417886864	0.00902534580172834	0.00531989961060777	0.00166030285537809	0.00807610533579716	0.0173119551656236	0.00209091527469509	0.0151478759864436	0.00285518826001395	0.00108930736564952	0.00395981164025543	0.0159751815641138	0.00417592535886578	0.00184426720214356	0.0193248721340188	0.0168624589271912	0.0133769517157427	0.00314672125019718	0.0165324848582598
HMEC_4_G2_4A_3	0.0109633418041677	0.00314486553637547	0.00623115195376399	0.00132685064537466	0.012895895877387	0.00363487406924533	0.0262148659698914	6.60432785831768e-05	0.0118473737230006	0.00106095328598915	0.0127717938581228	0	0.00460705794727415	0.00836504111323143	0.0128287605760183	0.00431339496851171	0.0021166145257069	0.0188982856553994	0.000411584129836113	0.00656495848770534	0.013912905143278	0.015354820110132	0.0122294577239955	0.00254720116546146	0.0116080144472062	0.00559189720972484	0.00842834938880671	0.0114863083703633	0.00574339611702918	0.0105255756684525	0.00274210851336033	0.0117970421672792	0.00319250965178333	0.00111273359092903	0.000640038587241691	0.0223856384510538	0.00834917622828938	0.0114886415616496	0.00463848933747673	0.00281521943304509	0.00657516254649448	0.00830060182496643	0.00428304937104488	0.00822163837140099	0.0207853122025788	0.0189449312520355	0.00146694444704906	0.00920427773708468	0.021796185085185	0.0180912275784173	0.0111115799081136	0.00469587054926261	0.00454053647722027	0.0106809861789459	0.0279176093778285	0.0156267664812785	0.0138610283330881	0.00881215013314529	0.00320363216791361	0.00859604121266519	0.0109276237659424	0.00655368202342237	0.00409099440656062	0.000605196588656971	0.0159182729747762	0.00376098790508962
HMEC_4_G2_4B_1	0.00635640437013628	0.00146220032551545	0.00162411145710249	0.00593389507712427	0.00828902300764794	0.000972189962042947	0.0308205561042621	0.00467310069569381	0.00724046420021564	0.00566800090887953	0.00816491644902631	0.00460705794727415	0	0.00375803744327228	0.00822188524392435	0.00892038698069117	0.00672364805466463	0.0142916971039018	0.00419547678464903	0.00195792270918479	0.00930607151052871	0.0107480483421948	0.0076225611113849	0.0020598658093546	0.00700109709721529	0.000984848755108372	0.00382134705305515	0.00687938711742229	0.00113634942042042	0.00591862542473741	0.00186495823369815	0.00719013098195568	0.00141455606846791	0.00349433104055933	0.00524709076719535	0.0177792737417635	0.00374217222613642	0.00688172038303802	3.14316418765151e-05	0.00179184719484764	0.0019681269182755	0.0036935968112563	0.000324010966350152	0.00361463173078769	0.0161788393929386	0.0143383454089837	0.0060739871002769	0.0045972928874844	0.0171897794952273	0.0134845933883098	0.0065046469635751	8.88133209139993e-05	0.00914752325939377	0.00607404040610792	0.0233116890780389	0.0110200072021061	0.009254192610927	0.00420515618464831	0.00781064720866983	0.00398904247843665	0.00632068526166945	0.0111606147935388	0.00869799136963079	0.00521224911867076	0.0113115273723765	0.00836799190427086
HMEC_4_G2_4B_2	0.00259839034778987	0.00522022699768883	0.00213393088610086	0.00969185158788465	0.00453103888847429	0.0047302209140666	0.0345771152373568	0.00843108265113392	0.00348246253239733	0.00942596315488222	0.00440693008869314	0.00836504111323143	0.00375803744327228	0	0.00446389990686913	0.0126782655553667	0.010481586368938	0.0105338742350433	0.00795346721974252	0.00180011971809151	0.00554810742000296	0.00699011773598219	0.0038645654741748	0.00581788634789987	0.00324309186396047	0.00277319254802682	6.33099520517813e-05	0.00312138013407821	0.00262169223354381	0.00216060611004051	0.00562298088273948	0.00343212855081906	0.00517258318638401	0.00725233276776905	0.00900506168884561	0.0140215924312302	1.58652991241346e-05	0.00312371343285432	0.0037266059673569	0.00554987060802165	0.00178991550660988	6.44409688469924e-05	0.00408204654196842	0.000143406445997407	0.0124210887302138	0.0105805242004315	0.00983194051000886	0.000839260909370913	0.0134320717716598	0.00972674279061909	0.00274663485719619	0.00366922458309013	0.0129053948928386	0.00231602290768252	0.0195543052451889	0.00726208358106085	0.00549622742699837	0.000447121404046001	0.0115685576383412	0.000231006339797156	0.00256267078702243	0.0149184186626385	0.0124558766020275	0.00897022073631434	0.0075536114753563	0.0121258867627507
HMEC_4_G2_4B_3	0.00186551776720579	0.00968404173220889	0.00659780702519289	0.0141555209997819	6.71394972743429e-05	0.00919404752564937	0.0390387806959875	0.0128947997606897	0.000981443165397547	0.0138896430641817	5.69702442401758e-05	0.0128287605760183	0.00822188524392435	0.00446389990686913	0	0.0171418010113622	0.0149452232222174	0.00607008317228597	0.0124172010217137	0.00626400058550621	0.00108421771880449	0.00252624781768199	0.000599338358001959	0.0102816855111844	0.00122081474996072	0.00723705858820668	0.00440059042553832	0.00134252687121789	0.0070855607910602	0.0023033022212701	0.0100867852549605	0.00103177735573677	0.00963639911091262	0.0117160897015127	0.0134687577367878	0.00955792119246763	0.00447976508789752	0.00134019356540094	0.00819045440029136	0.0100136769014682	0.00625379651265517	0.00452834038256756	0.00854588763191176	0.00460730523633157	0.00795735728558269	0.00611673446336571	0.0142956042969761	0.00362464414272327	0.00896837732512554	0.00526292997653945	0.00171727303740665	0.00813307416184567	0.0173689189572486	0.00214788542114606	0.0150909107547922	0.00279821818985423	0.00103233714624829	0.0040167815398443	0.0160321463075824	0.00423289522015514	0.00190123736994812	0.019381834350848	0.016919423047265	0.0134339180938507	0.00308975121782151	0.0165894492140375
HMEC_4_G2_4C_1	0.0152764670622763	0.00745822290562863	0.0105444414078339	0.00298655065926484	0.0172089330472765	0.00794822271181094	0.0219023768606	0.00424735213873629	0.0161604602047628	0.0032524472007832	0.0170848370527257	0.00431339496851171	0.00892038698069117	0.0126782655553667	0.0171418010113622	0	0.00219678787410245	0.0232109708336711	0.00472497598580623	0.0108782387477893	0.0182258910347062	0.0196677274654316	0.0165425266539762	0.00686056813022509	0.0159211116806478	0.00990520326209272	0.0127415716759861	0.0157994109987071	0.0100566983554666	0.0148387191815134	0.00705547247541429	0.0161101309254525	0.00750586620651045	0.0054261188919175	0.00367336014202228	0.0266980642523401	0.0126624012083937	0.015801744087025	0.00895181768593654	0.00712858223720385	0.0108884425198439	0.0126138284471442	0.00859638527913367	0.0125348676465612	0.0250978620633125	0.0232576132281222	0.00284645719742078	0.0135174725517587	0.0261086575766417	0.0224039670169088	0.0154246988425723	0.00900919763900037	0.000227143154911356	0.0149941232830981	0.0322295401812525	0.0199396582564154	0.0181740169224927	0.0131253590767086	0.00110976847920748	0.0129092577287178	0.0152407505369786	0.00224031046228757	0.000222402014252378	0.00370820196967683	0.0202311477780826	0.000552410380863709
HMEC_4_G2_4C_2	0.0130798428628751	0.0052614670296789	0.00834772543656479	0.000789764703466239	0.0150123570367364	0.00575147212437389	0.0240987410813178	0.0020505713536402	0.0139638572755264	0.00105566211967941	0.0148882577602651	0.0021166145257069	0.00672364805466463	0.010481586368938	0.0149452232222174	0.00219678787410245	0	0.0210145844137979	0.00252819783737437	0.00868152803383606	0.0160293428899167	0.0174712217991737	0.0143459333213318	0.0046638063377687	0.0137245028636754	0.00770847773644247	0.0105448936960651	0.013602799224666	0.00785997503314971	0.0126420849314269	0.00485871254797411	0.0139135267502171	0.00530911082744691	0.00322934528980237	0.001476576681277	0.0245018159234197	0.0104657217206571	0.0136051323694451	0.00675507916290359	0.00493182302543993	0.00869173196948786	0.0104171480394721	0.00639964229378976	0.0103381857517844	0.0229015478026838	0.0210612285192869	0.00064967082743786	0.0113208098993913	0.0239123844562875	0.0202075515752975	0.0132280781189358	0.00681245985585908	0.00242393058188388	0.0127974925645522	0.0300335534450464	0.0177431609927965	0.0159774673143804	0.0109286885534449	0.00108702037507775	0.0107125829767325	0.0130441255055782	0.00443709027468821	0.00197438621626795	0.00151141865600962	0.018034659659498	0.00164437823108553
HMEC_4_G2_4C_3	0.00793556661214634	0.0157537729910082	0.0126676970095112	0.0202249456992692	0.00600294461068458	0.0152638068772064	0.0451048759959602	0.0189643200312571	0.00705151028040746	0.0199590885145151	0.0061270526057101	0.0188982856553994	0.0142916971039018	0.0105338742350433	0.00607008317228597	0.0232109708336711	0.0210145844137979	0	0.0184867556265495	0.012333905137082	0.00498587801354414	0.00354385617627063	0.006669412253541	0.016351381031038	0.0072908772740477	0.0133069192565716	0.0104705669377382	0.00741258695953562	0.0131554285755806	0.00837334068570359	0.0161564926077445	0.00710184352736181	0.0157061331490344	0.0177856928436557	0.019538235385206	0.00348791593403256	0.0105497388658807	0.0074102537010651	0.0142602678862095	0.0160833886484462	0.0123237015015127	0.0105983124688331	0.0146156824691787	0.0106772745494496	0.00188730917310881	4.66519560733024e-05	0.020365017935529	0.00969464592995368	0.002898354878288	0.000807163094289127	0.00778732519735461	0.0142028906044791	0.023438067759813	0.00821792767178202	0.00902114700508717	0.00327188627970554	0.00503775810910338	0.010086770899094	0.0221014155082453	0.0103028774286285	0.00797128540099025	0.0254507867865678	0.0229886132270189	0.0195033983717835	0.00298035337956451	0.0226586691931274
HMEC_4_G2_4D_1	0.0105517755009865	0.00273328272493844	0.00581957339609772	0.00173843442234945	0.0124843365862803	0.00322329173693355	0.0266263447639449	0.000477627403815468	0.0114358104824606	0.00147253717681101	0.0123602340815921	0.000411584129836113	0.00419547678464903	0.00795346721974252	0.0124172010217137	0.00472497598580623	0.00252819783737437	0.0184867556265495	0	0.00615338056650359	0.0135013500120817	0.0149432714336996	0.0118178958827697	0.00213561786962001	0.011196450353311	0.00518031752941104	0.00801677565526687	0.0110747438494387	0.00533181669133216	0.0101140079390399	0.00233052536340641	0.0113854787458024	0.00278092688366388	0.000701149580650106	0.00105162261404673	0.0219741306616889	0.00793760229489866	0.0110770770488716	0.00422690821754433	0.00240363634088607	0.00616358464529626	0.00788902776993211	0.00387146778620763	0.00781006412017783	0.0203737937271602	0.0185334014951535	0.0018785281553853	0.0087927060653609	0.021384673264804	0.017679692953273	0.0107000141014549	0.00428428950802748	0.00495211717356898	0.0102694189490084	0.0275061448437436	0.0152152190955406	0.0134494729818381	0.00840057739605216	0.00361521452791277	0.00818446790886387	0.0105160573441588	0.00696525919075109	0.00450257572298685	0.00101678062436072	0.015506726998459	0.00417256963757317
HMEC_4_G2_4D_2	0.00439850229309696	0.00342011936217445	0.000333811650896023	0.00789178348955157	0.00633113907275946	0.00293011057865279	0.0327777494188769	0.00663100069299854	0.00528256973214335	0.00762589195680936	0.00620703118196087	0.00656495848770534	0.00195792270918479	0.00180011971809151	0.00626400058550621	0.0108782387477893	0.00868152803383606	0.012333905137082	0.00615338056650359	0	0.00734819935901347	0.00879019554764396	0.00566467029193408	0.00401778244303048	0.00504320045416266	0.000973074658952063	0.00186342959032811	0.00492148940117282	0.000821573975471541	0.00396072000985539	0.00382287570845666	0.00523223604947871	0.00337247527417336	0.00545223977582559	0.00720498577701949	0.0158215601468318	0.00178425443616849	0.00492382268717704	0.0019264911123446	0.00374976497073058	1.02042286070902e-05	0.00173567882506489	0.00228193313224118	0.00165671343314417	0.0142210875457285	0.0123805543689874	0.00803187408279986	0.00263937912267972	0.0152320513583795	0.0115267859052468	0.00454674608131054	0.00186910951073041	0.0111053717111957	0.00411613614358683	0.021354137791733	0.00906215840733976	0.00729631982098561	0.00224724043967095	0.00976851410108466	0.00203112573943766	0.00436278290158827	0.0131184306082824	0.0106558463105884	0.00717014444490639	0.00935368298824429	0.010325851422972
HMEC_4_G2_4D_3	0.0029497332145226	0.0107682166256272	0.00768200388719127	0.0152396503793611	0.00101707824963446	0.0102782264237213	0.0401223666504184	0.0139789436055016	0.00206566004683738	0.014973775600801	0.00114118793572663	0.013912905143278	0.00930607151052871	0.00554810742000296	0.00108421771880449	0.0182258910347062	0.0160293428899167	0.00498587801354414	0.0135013500120817	0.00734819935901347	0	0.0014420316070833	0.00168355565993721	0.0113658552567182	0.00230503130668833	0.00832125153605034	0.00548479819780337	0.00242674324469723	0.00816975469662995	0.00338751672023654	0.0111709567110919	0.00211599417284446	0.0107205744022587	0.0128002459122437	0.0145528951547556	0.00847373716637082	0.00556397253556544	0.00242440994249638	0.00927464089231892	0.0110978489913163	0.00733799534316141	0.00561254762856486	0.00963007152800726	0.00569151215035395	0.00687316229384645	0.00503252951998963	0.0153797319903455	0.00470885482425718	0.00788418900930739	0.00417872137966357	0.0028014887701063	0.0092172610633249	0.0184530056951581	0.00323210027483319	0.014006781309007	0.00171400245706135	5.18805945753861e-05	0.00510099081279928	0.0171162517896157	0.00531710366294442	0.00298545274579133	0.0204658901704758	0.0180035162475154	0.0145180559094961	0.0020055360654233	0.0176735470554199
HMEC_5_1_1	0.00439175769724334	0.0122101762978759	0.0091239970692679	0.0166815433027341	0.00245910847947814	0.0117201921034541	0.0415635023355098	0.0154208575197269	0.00350768766673814	0.0164156730925141	0.00258321791962634	0.015354820110132	0.0107480483421948	0.00699011773598219	0.00252624781768199	0.0196677274654316	0.0174712217991737	0.00354385617627063	0.0149432714336996	0.00879019554764396	0.0014420316070833	0	0.00312558437064462	0.0128078072513619	0.00374705816173101	0.00976323862329307	0.00692680894648507	0.00386876968670286	0.00961174326833342	0.00482953933268568	0.0126129112517981	0.00355802163710032	0.0121625346699875	0.0142421779114993	0.0159947997235848	0.00703173858525611	0.00700598274243103	0.00386643639259278	0.010716618067506	0.0125398044765157	0.00877999162178596	0.00705455749962317	0.0110720447563656	0.00713352147005956	0.00543115135403953	0.00359050790429409	0.0168216224764059	0.00615087052158149	0.00644218554260899	0.00273669609234207	0.00424351383863061	0.0106592388628737	0.0198948374408062	0.00467412357525214	0.0125648476291363	0.000271971107132527	0.00149391215905385	0.00654300409123951	0.0185581103218194	0.00675911553669643	0.00442747708380322	0.0219076779995411	0.0194453572124084	0.0159599610556507	0.000563505082115749	0.0191153946513759
HMEC_5_1_2	0.00126617994764277	0.00908472332464897	0.00599847765995185	0.0135562260336266	0.000666477845096108	0.00859472709270086	0.0384397765957449	0.0122954972826458	0.000382104892874911	0.01329034645499	0.000542368121303003	0.0122294577239955	0.0076225611113849	0.0038645654741748	0.000599338358001959	0.0165425266539762	0.0143459333213318	0.006669412253541	0.0118178958827697	0.00566467029193408	0.00168355565993721	0.00312558437064462	0	0.00968236971963423	0.000621476564987838	0.00663773114093255	0.00380125587394926	0.000743188740735955	0.00648623287259976	0.00170396475761618	0.00948746859272095	0.000432439099597941	0.00903708050171115	0.0111167808406359	0.0128694585909246	0.0101572372513204	0.00388043068528564	0.000740855433747525	0.00759113015524155	0.00941435991700848	0.00565446619150801	0.00392900607276085	0.0079465646852209	0.00400797107968769	0.00855668002121283	0.00671606340763168	0.01369631020912	0.00302530828123626	0.00956769598183477	0.00586226126861425	0.00111793511698624	0.0075337497124959	0.0167696463288119	0.00154854782113756	0.015690194516831	0.00339755437416545	0.00163167511960892	0.00341744630624773	0.0154328638309143	0.00363356036238261	0.00130189957609575	0.0187825780409398	0.0163201470191052	0.0128346187415463	0.00368908696917204	0.0159901707470252
HMEC_5_1_3	0.00841622875012516	0.000597666157363688	0.00368397264640899	0.00387404693805621	0.0103488223054436	0.00108767666251905	0.0287613621771311	0.00261324428027618	0.00930027783237866	0.00360815082204511	0.0102247175333788	0.00254720116546146	0.0020598658093546	0.00581788634789987	0.0102816855111844	0.00686056813022509	0.0046638063377687	0.016351381031038	0.00213561786962001	0.00401778244303048	0.0113658552567182	0.0128078072513619	0.00968236971963423	0	0.00906091376016619	0.0030447122499329	0.00588119548518156	0.00893920528704185	0.00319621242607644	0.00797845467453794	0.000194907855720339	0.00924994525888236	0.000645310444472942	0.0014344690897318	0.00318723781804585	0.0198388644087412	0.00580202124821361	0.00894153852399344	0.00209129740001275	0.000268018984528457	0.00402798660492832	0.00575344619044133	0.00173585527672251	0.00567448168265555	0.0182384752626779	0.0163980282164085	0.00401414003087513	0.00665713502151736	0.0192493872875979	0.0155442961415387	0.0085644696266195	0.0021486789825919	0.00708770719230312	0.00813386796136002	0.025371091856156	0.0130797610598441	0.011313977189744	0.00626500161867319	0.00575081588774805	0.00604888962882937	0.00838051005018917	0.00910082681926661	0.00663816986988769	0.00315239594476428	0.0133712756857915	0.00630816661209986
HMEC_5_2_1	0.000644703575382325	0.00846326482499612	0.00537700868848298	0.0129347905513257	0.00128795420711311	0.00797326663420303	0.0378186355662283	0.011674054374614	0.00023937169379749	0.0126689093456372	0.00116384453696972	0.0116080144472062	0.00700109709721529	0.00324309186396047	0.00122081474996072	0.0159211116806478	0.0137245028636754	0.0072908772740477	0.011196450353311	0.00504320045416266	0.00230503130668833	0.00374705816173101	0.000621476564987838	0.00906091376016619	0	0.00601626397377293	0.00317978215870488	0.000121712197403757	0.00586476526057104	0.00108248862809181	0.00886601178662513	0.00018903748489009	0.00841562180669095	0.0104953316540077	0.0122480189726006	0.0107786877619877	0.00325895710169011	0.000119378890428779	0.00696966603345321	0.00879290279789599	0.00503299632806373	0.00330753257138642	0.00732510180720358	0.00338649771433666	0.00917813791711359	0.00733752827264328	0.0130748755971737	0.00240383343170173	0.01018914935642	0.00648372881457703	0.000496458683122135	0.00691228539543637	0.0161482330828191	0.0009270715951055	0.0163116099419923	0.00401902770440576	0.0022531508146575	0.00279597199459697	0.0148114407583109	0.003012086378024	0.000680423220362151	0.0181611811361308	0.015698730377402	0.012213178919196	0.00431055976635211	0.015368751671498
HMEC_5_2_2	0.00537156828133258	0.00244704775966899	0.000639263085973142	0.00691872871666393	0.00730419674003429	0.00195703801451385	0.0318050490449261	0.00565793970870744	0.00625563225696482	0.00665283577840474	0.00718008946666316	0.00559189720972484	0.000984848755108372	0.00277319254802682	0.00723705858820668	0.00990520326209272	0.00770847773644247	0.0133069192565716	0.00518031752941104	0.000973074658952063	0.00832125153605034	0.00976323862329307	0.00663773114093255	0.0030447122499329	0.00601626397377293	0	0.00283650231261257	0.00589455341034517	0.00015150072915193	0.00493378749939108	0.00284980502718528	0.00620529878698082	0.0023994035705049	0.00447917402454165	0.0062319274780685	0.0167945365700493	0.00275732729259807	0.00589688668705919	0.000953417124807955	0.00277669411346573	0.000983278879174804	0.00270875176151116	0.00130885956482088	0.00262978649594702	0.0151940824046879	0.0133535680446245	0.00705882007097035	0.00361245028643511	0.0162050347969166	0.0124998074458946	0.0055198115290929	0.000896035463989451	0.0101323379549037	0.00508920311634211	0.022327035536314	0.0100351995929763	0.00826937229665463	0.00322031244642082	0.00879547069888896	0.00300419816240301	0.00533584901761996	0.0121454137966286	0.00968280916749225	0.00619708597616984	0.0103267220867097	0.00935281188602558
HMEC_5_2_3	0.00253508055323985	0.0052835362927619	0.00219724072645479	0.00975515929352216	0.00446772942153695	0.00479353032589897	0.0346403971393485	0.00849439090028748	0.00341915286537592	0.00948927098136094	0.00434362059533545	0.00842834938880671	0.00382134705305515	6.33099520517813e-05	0.00440059042553832	0.0127415716759861	0.0105448936960651	0.0104705669377382	0.00801677565526687	0.00186342959032811	0.00548479819780337	0.00692680894648507	0.00380125587394926	0.00588119548518156	0.00317978215870488	0.00283650231261257	0	0.00305807041041391	0.00268500201784885	0.00209729626623877	0.00568629007334414	0.00336881887553732	0.00523589249331808	0.00731564145741739	0.00906836969982328	0.0139582872011105	7.91752532530477e-05	0.00306040370954628	0.00378991558279544	0.00561317981815253	0.00185322537973128	0.000127750920892611	0.00414535609076388	0.000206716397841773	0.0123577824774594	0.0105172169268436	0.00989524815063158	0.000775950972622463	0.0133687661502356	0.00966343509968552	0.00268332508138798	0.0037325342087172	0.0129687008758432	0.00225271308028051	0.0194910045231376	0.00719877488446784	0.00543291819111193	0.000383811455804861	0.011631864396684	0.000167696388595406	0.00249936098809211	0.0149817233207129	0.0125191828550574	0.00903352876219504	0.007490302882318	0.0121891932080138
HMEC_5_3_1	0.000522991393855827	0.00834155587491993	0.00525529779368603	0.0128130859554014	0.00140966632021135	0.00785155731736198	0.0376969877843621	0.0115523483677329	0.000361083886729175	0.0125472044402057	0.00128555666478893	0.0114863083703633	0.00687938711742229	0.00312138013407821	0.00134252687121789	0.0157994109987071	0.013602799224666	0.00741258695953562	0.0110747438494387	0.00492148940117282	0.00242674324469723	0.00386876968670286	0.000743188740735955	0.00893920528704185	0.000121712197403757	0.00589455341034517	0.00305807041041391	0	0.0057430546152355	0.000960776479105483	0.00874430315439815	0.000310749679137048	0.00829391282000331	0.0103736244580098	0.0121263135902623	0.0109003944859466	0.00313724537645447	2.33329024021808e-06	0.00684795603366181	0.00867119410688185	0.00491128527039432	0.0031858208605898	0.00720339203877927	0.003264786027451	0.0092998461424209	0.00745923792608159	0.0129531711668973	0.00228212148794546	0.010310856661526	0.00660543902242237	0.000374746494820319	0.00679057535938032	0.0160265327313702	0.000805359432554897	0.0164333096046114	0.00414073912980669	0.00237486276389167	0.00267426014269193	0.0146897385282799	0.00289037458280633	0.000558711040952876	0.0180394839158773	0.0155770293763519	0.0120914734981054	0.00443227107733531	0.0152470502051319
HMEC_5_3_2	0.00522006915361751	0.00259854812729107	0.000487762374652609	0.0070702266732321	0.00715269899824632	0.00210853850893894	0.0319564929859999	0.00580943857336973	0.00610413370983771	0.00680433394135551	0.00702859162294423	0.00574339611702918	0.00113634942042042	0.00262169223354381	0.0070855607910602	0.0100566983554666	0.00785997503314971	0.0131554285755806	0.00533181669133216	0.000821573975471541	0.00816975469662995	0.00961174326833342	0.00648623287259976	0.00319621242607644	0.00586476526057104	0.00015150072915193	0.00268500201784885	0.0057430546152355	0	0.00478228811745659	0.00300130527022047	0.00605380020440164	0.00255090395165238	0.00463067357624121	0.00638342595149539	0.0166430519210968	0.00260582697324608	0.00574538789349571	0.00110491779388446	0.00292819438048472	0.000831778196793281	0.00255725142744246	0.00146036018512872	0.00247828613850927	0.0150425948106292	0.0132020774349147	0.00721031791560228	0.0034609502706301	0.01605354902818	0.0123483155717467	0.00536831249246764	0.00104753613959552	0.0102838327896428	0.00493770382214209	0.0221755633954157	0.00988370454499823	0.0081178754083133	0.00306881228101813	0.00894696697290502	0.00285269792209664	0.00518434986833797	0.0122969060873379	0.00983430450850609	0.00634858447439246	0.0101752273773238	0.00950430758430753
HMEC_5_3_3	0.000437785168899056	0.00738080173346912	0.0042945295191857	0.0118523644200276	0.00237044157922315	0.00689080047403825	0.0367367049361497	0.0105916161919058	0.00132186019170539	0.0115864805665029	0.00224633208961451	0.0105255756684525	0.00591862542473741	0.00216060611004051	0.0023033022212701	0.0148387191815134	0.0126420849314269	0.00837334068570359	0.0101140079390399	0.00396072000985539	0.00338751672023654	0.00482953933268568	0.00170396475761618	0.00797845467453794	0.00108248862809181	0.00493378749939108	0.00209729626623877	0.000960776479105483	0.00478228811745659	0	0.00778355136287263	0.00127152601414137	0.0073331584082685	0.00941288336068323	0.0111655861180209	0.0118611234575254	0.00217647138300331	0.000963109785654624	0.00588719419555024	0.00771044188011825	0.00395051584622339	0.00222504696188	0.00624263188671028	0.00230401228640157	0.0102605875971535	0.00841999138075114	0.0119924508837721	0.00132134610715425	0.0112715904531769	0.00756619719047558	0.000586030064543112	0.00582981325761173	0.015065843433424	0.000155417092047162	0.0173939806524487	0.00510150788218802	0.00333563634882037	0.00171348533218924	0.0137290349284848	0.00192960013434479	0.000402065520043911	0.0170788185413624	0.0146163351279088	0.0111307457336473	0.00539303881136623	0.014286352413729
