	HMEC_4_1_1	HMEC_4_1_2	HMEC_4_1_3	HMEC_4_2_1	HMEC_4_2_2	HMEC_4_2_3	HMEC_4_G2_3E_1	HMEC_4_G2_3E_3	HMEC_4_G2_4A_1	HMEC_4_G2_4A_2	HMEC_4_G2_4A_3	HMEC_4_G2_4B_1	HMEC_4_G2_4B_2	HMEC_4_G2_4B_3	HMEC_4_G2_4C_3	HMEC_4_G2_4D_1	HMEC_4_G2_4D_2	HMEC_4_G2_4D_3	HMEC_5_1_1	HMEC_5_1_2	HMEC_5_1_3	HMEC_5_2_1	HMEC_5_2_2	HMEC_5_2_3	HMEC_5_3_1	HMEC_5_3_2	HMEC_5_3_3	HMEC_5_4_1	HMEC_5_4_2	HMEC_5_4_3	HMEC_5_5_1	HMEC_5_5_2	HMEC_5_5_3	HMEC_5_6_1	HMEC_5_6_2	HMEC_5_6_3	HMEC_5_7_2	HMEC_5_7_3	HMEC_5_8_1	HMEC_5_8_2	HMEC_5_8_3	HMEC_5_9_1	HMEC_5_9_2	HMEC_5_9_3	HMEC_Root1_1	HMEC_Root1_2	HMEC_Root2_1	HMEC_Root2_2	HMEC_Root2_3	HMEC_STAT_2_1	HMEC_STAT_2_2	HMEC_STAT_2_3	HMEC_STAT_3_1	HMEC_STAT_3_2	HMEC_STAT_3_3	HMEC_STAT_4_1	HMEC_STAT_4_2	HMEC_STAT_4_3	HMEC_STAT_G2_3B_1	HMEC_STAT_G2_3B_2	HMEC_STAT_G2_3C_1	HMEC_STAT_G2_3C_2	HMEC_STAT_G2_3C_3
HMEC_4_1_1	0	0.0269535675127362	0.016555864216883	0.0180656897100245	0.0209945256467014	0.0337544495824953	0.0426746356439237	0.0238061083301359	0.0159047122154997	0.0210051199112429	0.0349422223858014	0.02005488384912	0.0205711677956666	0.0357201375596995	0.0747124182132312	0.0131535473712959	0.0332994166223898	0.0174240147791561	0.0230106720770735	0.02190205227765	0.0175842781114648	0.0252040776709776	0.0322722194368915	0.0278684207683347	0.0256298172892773	0.0120868596100452	0.0355668920293205	0.00839392390748648	0.0178142074175881	0.0191781488257627	0.0183094747138973	0.00780652557662912	0.0405389251757904	0.00936901734281801	0.0183536289989806	0.0152758620073504	0.0187260951422704	0.0278307968370387	0.0102667363579881	0.022378092824347	0.0288209793394638	0.0286255114713417	0.0294567554920533	0.0556182831985935	0.0121749822966624	0.0262318307351327	0.0280086255699537	0.0306426315591972	0.0465745029896434	0.0241368974247791	0.0280837149030705	0.0195114492279364	0.0201819234127022	0.0229758090893802	0.0384536968649869	0.0208268582313511	0.041257563997777	0.0380872724507551	0.0131745586288866	0.0307459049838142	0.0213115549851655	0.0396528588221816	0.0247354351700874
HMEC_4_1_2	0.0269535675127362	0	0.024008000939098	0.0413805914521113	0.0115539081071891	0.012240300567145	0.0535630029181376	0.0238278954884739	0.0126703296837001	0.01337137723147	0.0105900459675776	0.0300017006824512	0.0118100101584602	0.0128223986835431	0.0517594108059324	0.0204009607379106	0.0216281284077594	0.0122164135553099	0.00759878049427608	0.00927163126377439	0.00942333964444964	0.00520841681839187	0.0132269561194509	0.00164948972078001	0.00625695770392045	0.017652890568265	0.0126795455193253	0.0251351318929997	0.0114802370156365	0.00828402891275904	0.0387994831661794	0.0298837988738708	0.0151467325148927	0.0196878129815163	0.0088416201736776	0.0150809429972921	0.0105580439175287	0.00424049556014334	0.0179629628159699	0.00892320522893294	0.00698108301747297	0.0144477916466457	0.00736066247717798	0.0317345663403947	0.0253562587163907	0.00517461510051711	0.0162783255334762	0.00706589577385024	0.0242696905011959	0.00630412030762303	0.00424112635979571	0.0105967493776247	0.00797790214634893	0.00485970791860287	0.0119584812144713	0.0102774581767103	0.0170400579366545	0.0137509840301384	0.0154946319563208	0.0259975487714215	0.00672569019063784	0.0135412401968178	0.00943463185322407
HMEC_4_1_3	0.016555864216883	0.024008000939098	0	0.0201939927195465	0.0137979174938684	0.0347057788175287	0.0312241306652336	0.00762677725124506	0.0150236174951206	0.0250304923722506	0.0276929194705149	0.00876019516787603	0.0149313481865785	0.0348080635915266	0.0754831676654141	0.00854881761604766	0.0395694174985456	0.0120156449869015	0.0231718049781135	0.0194021312604693	0.0168933869749584	0.0253232179615411	0.0332097055714739	0.0240358171006761	0.0257793036932816	0.0110374014934676	0.0343945785576152	0.00829150879941731	0.0149073611397736	0.017738847450454	0.0162063845573571	0.0123597353709682	0.0382366084805757	0.00979947412879958	0.0185441751756432	0.0102058377603312	0.0157305841531726	0.0234417288805844	0.0115828081870597	0.0223515152231882	0.025220713576426	0.0318067670730731	0.028501433119059	0.0553675956789233	0.00649225628639078	0.0234391626241993	0.0333928866967082	0.0287235344627767	0.0473470597042448	0.0245538908235752	0.0237796823766015	0.0134149319557195	0.0214332389117606	0.0207315865888717	0.0333538257156695	0.0195353017789754	0.0404668586429643	0.0376409814329336	0.0181719220407298	0.014955108620002	0.0213108665909996	0.0371365401623954	0.0169695329926416
HMEC_4_2_1	0.0180656897100245	0.0413805914521113	0.0201939927195465	0	0.0323021627892865	0.0502141091822088	0.0296918913984929	0.026590623296399	0.0300792905234245	0.0376329705381153	0.0470670723801134	0.0182077449231853	0.0325461654597548	0.0513370185048444	0.0915977752034763	0.0228095369288856	0.0510237125503879	0.0295011274072214	0.0385723231327686	0.0358465525529019	0.0323330269581677	0.0410254865864601	0.0484024203534396	0.041879883232157	0.0414429095878659	0.0247953898454037	0.0510320629071735	0.01627175195231	0.0312207518413816	0.0337632777792278	0.00527880368488319	0.0122616852552341	0.0557485967441547	0.0219720050050101	0.0336590500225339	0.0269523447866412	0.0322393076828119	0.0415013219089578	0.0240998398545302	0.0376584977959426	0.0428035797821242	0.0453390988709974	0.0449002373191072	0.0719900543944152	0.0174735502577379	0.0406133444278786	0.0455342971394791	0.0456941102072822	0.0631685750526381	0.0399939969993352	0.0418148259064688	0.0314832680725211	0.0360170152001663	0.0375150433787027	0.052098560055574	0.0352038759969569	0.0571931265512051	0.0541315870089505	0.0296296140878886	0.0327586347150606	0.0366340001261082	0.0547739105993638	0.03607350713432
HMEC_4_2_2	0.0209945256467014	0.0115539081071891	0.0137979174938684	0.0323021627892865	0	0.021774507670696	0.0436494266081057	0.013493125461811	0.00680954058906621	0.0150146483418655	0.014920801356281	0.0213213418331039	0.00254440313256315	0.021227859209225	0.0620313272141965	0.0103329392940706	0.0286476336998719	0.00493590742913592	0.0110244063050215	0.00677400546212293	0.00819818365989706	0.0131693732192611	0.0201928944181687	0.0112310926593386	0.0132877411174102	0.00928136423416124	0.020766738869456	0.0166075113686155	0.00471666842067976	0.00688523333286089	0.0289843184584034	0.021226605515112	0.0246325973021684	0.0118823349844937	0.00870707326196636	0.00584834128867646	0.00458188577105864	0.00992147065546192	0.0107622952916224	0.0103021546083139	0.0114540217107805	0.0199419521248822	0.0151984027242562	0.0418565117863361	0.0151938335961613	0.0099547403539524	0.0225852538289421	0.0151877694215641	0.0339244330536569	0.0124524171361094	0.0102506642847082	0.00419255687792084	0.0121854833293564	0.00817841384822984	0.0201115446750809	0.0077608856278712	0.0269872585472534	0.024643395035644	0.0123616429026107	0.0184456542209473	0.0116989076653811	0.0238579365061815	0.00405496800314526
HMEC_4_2_3	0.0337544495824953	0.012240300567145	0.0347057788175287	0.0502141091822088	0.021774507670696	0	0.0651286373178999	0.0350610845496216	0.0206365334858534	0.0140916798757834	0.0168059373991965	0.0413398201553098	0.0208391770353676	0.00504589268065155	0.0415197283169583	0.0291213186342471	0.0122670456056008	0.0228663781023023	0.0119943542099909	0.0162253411081051	0.0186547020393858	0.00961415184800194	0.00532086107874289	0.0126849023164811	0.00900775162864403	0.0259779322769921	0.00570573167796096	0.0342550658987469	0.020176246482983	0.0171116788283264	0.0482050905595595	0.0381133038433324	0.00896661508315551	0.0284224949244248	0.0168288726693143	0.0247519608839118	0.0192701748600149	0.0131269612452365	0.0262138074805767	0.0133159256335242	0.011796898818465	0.00839096682579092	0.00680179181852546	0.0219328145565758	0.0345023090122159	0.0119611397745437	0.00987713218399842	0.00742991347423638	0.0131045378363063	0.0103653516484855	0.0128422391554538	0.0217485822218892	0.0154747132445536	0.0140373176075978	0.013120629214478	0.0163891035519898	0.00787366508296626	0.00610149587464604	0.0209823866365307	0.0379003311908068	0.0154587978405881	0.00927890301892204	0.0200875854125785
HMEC_4_G2_3E_1	0.0426746356439237	0.0535630029181376	0.0312241306652336	0.0296918913984929	0.0436494266081057	0.0651286373178999	0	0.0305269587060466	0.0461950170733328	0.0561677470951349	0.0543531403595919	0.0255677869183155	0.0450934483429572	0.0646456560693722	0.104339980388799	0.0388215103525611	0.0707349256685535	0.0426328925025371	0.0540723246142035	0.0499505380367008	0.0476959059680458	0.0559365290263369	0.0637601246700052	0.0532831646737853	0.0564807296801629	0.0419674253334144	0.0641526459630694	0.0356990886937019	0.0458712560100076	0.048645016828041	0.0264068573876667	0.0356974313118886	0.0670627885780422	0.040205609522132	0.0495540909401348	0.0413410521921882	0.0466007727281222	0.052744554866895	0.0423502370097682	0.0532478905985385	0.0547375969694277	0.0628226522305353	0.0587508194443967	0.0843248323723245	0.0343246724713966	0.0534969473023101	0.0645681478850812	0.0585906211868912	0.077215288932835	0.055364166748985	0.0530775640725823	0.0435152396158546	0.0519493968192181	0.0511737609646244	0.0607802685656643	0.0503156307978087	0.0699069969034995	0.067170293588826	0.0491083679920989	0.030185360171648	0.0515383713573855	0.0657339323999346	0.0456743861668624
HMEC_4_G2_3E_3	0.0238061083301359	0.0238278954884739	0.00762677725124506	0.026590623296399	0.013493125461811	0.0350610845496216	0.0305269587060466	0	0.0177874216735058	0.0276375500600826	0.0245289803067048	0.0124884398490512	0.0151428278091342	0.0342143390033683	0.0743377969804926	0.0130933712081774	0.041895083560664	0.0139038352129309	0.024424376998718	0.0200590093061712	0.0193667973576171	0.026335402413404	0.0335814489612936	0.0233532991781064	0.0266780459791618	0.015536097952841	0.0336986227226873	0.0157822291650651	0.0167107842595054	0.0194798951221842	0.0219577306865773	0.0197194513743565	0.0368061646011917	0.0157554663626204	0.020868827282376	0.0131560249356383	0.0171997933412192	0.0224226818645637	0.016795771164087	0.0236249483408975	0.0242638217351548	0.0333037851284288	0.0284979237726225	0.0541846170386463	0.0130020793046041	0.0232125162023379	0.0357494261598207	0.0282311517997012	0.0468706502433169	0.0257651952706999	0.0227522812857334	0.0142455714639665	0.0237950296013986	0.0213627714772629	0.0309020522234356	0.020763843677223	0.0396340068103503	0.0372428685837371	0.0223949345824858	0.00878765932189446	0.0231903913010307	0.0357629045555893	0.0152550688193461
HMEC_4_G2_4A_1	0.0159047122154997	0.0126703296837001	0.0150236174951206	0.0300792905234245	0.00680954058906621	0.0206365334858534	0.0461950170733328	0.0177874216735058	0	0.01012436406475	0.0193878805486059	0.0225235878254155	0.00561042336631261	0.0212975486889656	0.0620470817160341	0.00862766190840645	0.0246745682972588	0.0057696141054597	0.00868962291359179	0.00613994125668405	0.00526335080588737	0.0116325468377382	0.0187840538105965	0.0131492655604083	0.0116964118377275	0.00539281855980819	0.0209839722753154	0.014092586551747	0.00222488401207299	0.00448026042911018	0.0276877112300822	0.0180638641894259	0.0258312926282683	0.00830047348949191	0.00497095295834844	0.00493814235306248	0.00295568837693333	0.0123415916079955	0.00617410022859757	0.00777514040933809	0.0131162820559486	0.0168431144799473	0.0148685635794205	0.0421745177021861	0.0138769432908638	0.0107529917301603	0.0185113466798383	0.0156803969587769	0.0334565177275879	0.0103993829655887	0.0125993903721994	0.006829189421279	0.00927830502176589	0.00800053412669522	0.0230975720073661	0.00547076206036196	0.0272867117316436	0.0246820816647819	0.00556666179916194	0.023863395180492	0.00985604569730561	0.0252141193074675	0.00995626246597301
HMEC_4_G2_4A_2	0.0210051199112429	0.01337137723147	0.0250304923722506	0.0376329705381153	0.0150146483418655	0.0140916798757834	0.0561677470951349	0.0276375500600826	0.01012436406475	0	0.0209668775962491	0.0323371909640469	0.013148246539197	0.0157718387805453	0.0547376544897688	0.0177143069898328	0.0149076225182066	0.0150539438477857	0.00606261282477782	0.00897656012441399	0.0109728017262935	0.00879128041173239	0.0115419126341139	0.0142279424742967	0.0079018639271785	0.014401925510115	0.0156764009684847	0.0225725651999022	0.0109956400137868	0.00951648778166678	0.0360468164261416	0.0254119302596648	0.0214852610124708	0.0169113114148844	0.00863922371018677	0.0150615978266947	0.0106492146481365	0.0135644330579962	0.014532490967535	0.00573184122388557	0.0124488309246672	0.00772603529049628	0.0107241333055202	0.0356180673412146	0.0228223354834469	0.0105910477946487	0.00901972231539125	0.0124384115527757	0.026214769084265	0.00722103554512555	0.0135865399912488	0.0152677571669556	0.0102939384547179	0.0099518348702209	0.0218978239594649	0.00760902354733943	0.0216227885030233	0.0196195401767745	0.0082213799714011	0.0332517456379764	0.011598038952728	0.0216280927022081	0.016226659807892
HMEC_4_G2_4A_3	0.0349422223858014	0.0105900459675776	0.0276929194705149	0.0470670723801134	0.014920801356281	0.0168059373991965	0.0543531403595919	0.0245289803067048	0.0193878805486059	0.0209668775962491	0	0.0339494985889566	0.0154053726404486	0.013980427450452	0.0505112933065857	0.0251510410034717	0.028252487374889	0.0182006958113846	0.0151815555559633	0.0143561038837888	0.0180837841832606	0.0143854863589632	0.016817417881853	0.00897026969955812	0.0142431611291713	0.0237326438494339	0.0134591242485599	0.0313264408433395	0.0174114702685338	0.0161886609444263	0.0435709855362367	0.0360910012174494	0.0137333168415589	0.0263664929734965	0.0176060738774385	0.0205400597937256	0.0164839073340149	0.00788181035692255	0.0249053212612053	0.0156044695441471	0.00868039012479298	0.0202520005968946	0.0121655445660417	0.0305943826170364	0.0300385783151641	0.0104861225331113	0.0238252028480502	0.0104255390366765	0.024836353235827	0.0149621512196419	0.00777626890036826	0.0161955064444867	0.0182669156401145	0.0129225148686159	0.00678865179422867	0.015938514837706	0.0174113371359771	0.01641949032997	0.0236708826748297	0.0249948926316844	0.0169989638208172	0.0130061279156071	0.0110130062528837
HMEC_4_G2_4B_1	0.02005488384912	0.0300017006824512	0.00876019516787603	0.0182077449231853	0.0213213418331039	0.0413398201553098	0.0255677869183155	0.0124884398490512	0.0225235878254155	0.0323371909640469	0.0339494985889566	0	0.0228800521991067	0.0418667989521519	0.0816412635445159	0.0168004049938981	0.0462606663431667	0.0186454492432263	0.0303505986437718	0.0271463957141345	0.023053531655007	0.0317992996820059	0.0405664611425811	0.0301472310397808	0.0326004734265863	0.018661292023522	0.0415224016302921	0.012574085753032	0.0225307258725924	0.0245939057857325	0.0145714639574697	0.0154541008265014	0.0447396272203113	0.0162269626742238	0.0251286564094792	0.0178400603240594	0.0232959485035449	0.0301690891340865	0.0183873411836629	0.0298366484723307	0.0325005417581215	0.0391595605742337	0.0355132769736288	0.0616722350120218	0.0132501277249784	0.0305478793504293	0.0401149837009201	0.0356696372434818	0.0540545135942663	0.0313148560334661	0.0305056024615649	0.0198390050508379	0.0269858162215635	0.0274963162189398	0.0394897596502957	0.0273369542575625	0.0469684018557782	0.0436531014942538	0.0249896746367526	0.0156611499133372	0.0267127767504235	0.0431619571906631	0.0238871537067605
HMEC_4_G2_4B_2	0.0205711677956666	0.0118100101584602	0.0149313481865785	0.0325461654597548	0.00254440313256315	0.0208391770353676	0.0450934483429572	0.0151428278091342	0.00561042336631261	0.013148246539197	0.0154053726404486	0.0228800521991067	0	0.0202390216554309	0.0613364358962169	0.00995706500747077	0.0270800443273879	0.00621152997187776	0.00968643385113231	0.00495502991240335	0.00826659238781715	0.0124973337100197	0.0187438697896133	0.011558539840873	0.0123127563205606	0.00866060946339002	0.019759977309119	0.0168793274777962	0.0035409125373446	0.0063552125224049	0.0293756898570067	0.0211032878546169	0.0241581547760049	0.0118247982293714	0.00812025927178545	0.00612920383466038	0.00334441553249023	0.00986824522253984	0.0103540622129884	0.00863071536426025	0.0106475903585989	0.0182108119863496	0.0142269482778523	0.0412142133209848	0.0152782249707843	0.00919323974359306	0.0210655174219774	0.0144126489151415	0.0329811752694017	0.0114952605372934	0.0101660135844643	0.00594289354539382	0.0121085826321764	0.00776802617130231	0.0202382595751145	0.00573516746756228	0.0263327509455914	0.0242365190397558	0.0110280879644093	0.0206871585492134	0.0119259298676894	0.0236902419242131	0.00545458707682147
HMEC_4_G2_4B_3	0.0357201375596995	0.0128223986835431	0.0348080635915266	0.0513370185048444	0.021227859209225	0.00504589268065155	0.0646456560693722	0.0342143390033683	0.0212975486889656	0.0157718387805453	0.013980427450452	0.0418667989521519	0.0202390216554309	0	0.0412294084451894	0.0293062525328105	0.0158264456777458	0.0233640522063771	0.0128627446257054	0.0158908551914644	0.0200555436095033	0.011402915157744	0.00512813077791591	0.0126210602650053	0.0103611968355081	0.0266290117102425	0.000812026437587451	0.0353135246477887	0.0204259634005359	0.0179810399205096	0.0488941508341234	0.0392298009900022	0.00621890844058312	0.0294863527565125	0.0182233886077981	0.0250979539261143	0.0194507754546598	0.0121425374390743	0.0273022416273715	0.0137619252791336	0.00998811238077844	0.010138833538414	0.0065673814515051	0.021252424515536	0.0348470454142432	0.0113930666979134	0.0134916613340658	0.00622006445228214	0.0128316018930677	0.0118959665522247	0.0118198162336814	0.0220430646495596	0.0178360333345964	0.0145440366830241	0.0101981309720385	0.016366028180347	0.00681302047445342	0.00752353853283057	0.0226331024779429	0.0368820237468699	0.0175838862878267	0.00796958109089055	0.0190537553164955
HMEC_4_G2_4C_3	0.0747124182132312	0.0517594108059324	0.0754831676654141	0.0915977752034763	0.0620313272141965	0.0415197283169583	0.104339980388799	0.0743377969804926	0.0620470817160341	0.0547376544897688	0.0505112933065857	0.0816412635445159	0.0613364358962169	0.0412294084451894	0	0.070358389281187	0.0435079714241484	0.0637079610201653	0.0533951883413301	0.0570465518189827	0.0598137007712412	0.0508598663034902	0.0440165270605083	0.0516964638175475	0.0504251955221035	0.0674048655128345	0.0417371196079924	0.0756767926427194	0.0613667301048191	0.0583902285486526	0.089606571766657	0.0795360501320978	0.0376116150334296	0.0698796852498251	0.0582125828883938	0.0659189927428373	0.0604003649696364	0.0522563580459646	0.0676941884372486	0.0545418099869564	0.0508447417348286	0.0472969089221908	0.0473725240532951	0.0202241625331223	0.0758204081030172	0.0522694030408961	0.0473970584142517	0.0469803333271954	0.028763289032187	0.0518207430161234	0.0519189762540038	0.0622241257761179	0.056191737747372	0.0549480958037621	0.0438672478916473	0.0574208427538926	0.035098629332501	0.0381400268060573	0.0622616500957559	0.0748918546677563	0.0558888371216385	0.0388104783559266	0.059264191714886
HMEC_4_G2_4D_1	0.0131535473712959	0.0204009607379106	0.00854881761604766	0.0228095369288856	0.0103329392940706	0.0291213186342471	0.0388215103525611	0.0130933712081774	0.00862766190840645	0.0177143069898328	0.0251510410034717	0.0168004049938981	0.00995706500747077	0.0293062525328105	0.070358389281187	0	0.0325605211672873	0.009258188234236	0.0171368831170317	0.0134427495215391	0.0125911140242735	0.0201846744323198	0.0268319635569952	0.02058646041485	0.0202154382839595	0.00389471311788198	0.028895747790764	0.0081085336819014	0.00917913591684824	0.0126790428837135	0.0198008853929538	0.0114822653786646	0.0337128693351983	0.00526907221348156	0.0133065573541391	0.00561486605900141	0.0101665646627554	0.0194958390735519	0.00562780954005602	0.0159483229266629	0.0203278926046767	0.0247884619601042	0.0230543170892039	0.0504064573771396	0.00561878704315328	0.0184794096940747	0.0265441755105166	0.0236526401102539	0.0417360838987238	0.0189821792282513	0.019799014818606	0.01107135655616	0.0171489381388736	0.0160403155977991	0.0300992052427471	0.0130262849698629	0.035498818078666	0.0330779409609372	0.0111446182252868	0.0211169154984081	0.0175652485727088	0.0331575805081597	0.0143650762959147
HMEC_4_G2_4D_2	0.0332994166223898	0.0216281284077594	0.0395694174985456	0.0510237125503879	0.0286476336998719	0.0122670456056008	0.0707349256685535	0.041895083560664	0.0246745682972588	0.0149076225182066	0.028252487374889	0.0462606663431667	0.0270800443273879	0.0158264456777458	0.0435079714241484	0.0325605211672873	0	0.0286945599145115	0.0176654795776713	0.0222522091543931	0.0236843199146946	0.0168920599726709	0.0121853048758398	0.022580874777541	0.0161913437336614	0.0290906683113838	0.0163356305540185	0.0365963379363421	0.0252885951227411	0.0226685053366396	0.0501085976070841	0.0391279840171399	0.0203171644594666	0.0311215066189988	0.0215768632090594	0.0295284740749124	0.0247218837202429	0.0228331550618513	0.0288285741438507	0.01846993924963	0.0211746108006702	0.00954248731509568	0.0163459012542878	0.0269570590606626	0.037494846844142	0.0204974675469379	0.00621845459114748	0.0178972279200723	0.0178549539717895	0.0167419969574351	0.0226458914847886	0.028420881313189	0.0203726525634255	0.021333043362237	0.0253098296653241	0.0214556999650782	0.0177323659086828	0.0169338124779085	0.0221689129658652	0.0463948280483093	0.0213785374672302	0.0211203888054567	0.028503270815454
HMEC_4_G2_4D_3	0.0174240147791561	0.0122164135553099	0.0120156449869015	0.0295011274072214	0.00493590742913592	0.0228663781023023	0.0426328925025371	0.0139038352129309	0.0057696141054597	0.0150539438477857	0.0182006958113846	0.0186454492432263	0.00621152997187776	0.0233640522063771	0.0637079610201653	0.009258188234236	0.0286945599145115	0	0.0118340057794137	0.00904480072448168	0.00546462855487012	0.0134064701088885	0.0219566726282336	0.0124890794588667	0.0140359131335492	0.00726696116828415	0.0230445049722839	0.0133969818342366	0.00493070239041298	0.00612730440487023	0.0266498067652261	0.0184310390446924	0.0268080050362069	0.00858779979456067	0.00716661188666182	0.0036995965420234	0.00531443755550428	0.0122820788826318	0.00772102046756884	0.0114886628626934	0.0143736230740463	0.0209385551776762	0.0169210399937527	0.0436617435598702	0.0134438437742776	0.0120871267655037	0.0224905553386102	0.0172249615709213	0.0356196411722465	0.0128212447833123	0.0126045685774067	0.00214450847453592	0.0100022347643118	0.00891277896438278	0.0227068672911745	0.00942419500431271	0.0287573718224544	0.0257279379468366	0.0103607640125413	0.0188022803615443	0.00968386650343158	0.0256031733787361	0.00777952947051368
HMEC_5_1_1	0.0230106720770735	0.00759878049427608	0.0231718049781135	0.0385723231327686	0.0110244063050215	0.0119943542099909	0.0540723246142035	0.024424376998718	0.00868962291359179	0.00606261282477782	0.0151815555559633	0.0303505986437718	0.00968643385113231	0.0128627446257054	0.0533951883413301	0.0171368831170317	0.0176654795776713	0.0118340057794137	0	0.00502906980615471	0.00806280498864466	0.00414912202999102	0.010348465568909	0.00826177476377862	0.00329985652021942	0.0140362451925718	0.0126501322507002	0.022592726121339	0.00835746956085778	0.00581922348075718	0.0363539756922045	0.0264491061298408	0.0177500079231217	0.0167303541997938	0.00582131789403808	0.0130182988094095	0.00754541246490814	0.00755558807066098	0.0144992426691013	0.00183919358747762	0.00710142111525655	0.00925363469632337	0.00650222270789605	0.0335854734791761	0.0225357128794189	0.00470625864857946	0.0116830234782659	0.00776070252485766	0.0247773895914866	0.00247670174436183	0.0075917887454303	0.0112630123315293	0.00749074238312117	0.00429545729332662	0.0166507081560499	0.00477879929112662	0.0187926390369536	0.0164240270389542	0.0100501368362464	0.0289189476293019	0.00792927063203071	0.0174241411386077	0.0110805475960615
HMEC_5_1_2	0.02190205227765	0.00927163126377439	0.0194021312604693	0.0358465525529019	0.00677400546212293	0.0162253411081051	0.0499505380367008	0.0200590093061712	0.00613994125668405	0.00897656012441399	0.0143561038837888	0.0271463957141345	0.00495502991240335	0.0158908551914644	0.0570465518189827	0.0134427495215391	0.0222522091543931	0.00904480072448168	0.00502906980615471	0	0.00775743998516336	0.00841594245368128	0.0139197971948956	0.00926920016291917	0.00780988058253053	0.0110911342119586	0.0154666258557554	0.0199628156561599	0.00488703226153958	0.00488784046154964	0.0331289598206172	0.0239050040055664	0.0204117065122514	0.0143125266107599	0.00624186939867552	0.00958640287665069	0.00401018101927457	0.00745869023067447	0.0122749953456758	0.00381575454987505	0.00724502759011912	0.0132834307111094	0.00977764639131343	0.0370385954220889	0.0189967449731278	0.00544058500216451	0.0163351303091903	0.0103252733778285	0.0284789508562875	0.00714169652713229	0.00765446974599468	0.00853010275472012	0.00989014817867143	0.00481689614899191	0.0177575450660947	0.00169125853682359	0.0221652667645387	0.0201874308155036	0.00990772547868606	0.0251174763918144	0.00998666370024089	0.0201938915792153	0.00755129389879374
HMEC_5_1_3	0.0175842781114648	0.00942333964444964	0.0168933869749584	0.0323330269581677	0.00819818365989706	0.0186547020393858	0.0476959059680458	0.0193667973576171	0.00526335080588737	0.0109728017262935	0.0180837841832606	0.023053531655007	0.00826659238781715	0.0200555436095033	0.0598137007712412	0.0125911140242735	0.0236843199146946	0.00546462855487012	0.00806280498864466	0.00775743998516336	0	0.00906054794626531	0.0181922367711208	0.0103297251184607	0.00993815839273897	0.00923077455229353	0.0198819381628713	0.0161362983951255	0.00542426458062784	0.00289842275085979	0.0301628129049317	0.020720060176518	0.023870360424226	0.0106048760817451	0.00242623486801317	0.00755564597664115	0.00531028205498419	0.0107702233374864	0.00889428165865913	0.00829919994772734	0.0126265004452407	0.0166841901544189	0.0135208058394023	0.0400053865941816	0.0171110081983386	0.00976826763654938	0.017511560974949	0.0142458271717237	0.0316913366559141	0.00851230310651155	0.0110124140754111	0.00566679529942843	0.00474469573798644	0.00598348876736448	0.0210804953998848	0.00767047033231242	0.0252154768913	0.0218892392228181	0.00766702993882636	0.0238212727444359	0.004977363608894	0.0226288499791844	0.00984811856798457
HMEC_5_2_1	0.0252040776709776	0.00520841681839187	0.0253232179615411	0.0410254865864601	0.0131693732192611	0.00961415184800194	0.0559365290263369	0.026335402413404	0.0116325468377382	0.00879128041173239	0.0143854863589632	0.0317992996820059	0.0124973337100197	0.011402915157744	0.0508598663034902	0.0201846744323198	0.0168920599726709	0.0134064701088885	0.00414912202999102	0.00841594245368128	0.00906054794626531	0	0.00992823437238201	0.00637368091255786	0.00185091408547726	0.0169332195097762	0.0113850018676112	0.0249011643841785	0.0111940542219977	0.00769101698393859	0.0389031336104057	0.0290844766898613	0.0154566452631979	0.0191314310233072	0.00738398958957305	0.0154574323015602	0.0103426722900232	0.00713733746132941	0.0170466376995916	0.00597278366909968	0.00763896083925802	0.0097803058608224	0.00529380893577186	0.0310660456441447	0.0253615733776173	0.00534945780692513	0.0112323013653812	0.00641575425556015	0.0226353131515112	0.00175745090901149	0.00707601505617246	0.0124637604595532	0.00647458243530169	0.00501291998613618	0.0146561990190431	0.00861045502994056	0.0163245343261501	0.0132025481330669	0.0127602676305164	0.029776009994154	0.00643162139281989	0.0145324012715755	0.0123299715106298
HMEC_5_2_2	0.0322722194368915	0.0132269561194509	0.0332097055714739	0.0484024203534396	0.0201928944181687	0.00532086107874289	0.0637601246700052	0.0335814489612936	0.0187840538105965	0.0115419126341139	0.016817417881853	0.0405664611425811	0.0187438697896133	0.00512813077791591	0.0440165270605083	0.0268319635569952	0.0121853048758398	0.0219566726282336	0.010348465568909	0.0139197971948956	0.0181922367711208	0.00992823437238201	0	0.0134256288183666	0.00846082717944075	0.0239692168316387	0.00519980003886031	0.032712495921801	0.0183587732086389	0.0160889992332492	0.0462784365877604	0.0361725347409819	0.0112695472988097	0.0268560766610473	0.0160184179007901	0.0231449936798548	0.0174955837036168	0.0126966065795051	0.024545774167792	0.0110230986118106	0.0101648680648237	0.00512731417150354	0.00598444386767845	0.0245945773298921	0.032367599481551	0.0107536793541889	0.00921583621649925	0.00702158432945496	0.0152894298013758	0.00979599258297837	0.0124451164188482	0.0210477071556542	0.0160617220130083	0.0133715850703501	0.0145514163069451	0.0138819867720046	0.0109357561222169	0.0108493264929209	0.0191661047392291	0.0373683084012082	0.0163192684356784	0.0126458506489007	0.0189616570528722
HMEC_5_2_3	0.0278684207683347	0.00164948972078001	0.0240358171006761	0.041879883232157	0.0112310926593386	0.0126849023164811	0.0532831646737853	0.0233532991781064	0.0131492655604083	0.0142279424742967	0.00897026969955812	0.0301472310397808	0.011558539840873	0.0126210602650053	0.0516964638175475	0.02058646041485	0.022580874777541	0.0124890794588667	0.00826177476377862	0.00926920016291917	0.0103297251184607	0.00637368091255786	0.0134256288183666	0	0.00707799050929246	0.0180733786731314	0.0123956820003473	0.0256528266995055	0.011730145336094	0.00893872627550481	0.0391207121416919	0.0304366614723712	0.0146812323181412	0.0202587675724735	0.00978367346661911	0.0153127955778488	0.0107737498627089	0.00304078523862933	0.0185752737139395	0.00937713641499532	0.00613329015093051	0.0150708551100085	0.00745892492356207	0.0315933547794316	0.0255803155220992	0.00488619537258895	0.0173205061188905	0.00679265528734181	0.0243005709664537	0.00729299010057968	0.00302900958299943	0.0107198192107107	0.00943431334728779	0.0053806426701732	0.0108383413320275	0.0104773552538656	0.0169170037335766	0.0139434993260358	0.0164039346750268	0.0253267448589808	0.00816812541980369	0.013172232532549	0.00863306665161957
HMEC_5_3_1	0.0256298172892773	0.00625695770392045	0.0257793036932816	0.0414429095878659	0.0132877411174102	0.00900775162864403	0.0564807296801629	0.0266780459791618	0.0116964118377275	0.0079018639271785	0.0142431611291713	0.0326004734265863	0.0123127563205606	0.0103611968355081	0.0504251955221035	0.0202154382839595	0.0161913437336614	0.0140359131335492	0.00329985652021942	0.00780988058253053	0.00993815839273897	0.00185091408547726	0.00846082717944075	0.00707799050929246	0	0.0170648300144879	0.0102789589821485	0.0253723004743025	0.0112327078689317	0.00813722217738636	0.0392706195682831	0.0293860784544142	0.0149541030460691	0.0195369407041505	0.00798935399256216	0.0157611939564946	0.0103547562416756	0.00710473617718654	0.0173658818988655	0.0049928287379769	0.00672365196722653	0.00836755152813256	0.00407684384288364	0.0306050962316982	0.0255451867384195	0.00476470622794014	0.0105548100637221	0.00550157734653421	0.0219552333215712	0.00153636524279805	0.00701268286359343	0.0131416940485227	0.00790147602263313	0.00542764370149023	0.014485270934165	0.0079296622412699	0.0158151286954677	0.0131811929478554	0.0128139422723961	0.0304098251092397	0.00802129852588676	0.0144455943562177	0.0124856767365359
HMEC_5_3_2	0.0120868596100452	0.017652890568265	0.0110374014934676	0.0247953898454037	0.00928136423416124	0.0259779322769921	0.0419674253334144	0.015536097952841	0.00539281855980819	0.014401925510115	0.0237326438494339	0.018661292023522	0.00866060946339002	0.0266290117102425	0.0674048655128345	0.00389471311788198	0.0290906683113838	0.00726696116828415	0.0140362451925718	0.0110911342119586	0.00923077455229353	0.0169332195097762	0.0239692168316387	0.0180733786731314	0.0170648300144879	0	0.0262924344294254	0.0090670428437183	0.00660787219060883	0.0095488984216103	0.0223576485128324	0.0128409269168661	0.0311588211772226	0.00374857108373159	0.00983272362205097	0.00399541582453148	0.00763390087085023	0.0172758004014472	0.00241192132679857	0.0130141796802006	0.0181673844145795	0.0216681711986315	0.0202420640570166	0.0475572251295839	0.00864030447904255	0.0159766117269636	0.0230321508993622	0.0210160722595479	0.0387924316291499	0.0157327036168702	0.0175620781008466	0.00921663741525729	0.013568380290122	0.0131971068939927	0.0280574424642852	0.0104481747837341	0.0326739940544615	0.0300368119172283	0.00743458736768998	0.0227605847014453	0.0141745448673061	0.0305076760118034	0.0132366891090077
HMEC_5_3_3	0.0355668920293205	0.0126795455193253	0.0343945785576152	0.0510320629071735	0.020766738869456	0.00570573167796096	0.0641526459630694	0.0336986227226873	0.0209839722753154	0.0156764009684847	0.0134591242485599	0.0415224016302921	0.019759977309119	0.000812026437587451	0.0417371196079924	0.028895747790764	0.0163356305540185	0.0230445049722839	0.0126501322507002	0.0154666258557554	0.0198819381628713	0.0113850018676112	0.00519980003886031	0.0123956820003473	0.0102789589821485	0.0262924344294254	0	0.0350212634176268	0.0200605732707083	0.0177308324507119	0.0485289357468429	0.0389355217037306	0.00644884101585961	0.0292061422024943	0.0180494905399727	0.0247319033408071	0.0190819153346064	0.0117420348171513	0.0270299865093798	0.0134711162638977	0.00945060392415395	0.0102440093415991	0.0063710384223629	0.0217527889946795	0.0344490059783215	0.0110110091589109	0.0138408381046868	0.00591284144757541	0.013419914006144	0.0118106695066038	0.0114205290687257	0.0217123631419544	0.0178431434165131	0.0142842072387666	0.00992705045666547	0.0159800228541167	0.00740159570778141	0.00818376876047422	0.022465407546062	0.0364009447308867	0.0175730786859511	0.00826139861319487	0.0185670515823292
HMEC_5_4_1	0.00839392390748648	0.0251351318929997	0.00829150879941731	0.01627175195231	0.0166075113686155	0.0342550658987469	0.0356990886937019	0.0157822291650651	0.014092586551747	0.0225725651999022	0.0313264408433395	0.012574085753032	0.0168793274777962	0.0353135246477887	0.0756767926427194	0.0081085336819014	0.0365963379363421	0.0133969818342366	0.022592726121339	0.0199628156561599	0.0161362983951255	0.0249011643841785	0.032712495921801	0.0256528266995055	0.0253723004743025	0.0090670428437183	0.0350212634176268	0	0.0151865989657454	0.0175394806864206	0.0141724242554902	0.0054659735168765	0.0395442297532912	0.00587014142659593	0.0175198950318923	0.0109519386909992	0.0161843010727553	0.0253447902860726	0.00818690310712215	0.0218051822191488	0.0267808165441358	0.0301198727353204	0.0288078629940743	0.0559066792260601	0.00512544410169857	0.024468775987044	0.0306807789670296	0.0295453768667655	0.0472657879581641	0.0239327867802574	0.0256536793298336	0.0154636762223899	0.020095777450226	0.0212731102503436	0.0359957211871744	0.0194253504881524	0.0410492717529229	0.0379732009986737	0.0145255694072338	0.0228641578847772	0.0206225999011212	0.0385213892416118	0.0204082005365694
HMEC_5_4_2	0.0178142074175881	0.0114802370156365	0.0149073611397736	0.0312207518413816	0.00471666842067976	0.020176246482983	0.0458712560100076	0.0167107842595054	0.00222488401207299	0.0109956400137868	0.0174114702685338	0.0225307258725924	0.0035409125373446	0.0204259634005359	0.0613667301048191	0.00917913591684824	0.0252885951227411	0.00493070239041298	0.00835746956085778	0.00488703226153958	0.00542426458062784	0.0111940542219977	0.0183587732086389	0.011730145336094	0.0112327078689317	0.00660787219060883	0.0200605732707083	0.0151865989657454	0	0.00394285166514593	0.0285255034515687	0.0194055621717288	0.0246842802124365	0.00959711543521214	0.00525143078497732	0.00480346659809357	0.00102967883641777	0.0106985228757074	0.00775087870797387	0.00744759696569686	0.0116363369865917	0.0170208756604441	0.0140315253315058	0.0413625304038946	0.014534079538097	0.00944139957829142	0.0191310681206513	0.0146074210532849	0.0328491960813877	0.0100780015366159	0.0109788016191053	0.00544146380086883	0.0095400709229697	0.00690536759926908	0.0214741416162183	0.00482589265802153	0.0264180770742599	0.0239143250467451	0.00770274823773562	0.0224372854227462	0.00974046761868001	0.024049512946697	0.00776533515335049
HMEC_5_4_3	0.0191781488257627	0.00828402891275904	0.017738847450454	0.0337632777792278	0.00688523333286089	0.0171116788283264	0.048645016828041	0.0194798951221842	0.00448026042911018	0.00951648778166678	0.0161886609444263	0.0245939057857325	0.0063552125224049	0.0179810399205096	0.0583902285486526	0.0126790428837135	0.0226685053366396	0.00612730440487023	0.00581922348075718	0.00488784046154964	0.00289842275085979	0.00769101698393859	0.0160889992332492	0.00893872627550481	0.00813722217738636	0.0095488984216103	0.0177308324507119	0.0175394806864206	0.00394285166514593	0	0.0313715559390993	0.0219321977336782	0.0220546360802633	0.0118126201379076	0.00194379270525513	0.00777881067546186	0.00335859043865679	0.00869301401213102	0.00986790274844265	0.0057732905367337	0.0100863619656759	0.0148761792700419	0.0114192271566132	0.0384583968889129	0.0177501551748822	0.00732152495396708	0.0164852155075278	0.0121135726127478	0.0300311850985917	0.00683275505708099	0.00893293606336902	0.00587475619418616	0.00581606473533964	0.00385381268576707	0.0192990543316957	0.00495104802430868	0.0235467951099749	0.0206313537502961	0.00788675723317431	0.0241422553994153	0.00595945631674066	0.0211326161757311	0.0082535269401976
HMEC_5_5_1	0.0183094747138973	0.0387994831661794	0.0162063845573571	0.00527880368488319	0.0289843184584034	0.0482050905595595	0.0264068573876667	0.0219577306865773	0.0276877112300822	0.0360468164261416	0.0435709855362367	0.0145714639574697	0.0293756898570067	0.0488941508341234	0.089606571766657	0.0198008853929538	0.0501085976070841	0.0266498067652261	0.0363539756922045	0.0331289598206172	0.0301628129049317	0.0389031336104057	0.0462784365877604	0.0391207121416919	0.0392706195682831	0.0223576485128324	0.0485289357468429	0.0141724242554902	0.0285255034515687	0.0313715559390993	0	0.0111277765220879	0.0530956293854748	0.0198571720570589	0.0315506690188473	0.0240538455927602	0.029527270025383	0.0385579049967879	0.0220629107953683	0.0353632903817165	0.0398931719806363	0.0436426916867057	0.0424874104586249	0.0697522548799955	0.0142056289421969	0.037897409011387	0.0443708171417453	0.0431111396704387	0.0611012515762858	0.0378806767848776	0.0388818581327949	0.0285129414016761	0.03423160664788	0.0349773636764762	0.048974433436153	0.0326690283387031	0.0548413342747724	0.0519380994927413	0.0281610216148055	0.0281986377735791	0.0346674875491089	0.0521595107702242	0.0326391471107035
HMEC_5_5_2	0.00780652557662912	0.0298837988738708	0.0123597353709682	0.0122616852552341	0.021226605515112	0.0381133038433324	0.0356974313118886	0.0197194513743565	0.0180638641894259	0.0254119302596648	0.0360910012174494	0.0154541008265014	0.0211032878546169	0.0392298009900022	0.0795360501320978	0.0114822653786646	0.0391279840171399	0.0184310390446924	0.0264491061298408	0.0239050040055664	0.020720060176518	0.0290844766898613	0.0361725347409819	0.0304366614723712	0.0293860784544142	0.0128409269168661	0.0389355217037306	0.0054659735168765	0.0194055621717288	0.0219321977336782	0.0111277765220879	0	0.0438559760150824	0.0101991543218655	0.0217710525661971	0.0155817949470063	0.0204304947044903	0.0299443477923235	0.0120940322506095	0.025500074808672	0.0310020010128872	0.0331097796366541	0.0328428772345721	0.0599389803758547	0.00738763858286236	0.0287586839337965	0.0335057086182048	0.0337299870833221	0.0510100390839051	0.0279523007259073	0.030241322359843	0.0205362933011483	0.0244661063148334	0.0257341454605371	0.0406994404736311	0.0231350311146577	0.0451710794564475	0.0422676799692035	0.017455990014554	0.0272161994154267	0.0252236957806388	0.0430539700905493	0.0251814622038461
