	OM4_B_B_1	OM4_B_B_2	OM4_B_B_3	OM4_C_1A_1	OM4_C_1A_2	OM4_C_1A_3	OM4_C_1C_1	OM4_C_1C_2	OM4_C_1C_3	OM4_C_1D_1	OM4_C_1D_2	OM4_C_1D_3	OM4_C_1E_1	OM4_C_1E_2	OM4_C_1E_3	OM4_C_1F_1	OM4_C_1F_2	OM4_C_1F_3	OM4_C_1G_1	OM4_C_1G_2	OM4_C_1G_3	OM4_C_1H_1	OM4_C_1H_2	OM4_C_1H_3	OM4_C_2A_1	OM4_C_2A_2	OM4_C_2A_3	OM4_C_2B_1	OM4_C_2B_2	OM4_C_2B_3	OM4_C_2C_1	OM4_C_2C_2	OM4_C_2C_3	OM4_C_2D_1	OM4_C_2D_2	OM4_C_2D_3	OM4_C_2E_1	OM4_C_2E_2	OM4_C_2E_3	OM4_C_2F_1	OM4_C_2F_2	OM4_C_2F_3	OM4_C_2G_1	OM4_C_2G_2	OM4_C_2G_3	OM4_C_3A_1	OM4_C_3A_2	OM4_C_3A_3	OM4_C_3B_1	OM4_C_3B_2	OM4_C_3B_3	OM4_C_3C_1	OM4_C_3C_2	OM4_C_3C_3	OM4_C_3D_1	OM4_C_3D_2	OM4_C_3D_3	OM4_C_3E_2	OM4_C_3E_3	OM4_C_3F_1	OM4_C_3F_2	OM4_C_3F_3	OM4_C_3G_1	OM4_C_3G_2	OM4_C_3G_3	OM4_C_3H_1	OM4_C_3H_2	OM4_C_3H_3	OM4_H_4A_1	OM4_H_4A_2	OM4_H_4A_3	OM4_H_4B_1	OM4_H_4B_2	OM4_H_4B_3	OM4_H_4E_1	OM4_H_4E_2	OM4_H_4E_3	OM4_H_4F_2	OM4_H_4F_3
OM4_B_B_1	0	0.0105812331589853	0.00645071006945755	0.01359003638667	0.00718795282979459	0.0273552328545138	0.0313042614733297	0.0386146605605316	0.0579516164216783	0.158125920862173	0.196336366734416	0.2156696585864	0.075481689404122	0.103113031344038	0.125296668027558	0.0879967690961889	0.108118356328903	0.135669423837863	0.0848382687440435	0.103361349304251	0.10194073107297	0.0264379786985422	0.0204088900628837	0.0497529680501751	0.0105917060981065	0.0186634854631751	0.0127429087363438	0.0393590711208901	0.0397456008682076	0.0422253157802496	0.0563589770448016	0.0776581101526452	0.0700392347551729	0.0661725017451415	0.079324611596881	0.0994582357662766	0.0531949179959062	0.0909634200425653	0.126463968867676	0.0606628721961063	0.092363837775602	0.112464138352468	0.0476088978648354	0.0570229676773717	0.089298534525433	0.0236867147605485	0.0436805858992595	0.0835602391910963	0.0246497615977104	0.0575425092015963	0.0432476370792262	0.166113772542674	0.164842213019752	0.167427837831106	0.0642506322011678	0.0722671021185817	0.0987869197376576	0.0889180006344453	0.123470867933268	0.070508227342812	0.0932102459647807	0.119840686808328	0.0693572709948887	0.11444031565698	0.137021153930594	0.052467091734847	0.0627405490127503	0.122065879788177	0.0383626541571111	0.0526412755052135	0.0869199991314536	0.00677293016206331	0.0188585265748286	0.027905943412984	0.020501559459514	0.033990559949824	0.0417458742034818	0.171142927426216	0.182711195131594
OM4_B_B_2	0.0105812331589853	0	0.0132222885096133	0.0191588338399379	0.0140374068748235	0.0328426129874242	0.038342513572157	0.0445121810541248	0.0638579624423575	0.160669750745052	0.19996932439154	0.219184408792132	0.0802979151042386	0.107466334689193	0.130454429335237	0.092036529478208	0.112065196370418	0.140291330415793	0.0878120703775199	0.106257700560661	0.106521972498962	0.0315069972615197	0.0261694884621691	0.0557011668396889	0.0158485493761937	0.0247386912118047	0.0195877820313584	0.0444165646964524	0.0455085177973046	0.0487259200366968	0.0617497114690356	0.0832354741929824	0.0757621168130177	0.071504242870617	0.0853140887323465	0.10555594504124	0.0592726918229212	0.09671958128834	0.132099742044667	0.0667670780421372	0.098338945785989	0.118531967077202	0.052027984243478	0.0627168655584325	0.0951778103883166	0.0297923108249979	0.0490427269001735	0.0887616655014831	0.0291865999220502	0.0614492774404084	0.0472988148391755	0.168845003561338	0.168360846589553	0.170403459410092	0.0698147159105414	0.0785624037003199	0.103889692655518	0.0941735213811959	0.128457311184273	0.0766172082570731	0.0985080546019398	0.125076643070418	0.0751508967450899	0.119642356514333	0.142023237185757	0.0585968902647647	0.0684792692290355	0.127596878084492	0.0436213297011217	0.0590173133612727	0.0931269740491615	0.00916944219079157	0.0242482043621429	0.0337086429480897	0.0266827755371758	0.0397712328294718	0.0477778429382026	0.174493694446894	0.185948657480961
OM4_B_B_3	0.00645071006945755	0.0132222885096133	0	0.010654457004154	0.00508411002155428	0.0220154438434407	0.0265521273213202	0.0344714682418857	0.0534784425999379	0.157823459328929	0.195145818282725	0.214306415626672	0.0733274469451241	0.100402465945382	0.122411993009139	0.0866353289362865	0.106290333810145	0.13314221237127	0.0839391178673019	0.10242483975158	0.0996937414058213	0.0221917423974251	0.014697457884749	0.045128460236023	0.0091827525799168	0.0167309848231269	0.0103847441473363	0.0366269007447429	0.0355511752452868	0.0374004773508073	0.0524835497207149	0.0740263756497362	0.0658833857419014	0.0624986049228264	0.0753240715440112	0.0953247069902357	0.0495108809884112	0.0869451087998403	0.122956219481831	0.0571096187593246	0.0883346661698288	0.108627994909185	0.0436079678404597	0.0526361186902055	0.0849891692775342	0.0190569243893715	0.0402757390670406	0.0797563380335738	0.0237571540412518	0.0560529150288042	0.0412356308471012	0.165489857097855	0.163635251821955	0.166645556739736	0.0604887006219523	0.0685980504424238	0.095292337129563	0.085013901589562	0.119965395541244	0.0665856285489486	0.0891065914927507	0.115998755492226	0.0655516584395033	0.110948599790493	0.133532695722586	0.0487701256321841	0.0588212457848886	0.118490706213358	0.0343559618329749	0.0482902759735181	0.083108804211377	0.00638832709554883	0.0149964437590477	0.0244429340236363	0.0180176194802949	0.0300568770388358	0.0380439558744898	0.170200714143416	0.181521357893681
OM4_C_1A_1	0.01359003638667	0.0191588338399379	0.010654457004154	0	0.00733435640628781	0.017471552618084	0.0207356001671876	0.0271917771710155	0.0479508855780271	0.160934272072364	0.196539941642444	0.215684287126547	0.0716693616794278	0.09834500922195	0.12094025595927	0.0873832870682244	0.106659697044781	0.131950414232727	0.0867053119756051	0.104863297245832	0.0996498435747363	0.0166196328816431	0.0111096790045542	0.041421104383094	0.0140490574819568	0.016275891357915	0.0137598304603192	0.032020264932326	0.0288822990694035	0.0312856246725565	0.048110345661993	0.0682012313269155	0.0603325052456961	0.0569714385738703	0.0676248035239609	0.089217146688467	0.0428250513366126	0.0802301892006886	0.118857438632329	0.0511049076315676	0.0828445746531915	0.104265978627765	0.0364593218454306	0.0468230322612733	0.0797144163221524	0.0132011776920695	0.0360536812736809	0.0750087732810635	0.0282031087919212	0.0583823047514295	0.0435192265018834	0.168189573912669	0.164492281803703	0.169342280754304	0.0550214570068864	0.0637429180279609	0.0919772712908254	0.0804257625389613	0.117132323382485	0.0607142240095052	0.0845089799587671	0.111857067224484	0.0608424617956297	0.106153634611363	0.130041163449139	0.0430518226519867	0.0533929069338614	0.115238808352446	0.0279873245551042	0.0426191267846236	0.077855293650672	0.0128802755470341	0.011743423165471	0.0199753447453545	0.0106615807316372	0.0238170614015035	0.0310933056714495	0.171575926725613	0.183142054256653
OM4_C_1A_2	0.00718795282979459	0.0140374068748235	0.00508411002155428	0.00733435640628781	0	0.0215988403276684	0.0250515808425823	0.0318313948477094	0.0520247231940658	0.158860619508927	0.195824875215745	0.21505258158396	0.0725471371648796	0.0998718510890352	0.122295334217261	0.0868567218492851	0.106419174024672	0.132975594345679	0.0849736329207202	0.103266036616087	0.100052697679863	0.0198458885573708	0.014284507433221	0.0445415661455419	0.0103696018868852	0.0155049063522954	0.0106428280953846	0.0343714531256008	0.0334720510070742	0.0357254214476194	0.0511342520549578	0.0719375843648006	0.0642095151807776	0.0605080690610841	0.0727245239064172	0.0935752774688359	0.0470066563211271	0.0846200121177784	0.121781847689241	0.0550051002742271	0.0867334968606548	0.107428234807238	0.0411693227754999	0.0509342503013271	0.0835577858562719	0.0168904405056927	0.0382973500151522	0.0782001960083909	0.0255942504220246	0.056992947430983	0.0420711316547941	0.166573062146158	0.163938529888401	0.167767152853188	0.0585641911337655	0.0670793794460614	0.0944373318533567	0.0837335134455022	0.11947777468314	0.0647302283759747	0.0878636109814083	0.114944051507536	0.064042582277608	0.109459065450016	0.132717122978665	0.0468317141559956	0.0570145459971352	0.117680346148914	0.0321820305828138	0.0466489118845632	0.0814510864026505	0.00810532647717133	0.0137507140696477	0.0223219336053586	0.0142717189280609	0.0276143756687695	0.0356587801215679	0.170682803858872	0.182245546276041
OM4_C_1A_3	0.0273552328545138	0.0328426129874242	0.0220154438434407	0.017471552618084	0.0215988403276684	0	0.0129208954706684	0.0187066131797053	0.0338292200486714	0.154084465619958	0.187019107363071	0.205665468073813	0.0614636275845975	0.0861647288052995	0.107986529707501	0.0784978670498014	0.0967090822559509	0.119695415837379	0.0795676412896118	0.0971775886473951	0.0884330774119307	0.0119969314356053	0.00922276231416084	0.0259048003995674	0.0224083457360284	0.0183547778141508	0.0193762427970588	0.0247026530331381	0.0168797793692287	0.0201060896064792	0.0350612920295285	0.0558607823765616	0.0465905540299578	0.0445647625645559	0.0566289702461712	0.0754861288727616	0.0321138108439708	0.0678724929558212	0.105159610432406	0.0391793340249062	0.06893358311792	0.0901416605003011	0.0255622990622382	0.0330982031774558	0.065326066528712	0.0111134089940174	0.0262708212359294	0.0616542314470922	0.0285707774030637	0.0511533974184541	0.0364794441016824	0.16048332286722	0.155165220813814	0.161201124804939	0.0424841829037198	0.0504295946677877	0.0782987326107668	0.0666070131896938	0.103203845564603	0.0475386934227173	0.0700317833906935	0.0976074016654474	0.0475933654698548	0.0928834967168674	0.116213542429259	0.0309059508053441	0.0404604519568838	0.101230619855943	0.0181597064739281	0.0291784243263877	0.0645052494204225	0.0259968371931403	0.0208900328422484	0.0137877869551153	0.0158154274335632	0.0155357176938887	0.0203043252873849	0.162826095334808	0.173724003530117
OM4_C_1C_1	0.0313042614733297	0.038342513572157	0.0265521273213202	0.0207356001671876	0.0250515808425823	0.0129208954706684	0	0.0128274718930696	0.0317201137471333	0.159556783602634	0.191181231528383	0.209983228253845	0.064491238790589	0.089270277885493	0.109978199162673	0.0835015330522009	0.100388285758803	0.122375888326193	0.085855991791197	0.102902430254513	0.0922883274437376	0.0135516126622236	0.0134026627028894	0.0275880130341205	0.0281088976370783	0.0239581842990936	0.0247343970470007	0.0266819190374254	0.016372163559729	0.0116104547974028	0.0357006785272719	0.0536779253821917	0.0447518945113295	0.0436623207576984	0.0504390737220513	0.072152876645376	0.028111028801827	0.0635416492234974	0.10447284157383	0.0370283805568111	0.0666362812270711	0.0884919732711448	0.025410789549048	0.0311550692534106	0.0629718771131896	0.00975228804535604	0.0267026007473084	0.0609649826221187	0.0356254908462626	0.0572347090350551	0.0433626496936151	0.165838380900706	0.159273791232154	0.166344095724235	0.0410989113514808	0.0490868150723173	0.0794181967641268	0.0660963980258761	0.104402576243751	0.0450155353663228	0.0696285685497111	0.0973396088125145	0.0465576342427853	0.0923528155915645	0.116790153050829	0.0295139468519796	0.0388166244089438	0.101220659648068	0.0173262471818999	0.0259283315579055	0.0619038932966135	0.0311927889934385	0.0194514038242632	0.018051545577008	0.0169568615893923	0.013640421455637	0.0194052075632261	0.167240389669575	0.178469599000557
OM4_C_1C_2	0.0386146605605316	0.0445121810541248	0.0344714682418857	0.0271917771710155	0.0318313948477094	0.0187066131797053	0.0128274718930696	0	0.0249806157588374	0.158139381866049	0.188468791386537	0.207075608963962	0.0593371991346735	0.0835262907125491	0.105340027394873	0.0807021761708157	0.0967698131932661	0.117316009842526	0.0852267051869971	0.10124476078827	0.0895113495077914	0.0144026572474312	0.0218979788078493	0.0241749071463431	0.0350590470852347	0.0277181718295067	0.0310358463734577	0.0210581539755988	0.00956378470745622	0.00949800174623082	0.0291265782435221	0.0442559461792271	0.0363632835457117	0.0342287926759625	0.0411394627791005	0.0641546471837341	0.0179564657470049	0.0536213391817503	0.0971195167516652	0.0284269744439953	0.058577545577012	0.0812628956053995	0.0153669369106294	0.022958985903028	0.0552073062334228	0.0157115372947235	0.0194259219244364	0.0524546764657611	0.0415829906124079	0.0576951474689131	0.0441496108311319	0.164483266978007	0.155675007096147	0.164980367290182	0.0320883481703008	0.0417022598657902	0.0727400373393543	0.0586695215755647	0.0986402507094462	0.0366073299462265	0.0616835123680902	0.0900055829262861	0.0389183457447636	0.0842411312389731	0.110097247695501	0.021772774513311	0.0303003284849679	0.0945381616795006	0.0122732771919903	0.0190546096731728	0.0539746369352694	0.0384320157806763	0.0282225850353962	0.016723883345377	0.0195935124823416	0.00884240702633222	0.0112571742185071	0.164189613675541	0.175608352365448
OM4_C_1C_3	0.0579516164216783	0.0638579624423575	0.0534784425999379	0.0479508855780271	0.0520247231940658	0.0338292200486714	0.0317201137471333	0.0249806157588374	0	0.144843008630531	0.170358336143593	0.188458893890271	0.0440186477679719	0.0630793811782575	0.0832193331061682	0.0672791491166252	0.079706572466195	0.0961202261140672	0.0752949663430169	0.0889275253110913	0.0710878949163171	0.0332571427466587	0.0408206961881627	0.0132936912915543	0.0511250258744312	0.0421837289570752	0.0470244537407312	0.0255949243870911	0.0197805669672329	0.022792756383798	0.0121893756944504	0.0240242602227027	0.0138414211942689	0.0158782184435932	0.0300646057420625	0.0422480514837109	0.0128827198504201	0.0371656130908629	0.073751254191231	0.011288095148276	0.0357324053256339	0.0578442016465623	0.0173702809628073	0.0043926706560566	0.0321202028248996	0.0366543931946094	0.0209190669817528	0.0303075459458537	0.050296209736752	0.0514543088083028	0.0432804851187088	0.149570213652692	0.13802669302733	0.149606119595147	0.0129916366301717	0.0197586645283392	0.0498293779201758	0.0348943087496895	0.0748758808938424	0.015016332911772	0.0384522814041101	0.0661728718515936	0.0168669271143395	0.0612735342596197	0.0863244282273961	0.0100959231193323	0.00999186165096701	0.071110861190576	0.0215380932823797	0.00684029945563795	0.0314399802656043	0.0583031976934712	0.0503766277239351	0.0330809278662409	0.0399955446210597	0.0255306269380786	0.0194389280330326	0.147335764083097	0.158214500603125
OM4_C_1D_1	0.158125920862173	0.160669750745052	0.157823459328929	0.160934272072364	0.158860619508927	0.154084465619958	0.159556783602634	0.158139381866049	0.144843008630531	0	0.0530421558665659	0.0707805265053797	0.103208059738767	0.0934747334665482	0.0871136008719982	0.0790145833759307	0.0686934850340856	0.0778702711019215	0.0752238291503868	0.0577462647518077	0.0779525108725675	0.153337112620448	0.158354403696584	0.139496117576505	0.150591591549841	0.145153769060147	0.148732379479603	0.139365533909937	0.150766007553543	0.159115013238834	0.134321538940058	0.139230238692463	0.141266812715923	0.138161649480112	0.165157694122961	0.14829880138702	0.149380637940632	0.15692454179349	0.12179195142245	0.141336914391169	0.13969542782558	0.129453542242642	0.150631105475533	0.146023975357796	0.141249237354125	0.157864149016075	0.140030978442016	0.130850983323353	0.135864409800953	0.103836827478497	0.118951835603651	0.0159556200175542	0.0400719856078071	0.018433176319407	0.13887438578024	0.133291010196648	0.112644293065808	0.128302148258106	0.1059192110666	0.142154996579778	0.131377303167152	0.123990632674235	0.13328576397887	0.125615984955951	0.113663136440853	0.141887967977068	0.139917320914055	0.114059432158565	0.149247651833274	0.147232864089746	0.136786333632016	0.161324793538491	0.168501372151657	0.149046677364005	0.155601870896785	0.151363858098794	0.149862092071889	0.0330903182734355	0.0396894619880754
OM4_C_1D_2	0.196336366734416	0.19996932439154	0.195145818282725	0.196539941642444	0.195824875215745	0.187019107363071	0.191181231528383	0.188468791386537	0.170358336143593	0.0530421558665659	0	0.0214428468603403	0.130804693993158	0.11097571034701	0.0935544221315726	0.110940386796674	0.0933884112010483	0.0809245475366734	0.113842412055543	0.0957381595611567	0.10062700409233	0.186787006420237	0.192667033001706	0.167889943811407	0.188030127164109	0.181238440475477	0.185605588145774	0.171330760227333	0.180835760929937	0.188321461986415	0.161541960991591	0.159969540216454	0.163800510684506	0.162544271513988	0.185107763922368	0.161175004698467	0.176394502107106	0.173777649463417	0.124970014144682	0.166545605910362	0.155116626414294	0.138050279091351	0.179271154288826	0.171951124669676	0.157724434482678	0.191450516410865	0.170879781865349	0.150329841069879	0.173625309697442	0.14016291747969	0.155262359838226	0.0415533437294126	0.0357748546679142	0.0383261207202895	0.163568032776629	0.155545551359491	0.127983856789044	0.145570396781084	0.110802289049668	0.164353750661156	0.147330839969547	0.129945956438594	0.156659706085054	0.133843507801366	0.112098061300933	0.169268156963449	0.164780278850264	0.119547465562167	0.179876010169887	0.17408272274938	0.154167604931226	0.199288334109517	0.203529934061414	0.1827038250591	0.190101633023358	0.183012523757057	0.179558578698274	0.0283426012415096	0.0181733566515561
OM4_C_1D_3	0.2156696585864	0.219184408792132	0.214306415626672	0.215684287126547	0.21505258158396	0.205665468073813	0.209983228253845	0.207075608963962	0.188458893890271	0.0707805265053797	0.0214428468603403	0	0.149647137645369	0.128446812463712	0.109924784036504	0.130199927919997	0.112448491134313	0.0968577444242011	0.133248106976882	0.115099644327969	0.119419688773454	0.205709829324131	0.211514082690974	0.186125265255022	0.207389519982986	0.200541558790584	0.204895682609107	0.190357549775151	0.199433970478351	0.206791182890737	0.179943101382539	0.177506381754572	0.181428246472856	0.180460841125534	0.202328443857475	0.177304908137922	0.19479858931482	0.190188432827881	0.139539724076769	0.184841392600039	0.17169417836611	0.153484216999486	0.197646192471968	0.190006397368068	0.174308654652752	0.210387064855332	0.189586854589551	0.167513382194042	0.193079608406737	0.159567120325007	0.174361177658567	0.0596798590117946	0.054664691164019	0.0564554299707223	0.181600358195827	0.173391989655363	0.1447691993931	0.162633850738749	0.126076502391885	0.182094992652711	0.16366003294383	0.144731042888958	0.174605569362729	0.149391078073391	0.125767751882609	0.18776853140469	0.182845338005669	0.134483194537548	0.198717930899077	0.192374181631791	0.171289444583099	0.218377238439648	0.222514454457652	0.201503568660885	0.20928612283696	0.201873931411879	0.198175443225281	0.0480835399527304	0.0348785554483299
OM4_C_1E_1	0.075481689404122	0.0802979151042386	0.0733274469451241	0.0716693616794278	0.0725471371648796	0.0614636275845975	0.064491238790589	0.0593371991346735	0.0440186477679719	0.103208059738767	0.130804693993158	0.149647137645369	0	0.0294646208292795	0.0529850589933057	0.0258735171994939	0.0389860017864018	0.0619365878134236	0.0393325381766802	0.0485739397604582	0.0342853500129995	0.0592610922167645	0.0676231398694304	0.0416861653828032	0.0671955604649898	0.057353925138255	0.0633837694690958	0.0421353627821527	0.0519850555771764	0.060917496960764	0.0331760142874463	0.038830359179614	0.0400635290213883	0.0356158203761239	0.0641116322414797	0.0567673910420808	0.047372937505054	0.059547193481409	0.0597010199652151	0.03879540227706	0.0463052213405862	0.0527967354781909	0.0499785731191021	0.0445408645183783	0.0468820089419485	0.0646013174339971	0.0412225717614693	0.0339581686345087	0.0572394568479214	0.0311895470612317	0.0373202077940866	0.108766271901862	0.0971383072761126	0.109139865427461	0.0363639263997928	0.0327042762159033	0.0319794520336754	0.0355826334867831	0.0538589462495768	0.0407415594566885	0.040650625489325	0.0555706176948934	0.0319168326964963	0.0508066933437235	0.0672080119137204	0.0403195532599615	0.0376759212021889	0.0539012248157291	0.0513202257497249	0.0465418258059761	0.0412448496814398	0.0778847622702957	0.0785575400039021	0.0551029000766365	0.0632490079011528	0.0542486929867901	0.0502726754533604	0.105973654203942	0.117819374693952
OM4_C_1E_2	0.103113031344038	0.107466334689193	0.100402465945382	0.09834500922195	0.0998718510890352	0.0861647288052995	0.089270277885493	0.0835262907125491	0.0630793811782575	0.0934747334665482	0.11097571034701	0.128446812463712	0.0294646208292795	0	0.0275206977508602	0.0330185391928975	0.0278818381368078	0.0354673566288576	0.0496217225402203	0.0487323804238791	0.0236038818771082	0.0852722352405443	0.093314018675335	0.0634494775281476	0.0943372200925945	0.0849420763089868	0.0908161720415716	0.0686645235479237	0.0759077198336804	0.0838286193529213	0.0548937001036235	0.0508369747055521	0.0548242427164802	0.0534501160790667	0.0769929141583739	0.0572079201304931	0.0692618694208866	0.0668672128828484	0.040323881610103	0.0587638595933827	0.0487389497536688	0.0422160918344442	0.0720895959863197	0.0641591546164449	0.0509811849557128	0.0906005403366641	0.0668711795658462	0.0410156143510079	0.0838897199237152	0.0547288508159597	0.0637228965376479	0.0958195222559279	0.0779099105626309	0.0955112732703728	0.0549345274371888	0.0476507290718356	0.0208610792763916	0.0372109303259435	0.0286366197900352	0.0557461263432401	0.0399702788175444	0.0376627562958638	0.0482857397900277	0.036275163206971	0.0415728408933	0.0627561448799709	0.0564860587552927	0.0335355837413943	0.0756977567751225	0.0677120389119967	0.0473702706622918	0.104898437879394	0.104768338475371	0.0816381309909277	0.0902272302820034	0.079662552722824	0.0743178597273101	0.0884105882525737	0.0989124823971727
OM4_C_1E_3	0.125296668027558	0.130454429335237	0.122411993009139	0.12094025595927	0.122295334217261	0.107986529707501	0.109978199162673	0.105340027394873	0.0832193331061682	0.0871136008719982	0.0935544221315726	0.109924784036504	0.0529850589933057	0.0275206977508602	0	0.0494868294741712	0.0335880779698101	0.0160580096272203	0.0639062135872863	0.0570454200188781	0.0306173875770289	0.107916615207056	0.115039812514023	0.0841190675310045	0.11648597357776	0.107570029676224	0.112903533510893	0.0922101878719006	0.0981181633967528	0.104029390785589	0.0769073949434866	0.0704330123135269	0.0744667414715592	0.0752916419759147	0.0941656502774723	0.068523144246972	0.0906578431398917	0.0823072243414626	0.0370209949852689	0.0799102085754296	0.062694282744814	0.0460146632374449	0.0951663936413621	0.0850062367939262	0.0652532951483981	0.112562316223651	0.0897224832146516	0.0601752958265509	0.105050989735928	0.0744819486514663	0.0853026200711229	0.0862659439401141	0.0644580972091907	0.0844674185503236	0.0763342824522642	0.0668214136946118	0.0367309848279295	0.0542029647638271	0.0206637844272781	0.0750071671293341	0.055327446784428	0.0393322571954489	0.0685598940614045	0.0439000562776638	0.0306604708165884	0.0844180083545181	0.0774595718393395	0.0291763884928263	0.0981066876936764	0.0880364261452913	0.0626335213320217	0.127363153302662	0.126333357933186	0.104531571326856	0.113053478063039	0.102023531106018	0.096688471748884	0.0755278799625275	0.0841192339298133
OM4_C_1F_1	0.0879967690961889	0.092036529478208	0.0866353289362865	0.0873832870682244	0.0868567218492851	0.0784978670498014	0.0835015330522009	0.0807021761708157	0.0672791491166252	0.0790145833759307	0.110940386796674	0.130199927919997	0.0258735171994939	0.0330185391928975	0.0494868294741712	0	0.0239601678871175	0.0541831102858902	0.0187494257452862	0.0239084146621234	0.0223724672971804	0.0776730566948144	0.0839942967812655	0.0619933585094945	0.0797598846959875	0.0718028788793337	0.0767584661759042	0.0623176199756198	0.0729756205001242	0.0820551683016503	0.0564188326849716	0.0640892974996454	0.0646339983740736	0.0608161652617209	0.0892459191784387	0.0788436365210052	0.0713359313529547	0.0839496677061607	0.0708187140335519	0.0634328265134935	0.0686907020032438	0.0688731523907618	0.0726434244517521	0.0681453123379909	0.0694503870846833	0.0825667738256624	0.0626248875368654	0.0576795300239481	0.0664326489975882	0.032727514289357	0.0462185052345198	0.085226250449359	0.0782435801196363	0.0858439939717102	0.0614044079174847	0.0569646902844886	0.0470601410717708	0.0573227520589675	0.0590610937390549	0.0654810132382134	0.0614444901699893	0.0685530231127195	0.0566466592773356	0.0663791526881948	0.0729758236194361	0.0636230645448723	0.0623548297408516	0.063076156491462	0.0721206910183322	0.0694000402211405	0.0644772515179621	0.0907526176527023	0.0949754281634166	0.0729465412814402	0.080629313282629	0.0744724634786704	0.0717513477108141	0.0854630706910627	0.0971015853137885
OM4_C_1F_2	0.108118356328903	0.112065196370418	0.106290333810145	0.106659697044781	0.106419174024672	0.0967090822559509	0.100388285758803	0.0967698131932661	0.079706572466195	0.0686934850340856	0.0933884112010483	0.112448491134313	0.0389860017864018	0.0278818381368078	0.0335880779698101	0.0239601678871175	0	0.0352153397779943	0.0350033278292661	0.0260784189277959	0.0165716417291352	0.095232884160094	0.102370772301645	0.0771112688974939	0.0993756956513958	0.0913641655712998	0.0963726580202288	0.0793506278555137	0.0893785072315027	0.0972037186171661	0.0697993693289149	0.071735127942281	0.0744008715354798	0.0719591539763118	0.0980329256419478	0.081135124722175	0.0850767868114113	0.0895851638111779	0.0616884143700142	0.0759539474473595	0.0721767955099304	0.0649253254355308	0.087530041449249	0.080984392123388	0.073616774661223	0.100350768348294	0.0785718287194461	0.0629165722684849	0.0865065440015934	0.0526285062243251	0.0661605164772711	0.0725070000683954	0.0600606013618411	0.0723886840775681	0.0727679569438165	0.0666942360928574	0.0455820926879204	0.0601729857987232	0.0469634727129055	0.0753847090126577	0.0640366639016792	0.0612073597278027	0.0665140253831832	0.0612712297697325	0.0593829587006805	0.0779714808586751	0.0739648916159656	0.0534398833898875	0.0880634178778969	0.0831058015158989	0.0691430553807264	0.110823366702773	0.113441278011741	0.091638917220608	0.0993278094275025	0.091185598420384	0.0882579148010789	0.0688120151965127	0.0803904534521569
OM4_C_1F_3	0.135669423837863	0.140291330415793	0.13314221237127	0.131950414232727	0.132975594345679	0.119695415837379	0.122375888326193	0.117316009842526	0.0961202261140672	0.0778702711019215	0.0809245475366734	0.0968577444242011	0.0619365878134236	0.0354673566288576	0.0160580096272203	0.0541831102858902	0.0352153397779943	0	0.0677939648481859	0.0569122780487131	0.0378604509769378	0.119180948534442	0.126627242169752	0.0965435582907034	0.126970490294793	0.118013428482476	0.123478265707105	0.102875975134464	0.10999642091452	0.116806389228877	0.0888601232721793	0.0823565386489344	0.0871125794849767	0.0869226721250249	0.106958653873628	0.0815492020020979	0.102738836971061	0.0942966204159042	0.0463782241011077	0.0920921762086864	0.0756252274167773	0.058425722324957	0.106705102820674	0.097525509076238	0.0784852416971025	0.124160927836069	0.100740780417267	0.0720382094152583	0.115156527018286	0.083011107858149	0.0946754557578032	0.0765378403466092	0.0510642057779604	0.0747195024648348	0.0882919479378041	0.0794832460665549	0.0487587404655802	0.0669157464200095	0.0320556806098144	0.0877279510081062	0.0676004142467786	0.0500568398304234	0.0809831992799147	0.0539433156493059	0.0365659916077868	0.0965048319892895	0.0897230925619488	0.0399511530677886	0.10988124759629	0.100771538408367	0.0756142293007403	0.137800590252823	0.137973966053798	0.115362006353244	0.124014419281156	0.113617693046284	0.108414416181195	0.0627578714414402	0.0711139467009375
OM4_C_1G_1	0.0848382687440435	0.0878120703775199	0.0839391178673019	0.0867053119756051	0.0849736329207202	0.0795676412896118	0.085855991791197	0.0852267051869971	0.0752949663430169	0.0752238291503868	0.113842412055543	0.133248106976882	0.0393325381766802	0.0496217225402203	0.0639062135872863	0.0187494257452862	0.0350033278292661	0.0677939648481859	0	0.0192284632548228	0.0345286464842331	0.0792459876320883	0.0838562027145211	0.0676455120837034	0.0767261616606506	0.0709550225026407	0.0746532495738544	0.0665862922461397	0.07771309805446	0.0865311930166816	0.0643170027503246	0.0769655666816803	0.0755897731968167	0.0716056415117037	0.100645424840366	0.0933678531328054	0.079309974373254	0.0974781463823029	0.0878219506079865	0.0731874199832674	0.0830775586341527	0.0850542701402331	0.0788553471256858	0.0762684340522188	0.0828943880195768	0.083690043856145	0.0679405398536326	0.0713354963747377	0.0620964805181959	0.0290843946879771	0.0441932102989898	0.082610241784803	0.083262993668587	0.0837935453876361	0.0716787110203104	0.0690841385166176	0.062944361239475	0.0712748119557374	0.0742885714097751	0.0768393617858892	0.0759238279797362	0.0847694000416254	0.067834572598971	0.0832252363500435	0.0889119101809026	0.0714028165109903	0.072138420223804	0.0794698489009928	0.0761549056265606	0.0766212669121268	0.0785046225812448	0.0876660618097354	0.0943896487972097	0.075096582816482	0.0816508388894438	0.0779476608987737	0.0773093406151852	0.0884146935447117	0.0994329461279146
OM4_C_1G_2	0.103361349304251	0.106257700560661	0.10242483975158	0.104863297245832	0.103266036616087	0.0971775886473951	0.102902430254513	0.10124476078827	0.0889275253110913	0.0577462647518077	0.0957381595611567	0.115099644327969	0.0485739397604582	0.0487323804238791	0.0570454200188781	0.0239084146621234	0.0260784189277959	0.0569122780487131	0.0192284632548228	0	0.0322845377413703	0.0963758194800257	0.101769991107557	0.082777305008024	0.0952686355087292	0.0890117083403993	0.0930094143017626	0.0824871135613004	0.0937571236094319	0.102442349624813	0.0779725616103326	0.0864322213461528	0.0868629031547446	0.0832000505042222	0.111819300668334	0.100069629569781	0.0933196788503164	0.10598235218932	0.0860175775172429	0.0860138065865037	0.0901511177306328	0.0870943365515778	0.0937946138043463	0.0899229808730169	0.090718150487821	0.101115129654656	0.0831219915680399	0.0791229735441379	0.0809479550321226	0.0472841433409698	0.0621897924207083	0.0651368304287171	0.0649359515730072	0.0661652355257796	0.0836923738255003	0.0796549831875235	0.0658771432958786	0.0780434611366397	0.0710415216044948	0.088076676356174	0.08200641232252	0.0846076605420577	0.0788638598062724	0.0841862481000471	0.0841211688111217	0.0856385307064762	0.0845435986629628	0.0773884963305721	0.0922769701611194	0.0909968381480767	0.0862723698871909	0.106205724421495	0.112412530345106	0.0921630688941755	0.0991874552154336	0.0943810370084192	0.0930582603039914	0.0698664640238959	0.0809333904145607
OM4_C_1G_3	0.10194073107297	0.106521972498962	0.0996937414058213	0.0996498435747363	0.100052697679863	0.0884330774119307	0.0922883274437376	0.0895113495077914	0.0710878949163171	0.0779525108725675	0.10062700409233	0.119419688773454	0.0342853500129995	0.0236038818771082	0.0306173875770289	0.0223724672971804	0.0165716417291352	0.0378604509769378	0.0345286464842331	0.0322845377413703	0	0.0885999384182178	0.0947890395472073	0.0682032063369618	0.092900326333687	0.0850376119390305	0.0899424600072864	0.0733361457154765	0.0815175383984317	0.0890337972689347	0.062174902771421	0.0652343508188388	0.0664855905238701	0.0652531606480434	0.0904152176383088	0.0731403439748341	0.0779045328708479	0.0831819079320639	0.0577178494290463	0.0682901806297186	0.0644164710392213	0.0587042253794709	0.0803165966834677	0.0729031620524379	0.0656383945657164	0.0932664718497608	0.0726586181510282	0.0566493551864564	0.079711569129754	0.0470540855552647	0.0603925942785428	0.0802879771608679	0.0693457832488108	0.0799811790500089	0.0657581619143345	0.0585317603348643	0.0389386253679571	0.0527003407016563	0.0418612087515327	0.0673233712748336	0.056902809526768	0.0560498284752489	0.0589823728103515	0.0565126969190809	0.0564794074008981	0.0701527482027096	0.066513039914351	0.0494098948306751	0.0807003667783225	0.0747807434412	0.0616872795381033	0.104391346023571	0.106220745168474	0.0850362554599335	0.0927620935843771	0.0842445233003529	0.0805060262556582	0.0779334216127944	0.0885422633082081
OM4_C_1H_1	0.0264379786985422	0.0315069972615197	0.0221917423974251	0.0166196328816431	0.0198458885573708	0.0119969314356053	0.0135516126622236	0.0144026572474312	0.0332571427466587	0.153337112620448	0.186787006420237	0.205709829324131	0.0592610922167645	0.0852722352405443	0.107916615207056	0.0776730566948144	0.095232884160094	0.119180948534442	0.0792459876320883	0.0963758194800257	0.0885999384182178	0	0.0122552077894118	0.0276760966820214	0.0216252451737331	0.015181663755528	0.0179487642210161	0.018545263879612	0.0152035351669002	0.0195262080299105	0.0331341891473051	0.0530538088772313	0.0452253988846992	0.0417474831164373	0.0545138393342953	0.0747315264178929	0.0283109654267326	0.0656316709532324	0.104136048284667	0.0366690932217522	0.0679891833622105	0.0893541976643328	0.0221201334562283	0.0318371362074628	0.064654104265705	0.00688048508936494	0.02069560540939	0.059569481035151	0.029498195594252	0.0508719911287337	0.0360436498493259	0.160233976348859	0.154136509232925	0.161082338043302	0.0397422220109334	0.0492162537460263	0.0775016587367037	0.0653644913313806	0.103071732326567	0.0460373032213021	0.0693203990437487	0.096916007684547	0.0457087197051164	0.0913762541910068	0.115653348867617	0.0286368392643484	0.0381592378892746	0.100528982166045	0.0135088167036886	0.0281465670471901	0.0629429403286823	0.0264593470893398	0.0210140393366627	0.00978074040844061	0.00952923246040737	0.00867580402931741	0.0180809705408288	0.161939076763819	0.173435306201505
OM4_C_1H_2	0.0204088900628837	0.0261694884621691	0.014697457884749	0.0111096790045542	0.014284507433221	0.00922276231416084	0.0134026627028894	0.0218979788078493	0.0408206961881627	0.158354403696584	0.192667033001706	0.211514082690974	0.0676231398694304	0.093314018675335	0.115039812514023	0.0839942967812655	0.102370772301645	0.126627242169752	0.0838562027145211	0.101769991107557	0.0947890395472073	0.0122552077894118	0	0.0335494094765516	0.0175980396118175	0.0171942919167186	0.0153000283302031	0.029220738590594	0.0232571661818128	0.0236305254269675	0.0420028087010786	0.0626089094094704	0.0537057252534214	0.0514108856006426	0.0620655042296051	0.0825952137144615	0.0376906897085533	0.0741150886227194	0.112572970093919	0.0458422415074988	0.0762057962476915	0.0974227677939865	0.031747178171318	0.040005572755304	0.0725298398955575	0.00763647144217852	0.031187950461783	0.0687691044040441	0.0281064960800294	0.0551499566260358	0.040031830462495	0.165204414203014	0.160856062525576	0.166016250416344	0.0492257337204178	0.0575898437149248	0.0857730700319122	0.0739693320664081	0.110709459249428	0.05453087844406	0.0776004364935575	0.105178470064039	0.0545669960085795	0.100348288359755	0.123784678511725	0.0375786717425073	0.0472523033483425	0.108579198867834	0.0231144369568708	0.0356507499253261	0.0714664296698814	0.0189294857083212	0.0124331453247706	0.0165793586124694	0.0131994522114143	0.0190088048235508	0.0265231132013958	0.168236154358144	0.179322103527544
OM4_C_1H_3	0.0497529680501751	0.0557011668396889	0.045128460236023	0.041421104383094	0.0445415661455419	0.0259048003995674	0.0275880130341205	0.0241749071463431	0.0132936912915543	0.139496117576505	0.167889943811407	0.186125265255022	0.0416861653828032	0.0634494775281476	0.0841190675310045	0.0619933585094945	0.0771112688974939	0.0965435582907034	0.0676455120837034	0.082777305008024	0.0682032063369618	0.0276760966820214	0.0335494094765516	0	0.0425186705574188	0.0337233674327942	0.0382067978708971	0.0212380034196355	0.016882963129783	0.0224376657316521	0.013102222850305	0.0336999036975482	0.0237202923225496	0.0232631088990056	0.0421625503165846	0.0526831945691407	0.0195913748376624	0.0482664050382829	0.0798540406699288	0.0196669269039923	0.0448977278824487	0.0647593889019129	0.0195327155368817	0.0139789482907917	0.0412571921443919	0.031061372622915	0.0171394417416867	0.0374007740037586	0.0399556830641486	0.0422464788831667	0.0324234636351581	0.144856735851155	0.135855303156077	0.14499132164648	0.0209926834147286	0.0262525157926764	0.0533167052122551	0.041876017293226	0.0783562780478265	0.0253795798069911	0.045060546845685	0.0723260955111797	0.0235186725389273	0.0683166038985234	0.0912077020108482	0.0135532547460273	0.018659635664071	0.0756789201965492	0.0193343532025043	0.0124175948253786	0.0404082102721219	0.0500054771194656	0.0446735319931641	0.0257073767502675	0.0344558377359124	0.0219149235264719	0.0177101768514598	0.144488429383439	0.155103044018576
OM4_C_2A_1	0.0105917060981065	0.0158485493761937	0.0091827525799168	0.0140490574819568	0.0103696018868852	0.0224083457360284	0.0281088976370783	0.0350590470852347	0.0511250258744312	0.150591591549841	0.188030127164109	0.207389519982986	0.0671955604649898	0.0943372200925945	0.11648597357776	0.0797598846959875	0.0993756956513958	0.126970490294793	0.0767261616606506	0.0952686355087292	0.092900326333687	0.0216252451737331	0.0175980396118175	0.0425186705574188	0	0.0115718136916932	0.00595633810844919	0.0323846538699336	0.0341813958513041	0.0382263859499454	0.048583277637826	0.0709322777715238	0.0632456234881642	0.0594325374003449	0.074873584781925	0.0927739295407101	0.0477984894903253	0.0857175660352609	0.118506810337838	0.0541173785722052	0.0853721135100527	0.104933957818069	0.04169609634374	0.0506032719767298	0.0823328765741915	0.020719083001965	0.0373205789695656	0.0761001640429163	0.0160057376260792	0.0488789482662719	0.0349196299780861	0.158065030438052	0.156513066327909	0.159371469876518	0.0574586048695482	0.065187379792191	0.0903984802227803	0.0808593905528885	0.114575147378346	0.0639368559185492	0.0857219545745307	0.111701780114501	0.0619938436031474	0.106498643191605	0.128395260904808	0.0458437980085084	0.0559190396337732	0.113921900540776	0.0318130287746332	0.0465104771758682	0.0799232002123348	0.0134058994693415	0.0218399227431192	0.0237899998084642	0.0178542616113064	0.0287416822006882	0.0364852251581059	0.162979791323642	0.174514649154544
OM4_C_2A_2	0.0186634854631751	0.0247386912118047	0.0167309848231269	0.016275891357915	0.0155049063522954	0.0183547778141508	0.0239581842990936	0.0277181718295067	0.0421837289570752	0.145153769060147	0.181238440475477	0.200541558790584	0.057353925138255	0.0849420763089868	0.107570029676224	0.0718028788793337	0.0913641655712998	0.118013428482476	0.0709550225026407	0.0890117083403993	0.0850376119390305	0.015181663755528	0.0171942919167186	0.0337233674327942	0.0115718136916932	0	0.00717325210978506	0.0216354898797594	0.0255642449808486	0.0320751145707199	0.038688566229161	0.0605819062685211	0.0534214936083548	0.0489879091808289	0.0661400632266384	0.083175071592874	0.0381177326569508	0.0759058816925943	0.108434534534757	0.0439111410452946	0.075431246442246	0.0949300865732778	0.0328561423616777	0.0413259934096213	0.0726811772173809	0.0169826361941563	0.0267377866130755	0.0658585915294157	0.0163962198895333	0.0427386430894705	0.0280661472143293	0.152609344817526	0.149070216930558	0.153761117155511	0.0471752840165234	0.054893901418889	0.080534700810472	0.0710991004534142	0.105400256558976	0.0539765811630343	0.0757266452843804	0.101893632071052	0.051839627063005	0.0963520942026176	0.118856501960271	0.0357869833429566	0.0458645485990513	0.104065895485327	0.0235975680825645	0.0375025586351021	0.0698287368412691	0.0212602281771898	0.0251027071748807	0.0144870118728219	0.0125279735205134	0.0203543253526937	0.0271049696036632	0.156012792337358	0.167719423550558
