	OM4_B_B_3	OM4_C_1A_1	OM4_C_1A_2	OM4_C_1A_3	OM4_C_1C_1	OM4_C_1C_2	OM4_C_1C_3	OM4_C_1D_1	OM4_C_1D_2	OM4_C_1D_3	OM4_C_1E_2	OM4_C_1E_3	OM4_C_1F_1	OM4_C_1F_2	OM4_C_1F_3	OM4_C_1G_1	OM4_C_1G_2	OM4_C_1G_3	OM4_C_1H_2	OM4_C_1H_3	OM4_C_2A_1	OM4_C_2A_2	OM4_C_2A_3	OM4_C_2B_1	OM4_C_2B_2	OM4_C_2B_3	OM4_C_2C_1	OM4_C_2C_2	OM4_C_2D_1	OM4_C_2D_3	OM4_C_2E_2	OM4_C_2E_3	OM4_C_2F_1	OM4_C_2F_2	OM4_C_2F_3	OM4_C_2G_1	OM4_C_2G_2	OM4_C_2G_3	OM4_C_3A_2	OM4_C_3A_3	OM4_C_3B_1	OM4_C_3B_2	OM4_C_3B_3	OM4_C_3C_2	OM4_C_3C_3	OM4_C_3D_1	OM4_C_3D_2	OM4_C_3E_2	OM4_C_3E_3	OM4_C_3F_2	OM4_C_3F_3	OM4_C_3G_2	OM4_C_3G_3	OM4_C_3H_2	OM4_C_3H_3	OM4_H_4B_1	OM4_H_4B_2	OM4_H_4B_3	OM4_H_4E_3	OM4_H_4F_2	OM4_H_4F_3
OM4_B_B_3	0	0.0606345458649905	0.0758846610416031	0.054986089733605	0.0831413543261525	0.0785686050213239	0.0550758122204953	0.055513725097715	0.0851322621366293	0.070709843789921	0.0627012890854453	0.049863547151991	0.0785526567208851	0.0785538424931482	0.0660860114810822	0.0387081052716667	0.058880631464172	0.0311508499901105	0.079545818549773	0.0609308636981307	0.0705144010144041	0.0739675811033498	0.0547484367804718	0.0653359642062116	0.0775973007702507	0.0636292796881986	0.0681289712981878	0.0744455869365471	0.046677036418742	0.0698832281809056	0.0608367507336341	0.0807525044603867	0.0648771369378145	0.0409941555338996	0.0625318652382546	0.0633518619387215	0.0671045943032371	0.0650731948721267	0.0603538400819405	0.0651800553804367	0.0532376895310049	0.0536953141735269	0.0641834419006158	0.0607239428005395	0.0742629020017612	0.0592211197078112	0.0734304535014283	0.0717430735590167	0.0638528067796762	0.0703480672417544	0.0639266686424985	0.072046191142787	0.0696605179137174	0.0736604243398452	0.0637141353274571	0.0561808324321607	0.0519794504306854	0.0516271205322814	0.0755602460278902	0.0619211530322326	0.0649298059708025
OM4_C_1A_1	0.0606345458649905	0	0.0261282826356298	0.0185598684441479	0.0379000057922841	0.0310599276356315	0.00691540298627216	0.00631983270711731	0.0372570164261331	0.0198771521842503	0.0161754240686651	0.0267595664974511	0.0249318470578156	0.0320187744252781	0.0113187212555357	0.023121214703214	0.00922100885676976	0.033645978780514	0.0299670278278206	0.00927275211111248	0.0186158105990277	0.0213951639629748	0.0153957526543648	0.0526104716160016	0.0231560216128473	0.00726426054462671	0.0177481232713973	0.0260995008188047	0.0162773567511177	0.00989336794589221	0.000452633820344309	0.021785470801246	0.00474004593775423	0.0302822332881354	0.00660851190614387	0.00328495993769505	0.0122297207524871	0.00796661001426985	0.0160164713835415	0.0138945673806368	0.0174680170736054	0.020392397587686	0.0039600193580748	0.0161301677731779	0.0154684867049037	0.0138996595884204	0.0147926010604881	0.0414974898885426	0.00569192517488059	0.0176332373968507	0.00388923828000529	0.021587129777012	0.0173714799813539	0.0254296942386672	0.00528383009473532	0.0209076830086002	0.018332643443205	0.0187155912236076	0.0221854632351581	0.00285441395251951	0.00751824592114015
OM4_C_1A_2	0.0758846610416031	0.0261282826356298	0	0.0446784220242205	0.0119020872358839	0.00505369342407779	0.026070997464664	0.0260507320625066	0.0112325111760357	0.00641324023299175	0.0137059072183286	0.0273651153604036	0.00551312202028178	0.00622476155833893	0.0148243462878143	0.0447937027979887	0.0352191281804421	0.0448815705248391	0.00405326986749475	0.0185563852985211	0.00753258768053889	0.00513358471953368	0.0415025697836015	0.0393559241169676	0.00666786419325282	0.0314822981965608	0.00899276495303813	0.00193452722561167	0.0403264214692827	0.0198474580695253	0.0256757858271682	0.0160559274844347	0.0224916162123733	0.035960412484745	0.0197322274942973	0.0233033829296762	0.0139034782239112	0.0311708593067538	0.0416622473241843	0.0379034434992556	0.0435203245483235	0.0222845622396662	0.0230768752733887	0.0417026832471895	0.0154774192503857	0.0397546073488381	0.0153337807182957	0.0225961227172624	0.0294925288085148	0.00849877170587795	0.0268576251192775	0.00467098182896235	0.00878183803477893	0.00247341319621662	0.0291273755540792	0.019899500477064	0.0240014512199901	0.024333710050496	0.00538892360638169	0.0232748760323573	0.0186643367754747
OM4_C_1A_3	0.054986089733605	0.0185598684441479	0.0446784220242205	0	0.0564235474584215	0.0495984574080796	0.0206979982259997	0.0203881634277136	0.0557853420349913	0.0384120000487721	0.0338120330013135	0.0390092887933863	0.0432450947076118	0.0505370790313405	0.0298713231911391	0.0178297713222606	0.00967200778070787	0.0365229274629345	0.0485023430543247	0.0270525398381973	0.0371673155495871	0.0399126904003169	0.00329319213731876	0.0667856843251115	0.0414029814355289	0.0146793749425567	0.0361990073370135	0.0446200901738012	0.0112725353157384	0.0267742036444311	0.0190124302791038	0.0381759215559755	0.0225491056686472	0.0384532565408578	0.0250501321177938	0.0214965964148472	0.0307854936069034	0.0157361279031519	0.00589047437466088	0.011777259771336	0.00231516416683571	0.0344622793421241	0.0218613862598104	0.00620870648881068	0.032682842765468	0.00606813647745275	0.0321925269763129	0.0583953863148171	0.016336053739228	0.03618744775873	0.0185158924327584	0.0401294021063669	0.0359221869118718	0.0439350153830245	0.0165656309596366	0.0359925663249128	0.0315414423714289	0.0317444649436273	0.0406197533707102	0.0214136067965336	0.0260496121686731
OM4_C_1C_1	0.0831413543261525	0.0379000057922841	0.0119020872358839	0.0564235474584215	0	0.00686636885313436	0.0371792830868162	0.0372386626611292	0.00389798001503115	0.0180303736620377	0.023931025889302	0.0333614970205796	0.0153212591830533	0.00590666982071463	0.0265893437529489	0.0551451406908935	0.0470430202363944	0.0521405870909678	0.00863620104935039	0.0298232096155103	0.0193077266162634	0.016975707232385	0.0532175354131139	0.0359416202146677	0.0171717702912341	0.0433767854229192	0.0203135027657496	0.0118216183546975	0.0514114797170178	0.0316480802558055	0.037448375855844	0.0257610422210059	0.0343798969295595	0.0422628787941192	0.0314032155220016	0.0351558704317521	0.0257206184997395	0.0430580642905404	0.053536858063028	0.0497789547933165	0.0551833199178751	0.0301796643673103	0.0349540884203568	0.0535816684106078	0.0268663351471832	0.0516078044870457	0.0268565757766382	0.0181943509274331	0.0413874942355417	0.0203386034873811	0.038750100287552	0.0163209398804398	0.0205444827907811	0.0125297037827806	0.0410216241522779	0.0275754171133843	0.0326193236376619	0.0328489581824227	0.0168272656852645	0.0350501389864648	0.030497399524824
OM4_C_1C_2	0.0785686050213239	0.0310599276356315	0.00505369342407779	0.0495984574080796	0.00686636885313436	0	0.0305914188532263	0.0306178677283307	0.00685742873839567	0.011201979368841	0.0176232696089411	0.0291918154385225	0.00925287312950283	0.00136723865275519	0.0197444158044603	0.0489367404695124	0.0401912806650776	0.0474752541374556	0.0028087463975186	0.0231518441865472	0.0124523149317792	0.0101692710264048	0.0464020109523901	0.0371836970915575	0.0109183659467337	0.0365234521857386	0.0135764334816118	0.00506483173799535	0.044857365456499	0.0248803908435255	0.0306078480551532	0.0200687917460891	0.0275174606541581	0.0380335901495964	0.0245903556389176	0.0282951298938914	0.0188632413020681	0.036220839404955	0.0466784021087281	0.0429532970760665	0.0483876745917993	0.0250073738924989	0.0280908612785145	0.0467235391513926	0.0203279137120962	0.0447508223847324	0.0202463378309502	0.0197072386983749	0.0345323349103541	0.0134749193590565	0.0318904294214563	0.00947761763394173	0.0136932266255114	0.00583025869542432	0.034164701705842	0.0224644050317463	0.0271313583293021	0.0274125517275822	0.0101933564171383	0.028207755865598	0.023638888307776
OM4_C_1C_3	0.0550758122204953	0.00691540298627216	0.026070997464664	0.0206979982259997	0.0371792830868162	0.0305914188532263	0	0.000597631648537216	0.0372537520611798	0.0196803998108746	0.0135098319973477	0.0203790190985805	0.0263358561188629	0.0313134957578235	0.0121815063067739	0.019295309811073	0.0132143308829152	0.0270137625099551	0.0301104929608292	0.00753202425269688	0.0187640069824744	0.0221061952554343	0.0174186016163794	0.0471729591096227	0.0248328359077695	0.0135497252408179	0.0170891958704658	0.0255331436399627	0.0142773482382972	0.0148737787417812	0.00686693331145556	0.0259184892688601	0.0100701859591973	0.0233816005974114	0.00769777242385281	0.00864105121417109	0.0132769124256009	0.0145381217396722	0.0200201096794159	0.0195554443328625	0.0189646228313502	0.01452101865178	0.00947412831200313	0.020238732908512	0.0193702631897789	0.0176914492627803	0.0185600732195602	0.0377225789527374	0.0123502764620554	0.018069746312836	0.0108037517033652	0.021408957169742	0.0175697743574869	0.0247636166616598	0.0119814719109565	0.0156070783936309	0.0120340275776067	0.0123665097889958	0.0233145522426754	0.0070680874356252	0.0100040034504805
OM4_C_1D_1	0.055513725097715	0.00631983270711731	0.0260507320625066	0.0203881634277136	0.0372386626611292	0.0306178677283307	0.000597631648537216	0	0.0372506707559084	0.0196486232179523	0.0136685845528376	0.0209357268719467	0.0261909906611213	0.0313621561298874	0.0119972492509326	0.0195161533747163	0.0127402607616984	0.0275651986269553	0.0300825674452782	0.0074959953128362	0.0186972194711139	0.0220063254937406	0.0171019651035782	0.0476569020152329	0.0246608068254216	0.0129682498922497	0.017084023655227	0.0255560490088439	0.0142827904649592	0.0144090621099614	0.00627613340294734	0.0255501833652758	0.00955197240888446	0.0239790740443307	0.00739834677569477	0.00810512058637917	0.0130904878424882	0.0139477341038253	0.0195767954260005	0.0190119130281026	0.0186961752997856	0.0150204228957173	0.00894112223161255	0.0197892553351989	0.019001798083756	0.0172536224363591	0.0181984499910229	0.0380542263660449	0.0117560707039883	0.0179739995278115	0.0102086045717861	0.0213833675025273	0.0174916397410119	0.0247930695469565	0.0113861885048541	0.016049378361935	0.0125742088241565	0.0129126888095894	0.0231836099142741	0.00654676778101648	0.00965794232007046
OM4_C_1D_2	0.0851322621366293	0.0372570164261331	0.0112325111760357	0.0557853420349913	0.00389798001503115	0.00685742873839567	0.0372537520611798	0.0372506707559084	0	0.0176424834787474	0.0244551283183203	0.0355319377400034	0.01329779678152	0.00661723913346364	0.02599979068533	0.0557505799941793	0.0462579630785375	0.0540594725456829	0.00729379004825741	0.029760966330556	0.0187420153559688	0.0159005982436872	0.0526390067144981	0.0397663626323097	0.0152275518791276	0.042258979429521	0.0201729273092913	0.0117896959191743	0.051515481680856	0.0302003785748782	0.0368051578432584	0.0231131722753896	0.0334185377120019	0.0444254964545067	0.0309353562616145	0.0343375017225671	0.025041604550842	0.0418184777059406	0.052547607063235	0.0484605117624821	0.054683533256389	0.0317235176014006	0.0340475641779793	0.0525657994870799	0.0250222319656492	0.0507193393647697	0.025125913059935	0.0219922682197972	0.0402928917573024	0.019655248351672	0.0377223739497793	0.0158981879670093	0.0199891148754773	0.0125887772578613	0.0399492437705958	0.0291537071378853	0.0339318513618419	0.0342024915545572	0.0153760982293074	0.0344097238217266	0.0297553940792306
OM4_C_1D_3	0.070709843789921	0.0198771521842503	0.00641324023299175	0.0384120000487721	0.0180303736620377	0.011201979368841	0.0196803998108746	0.0196486232179523	0.0176424834787474	0	0.00802575243605609	0.0236399889559609	0.0079053526879736	0.0121463512845932	0.00856871882670337	0.0385433607727849	0.0290424990770946	0.0399475525415733	0.010436731811165	0.0121552824825637	0.00146482574614807	0.00338027985808148	0.0352094135006735	0.0403114944548104	0.00731272904679737	0.0256003504033541	0.00270482246256219	0.00622931895668153	0.0339267898680844	0.0146876699542416	0.0194255375213799	0.0148311337050758	0.0165301277638227	0.0317111588132295	0.0133903653716325	0.0171929030081658	0.00774559322634679	0.0254251727131608	0.0356183662005694	0.0321877583976001	0.0371957948576564	0.0176659021330901	0.0170514794687238	0.0356797453217575	0.0116980846624686	0.0336400262787262	0.0112509482172635	0.0250787342250459	0.0236025851025668	0.00260921134945944	0.0209211737710685	0.00174515833957388	0.00257838199835277	0.00559322553326335	0.0232173916734579	0.0156113175532405	0.0188317733356227	0.0192127807912957	0.00506853101650394	0.0170274631268783	0.0125182226478438
OM4_C_1E_2	0.0627012890854453	0.0161754240686651	0.0137059072183286	0.0338120330013135	0.023931025889302	0.0176232696089411	0.0135098319973477	0.0136685845528376	0.0244551283183203	0.00802575243605609	0	0.0166065907838713	0.0159021289867172	0.0181685380577227	0.00751016051388044	0.0313269208718484	0.0251815609478019	0.0319741146894191	0.0176933143826761	0.00692164553328096	0.0079328888856504	0.0113143606145303	0.0305232361367277	0.0377945605041694	0.0150871774843676	0.0230987382989119	0.00547810456028957	0.0127034194817057	0.0275920161112118	0.0154931889454188	0.0157718986899736	0.0207499536889271	0.0146386457984544	0.0240891656732588	0.00989006578557962	0.0145564980263233	0.0077441966801696	0.023381098976437	0.0320942869837973	0.0298785808471786	0.0322579226797936	0.0100577841736106	0.0148190705857731	0.0322331366876534	0.0155701633160523	0.0298919463418358	0.0148119449246884	0.0253581857705246	0.0212113390339819	0.00801306515729387	0.018588948108788	0.00943433219004269	0.00729094836837079	0.0118925690768693	0.0207843387848618	0.0084694545891829	0.0108555252456891	0.0112514067028684	0.0129483611480806	0.013662748279258	0.010602631151231
OM4_C_1E_3	0.049863547151991	0.0267595664974511	0.0273651153604036	0.0390092887933863	0.0333614970205796	0.0291918154385225	0.0203790190985805	0.0209357268719467	0.0355319377400034	0.0236399889559609	0.0166065907838713	0	0.0312885607067073	0.0290102590169296	0.0233173418965032	0.0282404893731571	0.033311284106964	0.0189595477897761	0.0305821234634879	0.0196992106772463	0.0240558461884583	0.0269922757263971	0.0359980483122778	0.0279180050532762	0.0309433772448516	0.0338339582552459	0.0216300283933444	0.0256576200165941	0.028975949017245	0.030676732524426	0.0265528147269675	0.0373510761962213	0.0278754044523281	0.00891177131486193	0.0230481448316703	0.0270221850997589	0.0238910817570026	0.0346984644506353	0.0397828672279072	0.0399174522670767	0.0368625342061147	0.00692928132748709	0.0276593226758218	0.0400504096910288	0.0319892941408909	0.0374529099926761	0.0311908272202372	0.0240750014444888	0.0324397414285429	0.0244044195874938	0.0304204490223274	0.0244712778999718	0.0236925980126395	0.024942163517879	0.0320380262217455	0.00815853842978067	0.00842891761198069	0.00805336589549051	0.0286833931153367	0.025527663600712	0.0249432195308138
OM4_C_1F_1	0.0785526567208851	0.0249318470578156	0.00551312202028178	0.0432450947076118	0.0153212591830533	0.00925287312950283	0.0263358561188629	0.0261909906611213	0.01329779678152	0.0079053526879736	0.0159021289867172	0.0312885607067073	0	0.0106162396905015	0.0142303555281664	0.0455551288504661	0.0336033786699983	0.0478446018616139	0.00675543111613858	0.0189330769138599	0.00809040150353637	0.0045981336299981	0.0402026261272843	0.0448569031058931	0.00193548328843483	0.0292716244727273	0.01044960313741	0.0073473974772444	0.0402751269023981	0.0170317838058184	0.0244894718289085	0.0108332844127849	0.0207054018238994	0.039535759788423	0.0191280646555544	0.0218060626994901	0.0131523366537203	0.0287307173969812	0.0396273018447114	0.0352976731057509	0.0423422002047271	0.0255293836326446	0.021396390274308	0.039620415358333	0.0117262920285869	0.0379110122106188	0.0118452628720092	0.0280632191360532	0.0273414852837481	0.00844397643505317	0.0248653901681524	0.0068243773306474	0.00906971454103776	0.00762464634707936	0.0270228584949064	0.0233905092840268	0.026731762225517	0.0271147927625534	0.00307297067149675	0.0221578745964391	0.0174814589179082
OM4_C_1F_2	0.0785538424931482	0.0320187744252781	0.00622476155833893	0.0505370790313405	0.00590666982071463	0.00136723865275519	0.0313134957578235	0.0313621561298874	0.00661723913346364	0.0121463512845932	0.0181685380577227	0.0290102590169296	0.0106162396905015	0	0.0207133023970247	0.0494647305667687	0.0411798824520528	0.0474638641910308	0.00412895202717277	0.0239298783639496	0.0134524625820992	0.0113580937108628	0.0473253746305437	0.0360470032361139	0.0122662814281319	0.0376068803931408	0.0144077193989063	0.00592311820787308	0.0455638308003514	0.0260689233516417	0.0315674874096842	0.0214349177611265	0.0285755654579174	0.037888721159827	0.025506107358094	0.0293109491391835	0.019864333634536	0.0373354959704076	0.0477166971745388	0.0440783847079787	0.0492862917162834	0.0251105007782516	0.0291323295948297	0.0477688201199753	0.0216118336879727	0.0457637210435681	0.021510221447127	0.0184892960004792	0.035612765002646	0.0145076131260082	0.0329576559675951	0.0104532329749936	0.0146804295402979	0.0066233340429985	0.0352398994678703	0.0225385703951207	0.0273488782035254	0.0276123812818661	0.0114731315807174	0.0291707444916129	0.0246433299529781
OM4_C_1F_3	0.0660860114810822	0.0113187212555357	0.0148243462878143	0.0298713231911391	0.0265893437529489	0.0197444158044603	0.0121815063067739	0.0119972492509326	0.02599979068533	0.00856871882670337	0.00751016051388044	0.0233173418965032	0.0142303555281664	0.0207133023970247	0	0.031470515728548	0.0204762891172422	0.0363280060264595	0.0187124399375856	0.00517144521398452	0.00729983656878915	0.0102483400919591	0.0266862477140824	0.0451930792821405	0.01266626606237	0.0172036025430898	0.00663525086392611	0.0147973799379192	0.0260582496662739	0.00799463828813615	0.0108664345239964	0.0149719800045786	0.00815933099800842	0.0298072619298985	0.00497012759335737	0.00866308981913551	0.00109574060824167	0.0171656101011614	0.0270848945055092	0.0239011301205621	0.0287079508578229	0.016424248194625	0.00859721414326259	0.0271556543327337	0.00886967057157626	0.0250831887484398	0.00803178612064795	0.0318441134899212	0.015213808662811	0.0063460525555681	0.0125123792642937	0.0102707383447461	0.00605385311020599	0.0141450404811125	0.0148128800398495	0.0154664523183676	0.0161053838134255	0.0165535612300436	0.0112698502622524	0.00846552665116444	0.0040015659655394
OM4_C_1G_1	0.0387081052716667	0.023121214703214	0.0447937027979887	0.0178297713222606	0.0551451406908935	0.0489367404695124	0.019295309811073	0.0195161533747163	0.0557505799941793	0.0385433607727849	0.0313269208718484	0.0282404893731571	0.0455551288504661	0.0494647305667687	0.031470515728548	0	0.0201917688569988	0.0195231121371493	0.0488380597031728	0.0266368248670705	0.0377875047555894	0.0412210391715819	0.0166668572903708	0.0554347008680812	0.0440983378075386	0.0250407196580787	0.0358623966276479	0.043981962665593	0.00798023292267401	0.0329506474852455	0.0234200326710355	0.0446763571276789	0.0277628657122578	0.02427457561681	0.0268872514261535	0.0262245407115045	0.0325657151744525	0.0264890101432234	0.0223710135854495	0.026664635609518	0.0156779329402976	0.0266438051094651	0.0270006954153097	0.022747587040604	0.0381881935808059	0.0208958155582151	0.0374281406597908	0.0514289365889067	0.0254439486453567	0.0371960515187626	0.025907474062033	0.0402179973786844	0.0366445630352785	0.0431786382030402	0.0253543791377559	0.0290256332561256	0.0236213773187608	0.0235662089995203	0.0425107343330659	0.0250567446750255	0.0290427759866315
OM4_C_1G_2	0.058880631464172	0.00922100885676976	0.0352191281804421	0.00967200778070787	0.0470430202363944	0.0401912806650776	0.0132143308829152	0.0127402607616984	0.0462579630785375	0.0290424990770946	0.0251815609478019	0.033311284106964	0.0336033786699983	0.0411798824520528	0.0204762891172422	0.0201917688569988	0	0.0355739591624158	0.0389822056909865	0.018269946475607	0.0277469132694062	0.030367471660384	0.0068343289776373	0.0603690222266134	0.0317513153462045	0.00549829082616844	0.0269619808584393	0.0352687894426442	0.0122208132949786	0.0171356586383998	0.0096655416290823	0.0287037966527274	0.0129070357505596	0.03482527433789	0.0158277129499493	0.0119309743576964	0.0213353688506534	0.00683384628838542	0.00694267693718233	0.00724720499966152	0.00910927449410514	0.0277249340987595	0.0122389767285614	0.0071149525643686	0.023050884208908	0.00471310462289664	0.0225421956063967	0.0503357053716545	0.00682920902853299	0.0267298963023351	0.00885187277817822	0.0307357816498474	0.0265108955787512	0.0346128059200483	0.00700158969054555	0.0287757651112932	0.0251350656103638	0.0254340299349323	0.0310166563959785	0.0120396861207861	0.0165616562162776
OM4_C_1G_3	0.0311508499901105	0.033645978780514	0.0448815705248391	0.0365229274629345	0.0521405870909678	0.0474752541374556	0.0270137625099551	0.0275651986269553	0.0540594725456829	0.0399475525415733	0.0319741146894191	0.0189595477897761	0.0478446018616139	0.0474638641910308	0.0363280060264595	0.0195231121371493	0.0355739591624158	0	0.0484909251172241	0.0313240607093486	0.0398905189839195	0.0432748077310319	0.0345769322065517	0.0404937480526963	0.0470380480128251	0.0388046699281491	0.0374487601295691	0.0433939576744065	0.0253386076795726	0.0415374706179232	0.0337011130310272	0.0512849448449785	0.037037897177765	0.0103842769949683	0.0336013103458675	0.0356453160367224	0.0372596771624612	0.0401208310524049	0.0399655344343166	0.0427930861775054	0.0342305532511876	0.0226127831959994	0.0364733769635097	0.0403249670065459	0.0450010959047585	0.0380093274032218	0.0441504358078081	0.0422058915939458	0.0382940723367144	0.0398486366556177	0.0374410694877673	0.0411927472812936	0.0391396150389368	0.0426146172837882	0.0380209240125596	0.0250693799289551	0.0211264096897981	0.0207419963929027	0.0449141512951048	0.0340563398351791	0.0360010565585137
OM4_C_1H_2	0.079545818549773	0.0299670278278206	0.00405326986749475	0.0485023430543247	0.00863620104935039	0.0028087463975186	0.0301104929608292	0.0300825674452782	0.00729379004825741	0.010436731811165	0.0176933143826761	0.0305821234634879	0.00675543111613858	0.00412895202717277	0.0187124399375856	0.0488380597031728	0.0389822056909865	0.0484909251172241	0	0.0225901795271347	0.0114746559462246	0.00862706210812608	0.0453531052208199	0.0399044108575113	0.0085573506928543	0.0350539713286985	0.013042685716961	0.00512852050894385	0.0443564668468823	0.0231239394514108	0.0295150438805996	0.0174645566131021	0.0261606298345248	0.0393220011172154	0.0236563701116358	0.0270571800169668	0.0177498010066335	0.03465805684146	0.0453148627805393	0.0413420527695453	0.0473992495563314	0.0259032747403084	0.0267798135324536	0.0453400527937443	0.0182338813428955	0.0434627958115926	0.0182370843060872	0.0224930642574878	0.0330782195753752	0.0123673855636905	0.0304854428797019	0.00870403269139464	0.0127182454154564	0.00593154821957675	0.0327274146259323	0.0234388134056858	0.0277859507370849	0.0281004566450217	0.00825205519575866	0.0271190012428083	0.0224654799386422
OM4_C_1H_3	0.0609308636981307	0.00927275211111248	0.0185563852985211	0.0270525398381973	0.0298232096155103	0.0231518441865472	0.00753202425269688	0.0074959953128362	0.029760966330556	0.0121552824825637	0.00692164553328096	0.0196992106772463	0.0189330769138599	0.0239298783639496	0.00517144521398452	0.0266368248670705	0.018269946475607	0.0313240607093486	0.0225901795271347	0	0.0112375844007825	0.0146129438158481	0.0237749891557384	0.0438571410172255	0.0175241601988301	0.0163184208653336	0.00959435333312004	0.0180880101492371	0.0217774902935064	0.011065836171852	0.00887929402459695	0.020013630144765	0.00846691151228656	0.025337081702566	0.00346647242928156	0.00801010652107725	0.00621926064513192	0.0167178509023373	0.0251770748007227	0.0230725791981213	0.0255982280117283	0.0128119432768742	0.00844448351230307	0.0253144843353974	0.0136875313369649	0.0229820571332958	0.0128361098990563	0.0322307904271139	0.0144911588461087	0.0105768571866462	0.011958335235607	0.0138887751396431	0.0100535452538645	0.0173345126045234	0.0140614795287398	0.0125690346823935	0.0117884762501731	0.0122361530417312	0.0158824404932587	0.00688988191546118	0.00526531598170585
OM4_C_2A_1	0.0705144010144041	0.0186158105990277	0.00753258768053889	0.0371673155495871	0.0193077266162634	0.0124523149317792	0.0187640069824744	0.0186972194711139	0.0187420153559688	0.00146482574614807	0.0079328888856504	0.0240558461884583	0.00809040150353637	0.0134524625820992	0.00729983656878915	0.0377875047555894	0.0277469132694062	0.0398905189839195	0.0114746559462246	0.0112375844007825	0	0.00351543021304685	0.0339818214535412	0.041551197504958	0.00715560646074874	0.0242124865082305	0.00247377158081864	0.00756664065693897	0.032958278009462	0.013223185721496	0.0181633910143887	0.0138690291227867	0.015151248507173	0.0319202199877778	0.0122016272016691	0.0158614307026259	0.00641494371505146	0.0240125788671497	0.0342769834014839	0.0307746897768118	0.0359939043424041	0.0178520349494229	0.0156910421933996	0.0343321985833029	0.0103496688040414	0.0323213738245748	0.00986760207799469	0.0264891008617231	0.0222148507889553	0.0011446827538985	0.019541461039882	0.00300425867682827	0.00124928877577451	0.00697486885992497	0.021833703354069	0.0159433119368747	0.0187843944728331	0.0191827442305813	0.00505881325124055	0.0157620181245318	0.0111945298974784
OM4_C_2A_2	0.0739675811033498	0.0213951639629748	0.00513358471953368	0.0399126904003169	0.016975707232385	0.0101692710264048	0.0221061952554343	0.0220063254937406	0.0159005982436872	0.00338027985808148	0.0113143606145303	0.0269922757263971	0.0045981336299981	0.0113580937108628	0.0102483400919591	0.0412210391715819	0.030367471660384	0.0432748077310319	0.00862706210812608	0.0146129438158481	0.00351543021304685	0	0.0367813665629767	0.0425490820997346	0.0039550576135188	0.0264559844987346	0.00585250766394206	0.0060053924443513	0.0362167654851259	0.0147159486748661	0.0209442067887338	0.0122666790164061	0.0175357284171642	0.0350898345506414	0.0152180400976224	0.0184421512430093	0.00923236346203551	0.0260997689703736	0.0366991154557345	0.0328171883654012	0.038852532285554	0.0210437614445674	0.0181553518394089	0.0367273399147951	0.0105086872877123	0.0348416579346052	0.0102910864451608	0.0265864882125422	0.0244740285772715	0.00403796497395733	0.0218680418611868	0.00279477017151054	0.00458431348706313	0.0057537899153347	0.0241184253618158	0.0189861250718358	0.0221575491336126	0.0225451566560996	0.00169247737607368	0.0185563655367171	0.0138794082535675
OM4_C_2A_3	0.0547484367804718	0.0153957526543648	0.0415025697836015	0.00329319213731876	0.0532175354131139	0.0464020109523901	0.0174186016163794	0.0171019651035782	0.0526390067144981	0.0352094135006735	0.0305232361367277	0.0359980483122778	0.0402026261272843	0.0473253746305437	0.0266862477140824	0.0166668572903708	0.0068343289776373	0.0345769322065517	0.0453531052208199	0.0237749891557384	0.0339818214535412	0.0367813665629767	0	0.0637084466791763	0.0383796694925041	0.0121717809179279	0.0329665500533513	0.0414087595322343	0.00928298970513573	0.0239417468503311	0.0158477293821625	0.0355329639337509	0.0195295608671735	0.0358426774809313	0.0218311971499555	0.0184106189439826	0.0276182716946375	0.0133723017602291	0.00570770834123703	0.0106938837937904	0.0022907167204868	0.0312884402727027	0.0188201571206315	0.00608441859209758	0.0298556173292354	0.00457267293857964	0.0293287979560944	0.0551238372747938	0.0136519742268944	0.0330165662808144	0.0156424876584332	0.0369328552581865	0.032734736639253	0.0407164586464764	0.0138345882134345	0.032769952008952	0.0283992388390474	0.0286155758384853	0.0375309455455822	0.0182446320429831	0.022907389468536
OM4_C_2B_1	0.0653359642062116	0.0526104716160016	0.0393559241169676	0.0667856843251115	0.0359416202146677	0.0371836970915575	0.0471729591096227	0.0476569020152329	0.0397663626323097	0.0403114944548104	0.0377945605041694	0.0279180050532762	0.0448569031058931	0.0360470032361139	0.0451930792821405	0.0554347008680812	0.0603690222266134	0.0404937480526963	0.0399044108575113	0.0438571410172255	0.041551197504958	0.0425490820997346	0.0637084466791763	0	0.0457370839690756	0.0598623289258691	0.0400378530530382	0.0375234622985151	0.0568612579337168	0.0531588460961919	0.0522991358861606	0.0548017855778058	0.0522161472025286	0.031651080431562	0.0472576444055295	0.0518583650477619	0.0451962909866476	0.0604394036458413	0.0670994873579688	0.0664040859020437	0.0646816025825177	0.0326768529734081	0.0522728844886886	0.0673361623727249	0.0518285841602081	0.0647646907748824	0.051262172001661	0.0177938650573754	0.0581744652943276	0.0425116492594192	0.0557567541581968	0.0398685380622016	0.0420328786500924	0.0373371829110396	0.0577480220141139	0.0317468353836568	0.0353994193255009	0.0351542421181347	0.0438236507596014	0.0506548620874596	0.0483458376379664
OM4_C_2B_2	0.0775973007702507	0.0231560216128473	0.00666786419325282	0.0414029814355289	0.0171717702912341	0.0109183659467337	0.0248328359077695	0.0246608068254216	0.0152275518791276	0.00731272904679737	0.0150871774843676	0.0309433772448516	0.00193548328843483	0.0122662814281319	0.01266626606237	0.0440983378075386	0.0317513153462045	0.0470380480128251	0.0085573506928543	0.0175241601988301	0.00715560646074874	0.0039550576135188	0.0383796694925041	0.0457370839690756	0	0.0273690787452854	0.00961489303666001	0.00830772043821579	0.0386541925941335	0.0151080478118437	0.0227169528952127	0.0093889259000561	0.0188643097530204	0.0389974436710281	0.0174938100607488	0.0199989282330774	0.011575204899092	0.0268135013171131	0.0377297660076065	0.033369713601079	0.0405324967721577	0.024939213418196	0.0195660296894564	0.0377193186955342	0.00979883315879088	0.0360309131412111	0.00991002860772939	0.0292280386793032	0.0254460023555022	0.00727389568397238	0.0229886810285636	0.00662943058061824	0.00795696027534379	0.00841218252414068	0.0251317851424082	0.022921455147519	0.0259384900760656	0.0263364388516412	0.0022700183124156	0.0204072871064241	0.0157525781849902
OM4_C_2B_3	0.0636292796881986	0.00726426054462671	0.0314822981965608	0.0146793749425567	0.0433767854229192	0.0365234521857386	0.0135497252408179	0.0129682498922497	0.042258979429521	0.0256003504033541	0.0230987382989119	0.0338339582552459	0.0292716244727273	0.0376068803931408	0.0172036025430898	0.0250407196580787	0.00549829082616844	0.0388046699281491	0.0350539713286985	0.0163184208653336	0.0242124865082305	0.0264559844987346	0.0121717809179279	0.0598623289258691	0.0273690787452854	0	0.0238374772734985	0.0317707162049335	0.0171948087585306	0.0123532195661298	0.00757630188463141	0.0235059090633322	0.0090760110454457	0.0366854014574023	0.0132297883691304	0.00864740399365887	0.017887067330917	0.00144877583185489	0.01037122939128	0.00678689710731493	0.014462217780314	0.0276029470376451	0.00860857617948165	0.0103550401207689	0.01819059590677	0.00883230687290366	0.0177755435682278	0.048434459733059	0.00199833404693914	0.0231230936738926	0.00469249154550615	0.02721100580065	0.0230234281163538	0.0311820656636559	0.00239104377883135	0.0281694030859627	0.0254210886588302	0.0257852906830613	0.0268952202684561	0.00944585012243509	0.0132087277557407
OM4_C_2C_1	0.0681289712981878	0.0177481232713973	0.00899276495303813	0.0361990073370135	0.0203135027657496	0.0135764334816118	0.0170891958704658	0.017084023655227	0.0201729273092913	0.00270482246256219	0.00547810456028957	0.0216300283933444	0.01044960313741	0.0144077193989063	0.00663525086392611	0.0358623966276479	0.0269619808584393	0.0374487601295691	0.013042685716961	0.00959435333312004	0.00247377158081864	0.00585250766394206	0.0329665500533513	0.0400378530530382	0.00961489303666001	0.0238374772734985	0	0.00851729332496546	0.0313574388213776	0.0137253830627483	0.0173009463270691	0.0160343175652559	0.0147884446635848	0.0294490333548861	0.0111645115950628	0.0152717442268256	0.00604349199692054	0.0237854328191596	0.0336550542013514	0.0305285656866229	0.0349035051964278	0.0153805005035343	0.0152312369761953	0.0337363846220518	0.0118492920000151	0.0316117887064215	0.0112454294538334	0.0256363634923398	0.0218480092230335	0.00282862241557441	0.0191468932149095	0.00436005023946465	0.0021644752351993	0.0077858947636758	0.0214470687465497	0.0134993135932545	0.0163330775588804	0.0167276426612243	0.00747214477963337	0.0149270896005922	0.0106327173084919
OM4_C_2C_2	0.0744455869365471	0.0260995008188047	0.00193452722561167	0.0446200901738012	0.0118216183546975	0.00506483173799535	0.0255331436399627	0.0255560490088439	0.0117896959191743	0.00622931895668153	0.0127034194817057	0.0256576200165941	0.0073473974772444	0.00592311820787308	0.0147973799379192	0.043981962665593	0.0352687894426442	0.0433939576744065	0.00512852050894385	0.0180880101492371	0.00756664065693897	0.0060053924443513	0.0414087595322343	0.0375234622985151	0.00830772043821579	0.0317707162049335	0.00851729332496546	0	0.0398028821531735	0.0204761617931444	0.0256483061445772	0.0176447289694708	0.0227157739408259	0.0343232735719834	0.0195855794698344	0.0234143276173246	0.0139646219082541	0.0315454078562077	0.0418332670979757	0.0383020096371513	0.0433752882128684	0.0207942644563437	0.0232556191335741	0.0418909137571147	0.0165135701889233	0.039863774712083	0.0162831829776386	0.0209365184888136	0.0297738857339421	0.00865129753185428	0.0271046188346046	0.00456303300597484	0.00878021814903458	0.000814679374719899	0.0293947956710459	0.0183510905400224	0.0226596805577733	0.0229734699296763	0.00670646006375251	0.0232520713386034	0.0187418248467201
OM4_C_2D_1	0.046677036418742	0.0162773567511177	0.0403264214692827	0.0112725353157384	0.0514114797170178	0.044857365456499	0.0142773482382972	0.0142827904649592	0.051515481680856	0.0339267898680844	0.0275920161112118	0.028975949017245	0.0402751269023981	0.0455638308003514	0.0260582496662739	0.00798023292267401	0.0122208132949786	0.0253386076795726	0.0443564668468823	0.0217774902935064	0.032958278009462	0.0362167654851259	0.00928298970513573	0.0568612579337168	0.0386541925941335	0.0171948087585306	0.0313574388213776	0.0398028821531735	0	0.0261491966557279	0.0166412441070629	0.0380557176281291	0.0210164382052854	0.027418650828117	0.0211671317016561	0.0195335562197442	0.0271303590014997	0.0186390935604908	0.0148524708179624	0.0187481972809486	0.00895884251787724	0.0254994463049341	0.0202367195936212	0.015224063693249	0.0317164548345894	0.0131504226603821	0.0310155210909321	0.0503223160400554	0.017765188059741	0.0322008282117542	0.0185492499320894	0.0356611731242347	0.0317429276611991	0.039031752745219	0.0177204806443568	0.0274768881543813	0.0224156051846316	0.022514729922576	0.0373202808167124	0.0186175464866022	0.0230342783582726
OM4_C_2D_3	0.0698832281809056	0.00989336794589221	0.0198474580695253	0.0267742036444311	0.0316480802558055	0.0248803908435255	0.0148737787417812	0.0144090621099614	0.0302003785748782	0.0146876699542416	0.0154931889454188	0.030676732524426	0.0170317838058184	0.0260689233516417	0.00799463828813615	0.0329506474852455	0.0171356586383998	0.0415374706179232	0.0231239394514108	0.011065836171852	0.013223185721496	0.0147159486748661	0.0239417468503311	0.0531588460961919	0.0151080478118437	0.0123532195661298	0.0137253830627483	0.0204761617931444	0.0261491966557279	0	0.00955920888360785	0.0119326636810139	0.00519029634339555	0.0363070777591233	0.00806154114350228	0.00672986139536037	0.00799488149625088	0.0117173639478877	0.0227159855116577	0.0182795921897924	0.0261856289114157	0.0237540241395672	0.00595716691674475	0.0226857851486864	0.00591657874682423	0.0211382265222119	0.00543336228295709	0.039354391409898	0.0105015241803004	0.0120786873436817	0.00830270594722177	0.0160546383609669	0.0122276681030531	0.0200134387411703	0.0102329851380008	0.0231450894371052	0.0228495479519232	0.0232962150048245	0.014875083839664	0.00801445814126721	0.0058167870611067
OM4_C_2E_2	0.0608367507336341	0.000452633820344309	0.0256757858271682	0.0190124302791038	0.037448375855844	0.0306078480551532	0.00686693331145556	0.00627613340294734	0.0368051578432584	0.0194255375213799	0.0157718986899736	0.0265528147269675	0.0244894718289085	0.0315674874096842	0.0108664345239964	0.0234200326710355	0.0096655416290823	0.0337011130310272	0.0295150438805996	0.00887929402459695	0.0181633910143887	0.0209442067887338	0.0158477293821625	0.0522991358861606	0.0227169528952127	0.00757630188463141	0.0173009463270691	0.0256483061445772	0.0166412441070629	0.00955920888360785	0	0.0214293961039891	0.0043837319106599	0.0301984951803335	0.00616764797662544	0.00289614251815387	0.0117771675883109	0.00822027821765798	0.0164479575641823	0.0142470503252339	0.0179178188203262	0.020140696477922	0.00360706320071797	0.0165585326417576	0.0150880581387684	0.0143392752346248	0.0144039817976321	0.0411032506192053	0.00593966273179927	0.0171806778144527	0.00396671742834918	0.0211350991516634	0.0169191308096291	0.0249791904771299	0.00552334578287282	0.0206110719373707	0.0181284518526327	0.0185165166870973	0.0217382216846579	0.00240182694677224	0.00706797479240041
OM4_C_2E_3	0.0807525044603867	0.021785470801246	0.0160559274844347	0.0381759215559755	0.0257610422210059	0.0200687917460891	0.0259184892688601	0.0255501833652758	0.0231131722753896	0.0148311337050758	0.0207499536889271	0.0373510761962213	0.0108332844127849	0.0214349177611265	0.0149719800045786	0.0446763571276789	0.0287037966527274	0.0512849448449785	0.0174645566131021	0.020013630144765	0.0138690291227867	0.0122666790164061	0.0355329639337509	0.0548017855778058	0.0093889259000561	0.0235059090633322	0.0160343175652559	0.0176447289694708	0.0380557176281291	0.0119326636810139	0.0214293961039891	0	0.0170479907817104	0.0445272004378118	0.0182940089032812	0.0185489924238586	0.0140721202407206	0.0225355361793529	0.0335509012757326	0.028318861892495	0.0378083117529174	0.030711759367717	0.0178270050238882	0.0334525858501824	0.00655010226654342	0.0322924641618893	0.00736355146258217	0.0385743049114617	0.0218899048471216	0.0132104970130488	0.0200518158175949	0.0149882688450438	0.0138750444121567	0.0176627908479807	0.021704216197462	0.0292070916247786	0.0308728208131208	0.0313134484750053	0.0110367886350818	0.0196320296306183	0.0159242260907848
OM4_C_2F_1	0.0648771369378145	0.00474004593775423	0.0224916162123733	0.0225491056686472	0.0343798969295595	0.0275174606541581	0.0100701859591973	0.00955197240888446	0.0334185377120019	0.0165301277638227	0.0146386457984544	0.0278754044523281	0.0207054018238994	0.0285755654579174	0.00815933099800842	0.0277628657122578	0.0129070357505596	0.037037897177765	0.0261606298345248	0.00846691151228656	0.015151248507173	0.0175357284171642	0.0195295608671735	0.0522161472025286	0.0188643097530204	0.0090760110454457	0.0147884446635848	0.0227157739408259	0.0210164382052854	0.00519029634339555	0.0043837319106599	0.0170479907817104	0	0.0325876469416347	0.00500324688612699	0.00154730163262921	0.00881232157161108	0.00901023395802937	0.0191802806056184	0.0157437583961025	0.0217042885479852	0.0210988896811712	0.000780376943885089	0.0192191902716807	0.010745525619479	0.0173139999118124	0.0100906643289042	0.0397711133667172	0.00707879159665726	0.0140731529842462	0.00439181739497978	0.0181536317102796	0.0139540248328968	0.0221169678567514	0.00668927941861173	0.0210258198680826	0.0196325189394183	0.0200604868029836	0.0181224176410926	0.0030054476244453	0.00420719981202296
OM4_C_2F_2	0.0409941555338996	0.0302822332881354	0.035960412484745	0.0384532565408578	0.0422628787941192	0.0380335901495964	0.0233816005974114	0.0239790740443307	0.0444254964545067	0.0317111588132295	0.0240891656732588	0.00891177131486193	0.039535759788423	0.037888721159827	0.0298072619298985	0.02427457561681	0.03482527433789	0.0103842769949683	0.0393220011172154	0.025337081702566	0.0319202199877778	0.0350898345506414	0.0358426774809313	0.031651080431562	0.0389974436710281	0.0366854014574023	0.0294490333548861	0.0343232735719834	0.027418650828117	0.0363070777591233	0.0301984951803335	0.0445272004378118	0.0325876469416347	0	0.0282784010532062	0.0314325422566664	0.0305748248039632	0.0377972562645708	0.0405176754400604	0.0419406085508711	0.0361638288791743	0.0140716603952994	0.0321896729668465	0.0408367391282329	0.0386721299054527	0.0382936946213323	0.0378354097371169	0.0318438570165322	0.0356755624361277	0.0320950380179968	0.0341592730955585	0.0327310533255757	0.0313730055835173	0.0335817368536492	0.0353229842298125	0.016163641709634	0.0137052284159234	0.0132578628967856	0.0367750535980912	0.0298282247545816	0.0305037636083131
