	OM4_B_B_2	OM4_B_B_3	OM4_C_1A_2	OM4_C_1A_3	OM4_C_1C_2	OM4_C_1D_1	OM4_C_1E_2	OM4_C_1E_3	OM4_C_1F_1	OM4_C_1F_2	OM4_C_1G_1	OM4_C_1G_2	OM4_C_1G_3	OM4_C_1H_1	OM4_C_1H_2	OM4_C_2A_1	OM4_C_2A_2	OM4_C_2A_3	OM4_C_2B_1	OM4_C_2B_2	OM4_C_2C_2	OM4_C_2C_3	OM4_C_2D_1	OM4_C_2D_2	OM4_C_2F_1	OM4_C_2G_1	OM4_C_2G_2	OM4_C_2G_3	OM4_C_3A_1	OM4_C_3A_2	OM4_C_3B_1	OM4_C_3B_3	OM4_C_3C_2	OM4_C_3E_1	OM4_C_3F_1	OM4_C_3F_2	OM4_C_3G_1	OM4_C_3H_1	OM4_C_3H_2	OM4_H_4A_1	OM4_H_4A_3	OM4_H_4B_1	OM4_H_4B_2	OM4_H_4B_3	OM4_H_4E_1	OM4_H_4F_3
OM4_B_B_2	0	0.00545301735997666	0.0180301633086079	0.0354015576229424	0.0131351773554654	0.0135968600400354	0.0359163410573544	0.0658316559854328	0.0199871948136929	0.0221214435514034	0.0435713478490696	0.0377364648331514	0.0363209065610185	0.0472356771002559	0.0395509305134392	0.0147525529827189	0.0195188923022683	0.0325800161658508	0.0612762406982399	0.00474694600284124	0.0193125887575339	0.0192371687429493	0.020227616131901	0.041476120374734	0.0211476347625777	0.0146703980915612	0.0854573260090064	0.0592920257769622	0.0194901407006924	0.00757359194234953	0.00744919369984418	0.0470176726598638	0.00627692547360422	0.0492196165025504	0.0252554705651886	0.0352769629908154	0.0461818569939003	0.0188427110722091	0.0235333417403388	0.0220071782040763	0.0275380647508864	0.00833007810303283	0.0562835772383599	0.03142420681198	0.0590442039641256	0.0521026406421671
OM4_B_B_3	0.00545301735997666	0	0.0160647013155	0.0325272315495128	0.00987114770299317	0.0111280129157774	0.0335935265566521	0.0621001250981327	0.0146048076974199	0.0195328973725497	0.0470831218615533	0.0413113848066723	0.0397488898848393	0.0513684559831124	0.0441289875779363	0.00997938931245437	0.0161585144222842	0.0280280746080023	0.0580497578092908	0.000891633940959715	0.0242268731866716	0.0243042004438197	0.0181409670724294	0.0379962734719227	0.0243758991811419	0.0117207262519104	0.0816417888377533	0.0562111131783929	0.0146001891470883	0.012397533607207	0.00356778769351142	0.0436489203450421	0.00428369869441309	0.0445629614780309	0.024373760323174	0.0322018226703457	0.0422631163258302	0.0159624506802691	0.0207746292393583	0.0196927506546032	0.0236159144783899	0.0114311515752609	0.0525469851175699	0.0302342329412086	0.054478281103133	0.0493637572097583
OM4_C_1A_2	0.0180301633086079	0.0160647013155	0	0.0175887352569377	0.00678553331887556	0.0049760353707779	0.0178917250681679	0.0487263669571724	0.0169607314676146	0.00448834627693902	0.0614568119290052	0.0556166657938625	0.0542641092220079	0.0646152741249369	0.0563330022868435	0.0109192966872161	0.00517731453244998	0.0191848180209424	0.0435769564938635	0.0157467358694888	0.035931148582685	0.0354349092596555	0.00220139710480358	0.0242782447350063	0.0391695386518319	0.00493915537223733	0.0683962374086946	0.0414844278678393	0.0123167691834263	0.0251262936899363	0.0125340493243034	0.0295673411958211	0.0122369687199529	0.0350166437406155	0.00890329926929699	0.0176626230501313	0.0297161804783031	0.00324127940725901	0.00602765921531201	0.00405490519788246	0.012414351937238	0.0262858847989455	0.0392717598245107	0.0142862233258073	0.0441602328151233	0.0341336747170125
OM4_C_1A_3	0.0354015576229424	0.0325272315495128	0.0175887352569377	0	0.0226776219087671	0.0218240752723259	0.00403234660082176	0.0314655216351316	0.0260524785511452	0.0132919139009956	0.0789093401624626	0.0730800596222044	0.0716816743492789	0.0821613137391842	0.0738341178639084	0.0240062839332228	0.0164148820137101	0.0142332833040246	0.0259973233160963	0.0324331273300682	0.0534782598051294	0.0529417556771561	0.0154189283824522	0.00766663519773767	0.0564782035030567	0.0209010874007749	0.0510728091817576	0.0239266851175161	0.0214853724960575	0.0426605983626968	0.0290026074615544	0.0121987698500724	0.0293001609356796	0.0226210646940046	0.0145872301880759	0.00150407084941443	0.0140296076414361	0.0166422920089025	0.0118772445450092	0.0135342809154626	0.0111146033898445	0.0434853015490796	0.0222262256407203	0.0112456534239538	0.0297726121729142	0.0168506976801823
OM4_C_1C_2	0.0131351773554654	0.00987114770299317	0.00678553331887556	0.0226776219087671	0	0.00221302027229638	0.0237571393656196	0.0527270188550324	0.0119403928501689	0.00969783618493182	0.0565510399806509	0.0507379285951892	0.0492575862350186	0.060353223796661	0.0525757278847834	0.00502568670316469	0.00641881080913157	0.0199494528274311	0.0483465509244995	0.00975972872773664	0.0322107295734907	0.0319631346704575	0.00860457057801477	0.0284041505909919	0.0339444061878218	0.00192336277915427	0.0723616418768089	0.0464479467919078	0.00853619176979913	0.0206748606088629	0.00632786151674529	0.0339976973334359	0.00685984335578108	0.0365783818171926	0.0156547005099331	0.0223995425572832	0.033060886454041	0.00609583779539554	0.0109063859353574	0.00996069186757389	0.0144412049094207	0.0209130583403581	0.0431699351734253	0.021018832449312	0.0462578011651306	0.0395137354331368
OM4_C_1D_1	0.0135968600400354	0.0111280129157774	0.0049760353707779	0.0218240752723259	0.00221302027229638	0	0.0225644181700984	0.0523935848563037	0.0140044393557613	0.00857332084931859	0.0571530249557255	0.0513215414245996	0.0499006505061015	0.06066954804232	0.0526727338018658	0.00717885588541793	0.0062402568841096	0.0205622255846247	0.0476985272870485	0.0108595891289995	0.032248708679712	0.0318990338090671	0.00701377593809907	0.027960151927042	0.0346750756392801	0.00154466798497289	0.0720602837155633	0.0457150025490659	0.0102392911475931	0.0209801616111071	0.00757730779295948	0.0334584866747427	0.00750020004537026	0.0370563825841126	0.0136818946707116	0.0216851608474373	0.0329240754967386	0.00526299193808323	0.00994799751663376	0.00860461996541937	0.0145523553981247	0.0216875114449269	0.0428596244340896	0.0192527817864536	0.0465894845992154	0.0385861892420513
OM4_C_1E_2	0.0359163410573544	0.0335935265566521	0.0178917250681679	0.00403234660082176	0.0237571393656196	0.0225644181700984	0	0.0327927171934402	0.0287071151108536	0.0140660825860546	0.0792305718135254	0.0733960673205489	0.0720803238556929	0.082083207529134	0.0735122368529646	0.0258250842782268	0.0178776271975464	0.0180946516380925	0.0264747158147307	0.0333954063627592	0.0532932502322314	0.0526514629511391	0.0156966027486929	0.0105970439330828	0.0570413284798083	0.0218795463957497	0.0521378534418545	0.024149966900182	0.0239081611036843	0.0429171631635555	0.0300287676168799	0.013881343055345	0.0300394748787767	0.0262371988047713	0.0128738571552968	0.00553583189119654	0.0170113434317948	0.0176718882321334	0.0128980845830053	0.013968585027521	0.0141459389501277	0.0441590299966379	0.0239796584352667	0.00819849263146614	0.0327955349056901	0.0164244470773407
OM4_C_1E_3	0.0658316559854328	0.0621001250981327	0.0487263669571724	0.0314655216351316	0.0527270188550324	0.0523935848563037	0.0327927171934402	0	0.0513528297937356	0.0442676501874409	0.109033916856894	0.103270123826342	0.101735040880532	0.112886504582033	0.104877272951894	0.0524278897135722	0.0463400705450554	0.0352314770163775	0.00862420465018776	0.0622118446017214	0.0845150912742883	0.0840742289161059	0.0466369843531542	0.0244816767056759	0.0864173554533661	0.0512055631561758	0.0197072000608513	0.0112259678016351	0.0484304165605801	0.0733103220705315	0.0588107175904306	0.0192707914091242	0.0595744344769967	0.0225666178724815	0.0456180590364299	0.0311374698160284	0.0199414490905422	0.0471493488574252	0.0427479599036416	0.0447280005552944	0.0385096689497496	0.0734649012283501	0.00957116047501432	0.0406651806512679	0.0160813380312881	0.0185551387895122
OM4_C_1F_1	0.0199871948136929	0.0146048076974199	0.0169607314676146	0.0260524785511452	0.0119403928501689	0.0140044393557613	0.0287071151108536	0.0513528297937356	0	0.0170355012184455	0.0594412582865494	0.0538788044888693	0.0521294483320405	0.0646190018175006	0.0580434067521176	0.00697860482299131	0.0127056401957388	0.0161368677718953	0.0488437682967329	0.0152436874577146	0.0386271061966094	0.0388045957276394	0.0177274500250741	0.0289974651616207	0.037031535528148	0.012839950753063	0.0703796305699024	0.0474848931219141	0.00504356899935742	0.0268891852600808	0.0131692329323253	0.0346220899055874	0.0152169403140778	0.0315452500498582	0.0252521725478272	0.0251168674582838	0.0315910884629929	0.0142459907608452	0.0172632350635959	0.017980067895266	0.0149958479524781	0.0250190057931808	0.0420280741342193	0.0291382404339219	0.0415457960578541	0.0419261013035358
OM4_C_1F_2	0.0221214435514034	0.0195328973725497	0.00448834627693902	0.0132919139009956	0.00969783618493182	0.00857332084931859	0.0140660825860546	0.0442676501874409	0.0170355012184455	0	0.0656486731425383	0.059814276807586	0.0584197736939993	0.0689673174778556	0.0607587562372766	0.0123772133628792	0.00443006785535103	0.0154996099318804	0.0392490521028724	0.0193493505311289	0.040347126527187	0.039877503079654	0.00262287445896854	0.019805143081262	0.0432311001286284	0.00781457605113264	0.0639461962502363	0.0372118800365874	0.0120114889179745	0.029384449259765	0.015968133806946	0.0251420836782358	0.0160727045955458	0.0308168966800345	0.0085179896898581	0.0132593514679881	0.0252376833239578	0.00364598656099645	0.00154049661914539	0.00117129531710054	0.00852924735087022	0.0302572021533628	0.0347980155444263	0.0122130363544823	0.039809718396073	0.0300192350984853
OM4_C_1G_1	0.0435713478490696	0.0470831218615533	0.0614568119290052	0.0789093401624626	0.0565510399806509	0.0571530249557255	0.0792305718135254	0.109033916856894	0.0594412582865494	0.0656486731425383	0	0.00584963589688541	0.00735546173339224	0.00857434708708904	0.0133462076935985	0.0568840671143822	0.0629596041660236	0.074745282717718	0.104719164087768	0.0469667874736403	0.0270082738275945	0.0281014273873804	0.0636528687903326	0.0848914962796477	0.0227278305061281	0.0581866295207728	0.128502131554524	0.102742713244598	0.0611961385461723	0.0363691751466679	0.0503793999619177	0.0904664097130125	0.0497513712600761	0.0908526340639105	0.067623896008722	0.0787932180244258	0.0892641346754706	0.0623848569685482	0.0670711558798593	0.0654782255039603	0.0706605051128401	0.0357006648431603	0.0995108675136741	0.0738500107081972	0.10082090028586	0.0955001983199011
OM4_C_1G_2	0.0377364648331514	0.0413113848066723	0.0556166657938625	0.0730800596222044	0.0507379285951892	0.0513215414245996	0.0733960673205489	0.103270123826342	0.0538788044888693	0.059814276807586	0.00584963589688541	0	0.00202265294782253	0.0117177440999483	0.0116557820917553	0.0511506930857769	0.0571481900258033	0.0690607654810978	0.0989096904381743	0.0411777275954883	0.0213631581573891	0.0225235682945577	0.0578132684681822	0.0790906767504093	0.0169893452175505	0.052364087832996	0.122765449846819	0.0969258875059527	0.0555057548179126	0.0305223948503932	0.0445831768281269	0.0846600526810942	0.0439278784633256	0.0852473843099349	0.0618075782104859	0.0729700837131752	0.0835080742348163	0.0565580495195393	0.0612397334239224	0.0596402100916612	0.0648862897475601	0.0299079862152547	0.0937410158932618	0.0680386345970978	0.0952163006208436	0.0896730057326983
OM4_C_1G_3	0.0363209065610185	0.0397488898848393	0.0542641092220079	0.0716816743492789	0.0492575862350186	0.0499006505061015	0.0720803238556929	0.101735040880532	0.0521294483320405	0.0584197736939993	0.00735546173339224	0.00202265294782253	0	0.0137364899683111	0.0131581959058521	0.0495405817267008	0.0556675150553832	0.067407808372933	0.097474996728626	0.0396435826613619	0.0205970524279956	0.0218375011325024	0.0564623732878761	0.0776031925570541	0.015381655713005	0.0509112498995692	0.12120918665327	0.0955183017859385	0.0538524881402311	0.0292168708401047	0.0430632473088843	0.0831929147558758	0.0424730207154462	0.0835389217947193	0.0606262460780554	0.0715418490918112	0.0819441067847686	0.0551234285730591	0.0598308729335466	0.0582746631604717	0.0633374514670831	0.0283794909403105	0.092206756549436	0.0668642173882507	0.0935123963965416	0.0883220801556844
OM4_C_1H_1	0.0472356771002559	0.0513684559831124	0.0646152741249369	0.0821613137391842	0.060353223796661	0.06066954804232	0.082083207529134	0.112886504582033	0.0646190018175006	0.0689673174778556	0.00857434708708904	0.0117177440999483	0.0137364899683111	0	0.00969663086738435	0.0613223502269267	0.0667118533631252	0.0793280276205261	0.108054224343796	0.0511196970750127	0.0288600084309816	0.0295999731511952	0.0667836436123337	0.0885610090772291	0.0276659563537022	0.0618435996557052	0.132441806269667	0.105945317572683	0.0658349919654811	0.039726643819638	0.0544285967250406	0.0940113501559955	0.0535047849746015	0.0957152694364675	0.0699466270347958	0.082192263837067	0.0933188051167105	0.0659198119351888	0.0704474077780924	0.0686618396421843	0.0747067564196142	0.0399936316351983	0.103379620848127	0.0760865260128158	0.105642362099941	0.0984447561515934
OM4_C_1H_2	0.0395509305134392	0.0441289875779363	0.0563330022868435	0.0738341178639084	0.0525757278847834	0.0526727338018658	0.0735122368529646	0.104877272951894	0.0580434067521176	0.0607587562372766	0.0133462076935985	0.0116557820917553	0.0131581959058521	0.00969663086738435	0	0.0540671040652749	0.0588322033865141	0.0720366178535351	0.0997036680093216	0.0437676316597273	0.0204481614509467	0.0209312029860468	0.058466351975823	0.0804894413579056	0.0221338701133997	0.0539385426115308	0.12446945316166	0.0975162635643341	0.0587106178021375	0.0319846488563551	0.0469310432986623	0.085833572857106	0.0457796409494699	0.0885936301889751	0.0611399632114396	0.0739615531857203	0.0855145298597113	0.0578864160025125	0.0622676268301236	0.0603654849589157	0.0669928664391814	0.0330551334547139	0.0954033373370416	0.067209721899843	0.0984462991728446	0.0898780501602084
OM4_C_2A_1	0.0147525529827189	0.00997938931245437	0.0109192966872161	0.0240062839332228	0.00502568670316469	0.00717885588541793	0.0258250842782268	0.0524278897135722	0.00697860482299131	0.0123772133628792	0.0568840671143822	0.0511506930857769	0.0495405817267008	0.0613223502269267	0.0540671040652749	0	0.00805386715681704	0.0180517458952045	0.0488058990919775	0.010312318839755	0.0340193348158021	0.0339831536611513	0.0122198288552666	0.028651405054716	0.0341810461848123	0.00623444261617541	0.071896894217449	0.0471208949614117	0.00474465115060238	0.0221969389544102	0.00733249933523902	0.0343594989456326	0.00904170683827956	0.0346050079156822	0.0197225903056036	0.0234238496828021	0.032518573383235	0.00891356423776409	0.0131384667175425	0.0130356879826158	0.0140514752238515	0.0213655440400319	0.0428938651743715	0.0244827501845679	0.0445124629214864	0.0407087847573206
OM4_C_2A_2	0.0195188923022683	0.0161585144222842	0.00517731453244998	0.0164148820137101	0.00641881080913157	0.0062402568841096	0.0178776271975464	0.0463400705450554	0.0127056401957388	0.00443006785535103	0.0629596041660236	0.0571481900258033	0.0556675150553832	0.0667118533631252	0.0588322033865141	0.00805386715681704	0	0.0145712796824472	0.0419491455789687	0.0161224539109126	0.0384288698187967	0.0381089712548738	0.00517126974889303	0.0219879918222492	0.0403521886688824	0.00490105170932272	0.06599352476989	0.0400761411126567	0.00773988591524772	0.0270221043974087	0.0126782206990493	0.0275837373923476	0.0132573619263588	0.0309050848477843	0.0125734535279479	0.0160476360730983	0.0267453287993615	0.00193654724484619	0.00508555910402212	0.00528738444009948	0.00831761963419803	0.0273231334761616	0.0367851623308879	0.0166425775637723	0.0403766213974487	0.0332567064776109
OM4_C_2A_3	0.0325800161658508	0.0280280746080023	0.0191848180209424	0.0142332833040246	0.0199494528274311	0.0205622255846247	0.0180946516380925	0.0352314770163775	0.0161368677718953	0.0154996099318804	0.074745282717718	0.0690607654810978	0.067407808372933	0.0793280276205261	0.0720366178535351	0.0180517458952045	0.0145712796824472	0	0.0329933312205707	0.0283308043298763	0.0518718468263154	0.0517317677671087	0.0179907984918353	0.0139071061767489	0.0521015553211274	0.0190577156552331	0.0543691299326776	0.0318438961221731	0.0135789581049756	0.0401194890823209	0.0251549606951907	0.019162056603582	0.0264604405164652	0.0166681219727336	0.022654601173668	0.0128031786843201	0.0154990441586917	0.016240908445623	0.0142942893545272	0.0165923153411365	0.00698715535345906	0.0393965601430449	0.0259127000870241	0.0228830755078142	0.0264959796662505	0.0271963007918077
OM4_C_2B_1	0.0612762406982399	0.0580497578092908	0.0435769564938635	0.0259973233160963	0.0483465509244995	0.0476985272870485	0.0264747158147307	0.00862420465018776	0.0488437682967329	0.0392490521028724	0.104719164087768	0.0989096904381743	0.097474996728626	0.108054224343796	0.0997036680093216	0.0488058990919775	0.0419491455789687	0.0329933312205707	0	0.0580493405198759	0.0794105043572127	0.0788495369458466	0.0414069196270003	0.0201688190259831	0.0822287306593208	0.0466678140480072	0.0260027839427246	0.00271818060353221	0.0452744495553382	0.068595684868558	0.0546103324054505	0.0144580187102298	0.0551038942091698	0.0241864386215395	0.039293522288734	0.0260262309552416	0.0177182799342835	0.042458461280547	0.0377933809800401	0.0395252570688976	0.0347833010090578	0.0692272488906943	0.00870374441473953	0.0338541749955054	0.0210389707375478	0.0107214588208475
OM4_C_2B_2	0.00474694600284124	0.000891633940959715	0.0157467358694888	0.0324331273300682	0.00975972872773664	0.0108595891289995	0.0333954063627592	0.0622118446017214	0.0152436874577146	0.0193493505311289	0.0469667874736403	0.0411777275954883	0.0396435826613619	0.0511196970750127	0.0437676316597273	0.010312318839755	0.0161224539109126	0.0283308043298763	0.0580493405198759	0	0.0237582454337813	0.0237888715731673	0.0178566933663121	0.0380365286545893	0.0242835858077632	0.0115595947313207	0.0817788645645824	0.0561797450714574	0.0149943250818369	0.0119199313338843	0.00344455052047241	0.0436698415953494	0.00370227889210685	0.0449084327188553	0.0239180876734556	0.0321481816532215	0.0424086957136775	0.015820022412077	0.0206296995668694	0.0194575167002141	0.0237397311870841	0.0112762090699183	0.0526556518832729	0.0298392802729842	0.0548005477169399	0.049260318079804
OM4_C_2C_2	0.0193125887575339	0.0242268731866716	0.035931148582685	0.0534782598051294	0.0322107295734907	0.032248708679712	0.0532932502322314	0.0845150912742883	0.0386271061966094	0.040347126527187	0.0270082738275945	0.0213631581573891	0.0205970524279956	0.0288600084309816	0.0204481614509467	0.0340193348158021	0.0384288698187967	0.0518718468263154	0.0794105043572127	0.0237582454337813	0	0.00151018946022677	0.038079005042286	0.060090228517745	0.0107810164974987	0.0335314884910393	0.104145000080734	0.0772563033616894	0.0387329913742903	0.0118401601029416	0.0267561682765879	0.065457533452825	0.0254635152348635	0.0685008040507067	0.0411476139091692	0.0535762153123653	0.0651366809743347	0.0374608077183312	0.041853478439913	0.039974715179735	0.04663243206616	0.0140896995571906	0.0750236484560109	0.0473224291852967	0.0783005154582231	0.0696896740438241
OM4_C_2C_3	0.0192371687429493	0.0243042004438197	0.0354349092596555	0.0529417556771561	0.0319631346704575	0.0318990338090671	0.0526514629511391	0.0840742289161059	0.0388045957276394	0.039877503079654	0.0281014273873804	0.0225235682945577	0.0218375011325024	0.0295999731511952	0.0209312029860468	0.0339831536611513	0.0381089712548738	0.0517317677671087	0.0788495369458466	0.0237888715731673	0.00151018946022677	0	0.037562739455288	0.059649432454708	0.0122672742108686	0.0332192044745256	0.103703133119136	0.0766661566274138	0.0387141263376069	0.0119244077179403	0.0266799385373231	0.0649708837725701	0.0252892505086389	0.0683715590825892	0.040388797933011	0.0530796087013288	0.0647875620958066	0.0370764747831981	0.0413940831505144	0.0394656127252083	0.046354219340805	0.0146169574482177	0.0746022882850331	0.0465331855873509	0.0781297869599752	0.0690466695973406
OM4_C_2D_1	0.020227616131901	0.0181409670724294	0.00220139710480358	0.0154189283824522	0.00860457057801477	0.00701377593809907	0.0156966027486929	0.0466369843531542	0.0177274500250741	0.00262287445896854	0.0636528687903326	0.0578132684681822	0.0564623732878761	0.0667836436123337	0.058466351975823	0.0122198288552666	0.00517126974889303	0.0179907984918353	0.0414069196270003	0.0178566933663121	0.038079005042286	0.037562739455288	0	0.0222150377473982	0.0413667362240291	0.00668889206027968	0.0663008040173104	0.0393011387860279	0.0128513350664063	0.0273229031328719	0.0145892748358116	0.0274457005521219	0.0143918207287852	0.0334364509985004	0.00756810284933722	0.0155353727252812	0.0277695602459437	0.00348276289941414	0.00412058108748201	0.00191088065327994	0.0110610385116309	0.028474072276223	0.0372073260871064	0.0124418147841919	0.042422013530076	0.0319343301966213
OM4_C_2D_2	0.041476120374734	0.0379962734719227	0.0242782447350063	0.00766663519773767	0.0284041505909919	0.027960151927042	0.0105970439330828	0.0244816767056759	0.0289974651616207	0.019805143081262	0.0848914962796477	0.0790906767504093	0.0776031925570541	0.0885610090772291	0.0804894413579056	0.028651405054716	0.0219879918222492	0.0139071061767489	0.0201688190259831	0.0380365286545893	0.060090228517745	0.059649432454708	0.0222150377473982	0	0.0622884007810241	0.0268136033505596	0.0441792702981214	0.0185735328078592	0.0251794876535889	0.0489228545090565	0.034602793247419	0.00571640915670736	0.0352342179702649	0.0159679080109849	0.0222372351214059	0.0069096186475938	0.00643642861157896	0.0227023422418116	0.0182797308684691	0.0203059861954999	0.0146211934332583	0.0492761960022098	0.0150002841591757	0.0186534894004727	0.0222355333626981	0.0132916889715856
OM4_C_2F_1	0.0211476347625777	0.0243758991811419	0.0391695386518319	0.0564782035030567	0.0339444061878218	0.0346750756392801	0.0570413284798083	0.0864173554533661	0.037031535528148	0.0432311001286284	0.0227278305061281	0.0169893452175505	0.015381655713005	0.0276659563537022	0.0221338701133997	0.0341810461848123	0.0403521886688824	0.0521015553211274	0.0822287306593208	0.0242835858077632	0.0107810164974987	0.0122672742108686	0.0413667362240291	0.0622884007810241	0	0.0356330183305227	0.105916218294771	0.0803066994792144	0.0385356928198365	0.0144966484838717	0.027712989349456	0.0679003996601738	0.027202434587005	0.0683444770384806	0.0459942441431027	0.056292059671994	0.0666004045373844	0.0398691415465647	0.0446151443715718	0.0431437539826615	0.0479794119064647	0.0130355995300239	0.0768782610468781	0.0522294009026431	0.0783204079499546	0.0732028781009464
OM4_C_2G_1	0.0146703980915612	0.0117207262519104	0.00493915537223733	0.0209010874007749	0.00192336277915427	0.00154466798497289	0.0218795463957497	0.0512055631561758	0.012839950753063	0.00781457605113264	0.0581866295207728	0.052364087832996	0.0509112498995692	0.0618435996557052	0.0539385426115308	0.00623444261617541	0.00490105170932272	0.0190577156552331	0.0466678140480072	0.0115595947313207	0.0335314884910393	0.0332192044745256	0.00668889206027968	0.0268136033505596	0.0356330183305227	0	0.0708622766407239	0.0447318463754747	0.00883613442230135	0.0221424459512639	0.00815817830038656	0.032363680039695	0.00844669080380228	0.0355867868558989	0.0138397381806675	0.0206775632742274	0.0316441353457957	0.00426347817224311	0.00907111351629661	0.00804274180179356	0.0131609431560439	0.0226114810377747	0.0416580592468891	0.0191162113851115	0.0451586574515527	0.0377204990118618
OM4_C_2G_2	0.0854573260090064	0.0816417888377533	0.0683962374086946	0.0510728091817576	0.0723616418768089	0.0720602837155633	0.0521378534418545	0.0197072000608513	0.0703796305699024	0.0639461962502363	0.128502131554524	0.122765449846819	0.12120918665327	0.132441806269667	0.12446945316166	0.071896894217449	0.06599352476989	0.0543691299326776	0.0260027839427246	0.0817788645645824	0.104145000080734	0.103703133119136	0.0663008040173104	0.0441792702981214	0.105916218294771	0.0708622766407239	0	0.028613925882168	0.0677706764421412	0.092938722107851	0.0783967509319279	0.0389087416994593	0.0792035624028543	0.0398393001072688	0.0649924620096831	0.0507994145672629	0.0394407667928282	0.0668246978852057	0.0624295652543592	0.06439417518156	0.0580898004809698	0.0930137127568202	0.0292431912471273	0.0597559801381905	0.0306983768579793	0.0367089483244578
OM4_C_2G_3	0.0592920257769622	0.0562111131783929	0.0414844278678393	0.0239266851175161	0.0464479467919078	0.0457150025490659	0.024149966900182	0.0112259678016351	0.0474848931219141	0.0372118800365874	0.102742713244598	0.0969258875059527	0.0955183017859385	0.105945317572683	0.0975162635643341	0.0471208949614117	0.0400761411126567	0.0318438961221731	0.00271818060353221	0.0561797450714574	0.0772563033616894	0.0766661566274138	0.0393011387860279	0.0185735328078592	0.0803066994792144	0.0447318463754747	0.028613925882168	0	0.0437430369792449	0.066555360816426	0.0527402692491334	0.0128835374762457	0.0531580861915686	0.0244244926796819	0.0369084050961064	0.0240650786292628	0.0169345071668433	0.0404977730921758	0.0357820355287054	0.0374353793184418	0.0331552791577853	0.0673121268006497	0.00928332934285844	0.0313671884678587	0.0223698541413399	0.00810772226611621
OM4_C_3A_1	0.0194901407006924	0.0146001891470883	0.0123167691834263	0.0214853724960575	0.00853619176979913	0.0102392911475931	0.0239081611036843	0.0484304165605801	0.00504356899935742	0.0120114889179745	0.0611961385461723	0.0555057548179126	0.0538524881402311	0.0658349919654811	0.0587106178021375	0.00474465115060238	0.00773988591524772	0.0135789581049756	0.0452744495553382	0.0149943250818369	0.0387329913742903	0.0387141263376069	0.0128513350664063	0.0251794876535889	0.0385356928198365	0.00883613442230135	0.0677706764421412	0.0437430369792449	0	0.0269038901704589	0.0120769392310833	0.0308819558427346	0.0137431530435119	0.0299903406353442	0.0203125444745061	0.0206684014061982	0.0285072975372245	0.00939562409219937	0.0122210012019647	0.0129813650201754	0.0106855254175025	0.0258778602372168	0.0389517190480359	0.0240961688808153	0.039938239254919	0.0377667601700316
OM4_C_3A_2	0.00757359194234953	0.012397533607207	0.0251262936899363	0.0426605983626968	0.0206748606088629	0.0209801616111071	0.0429171631635555	0.0733103220705315	0.0268891852600808	0.029384449259765	0.0363691751466679	0.0305223948503932	0.0292168708401047	0.039726643819638	0.0319846488563551	0.0221969389544102	0.0270221043974087	0.0401194890823209	0.068595684868558	0.0119199313338843	0.0118401601029416	0.0119244077179403	0.0273229031328719	0.0489228545090565	0.0144966484838717	0.0221424459512639	0.092938722107851	0.066555360816426	0.0269038901704589	0	0.014971623755491	0.0544178765082745	0.0138322674111622	0.0567389286654481	0.0315496062577762	0.0426134262650646	0.0537184967316119	0.026241758709237	0.0308400873780923	0.0291651232436106	0.0350962571204112	0.00463085221447327	0.0637737627376693	0.0377954449974568	0.0665815540456584	0.0592280337510801
OM4_C_3B_1	0.00744919369984418	0.00356778769351142	0.0125340493243034	0.0290026074615544	0.00632786151674529	0.00757730779295948	0.0300287676168799	0.0588107175904306	0.0131692329323253	0.015968133806946	0.0503793999619177	0.0445831768281269	0.0430632473088843	0.0544285967250406	0.0469310432986623	0.00733249933523902	0.0126782206990493	0.0251549606951907	0.0546103324054505	0.00344455052047241	0.0267561682765879	0.0266799385373231	0.0145892748358116	0.034602793247419	0.027712989349456	0.00815817830038656	0.0783967509319279	0.0527402692491334	0.0120769392310833	0.014971623755491	0	0.0402317742122848	0.00216355635235049	0.0417875113795503	0.0209787762479406	0.0287074265923306	0.039031107459414	0.012408144408483	0.0172209430135884	0.016126834006632	0.0203533917528861	0.0146919724822371	0.0492521365283827	0.0267551668334261	0.0516341310279117	0.0458363626874498
OM4_C_3B_3	0.0470176726598638	0.0436489203450421	0.0295673411958211	0.0121987698500724	0.0339976973334359	0.0334584866747427	0.013881343055345	0.0192707914091242	0.0346220899055874	0.0251420836782358	0.0904664097130125	0.0846600526810942	0.0831929147558758	0.0940113501559955	0.085833572857106	0.0343594989456326	0.0275837373923476	0.019162056603582	0.0144580187102298	0.0436698415953494	0.065457533452825	0.0649708837725701	0.0274457005521219	0.00571640915670736	0.0679003996601738	0.032363680039695	0.0389087416994593	0.0128835374762457	0.0308819558427346	0.0544178765082745	0.0402317742122848	0	0.0408006372358968	0.0164990464810473	0.0265171444835067	0.0119126600201663	0.0061851849524095	0.0281986538356959	0.0236433430235614	0.0255386624540354	0.0203364227636491	0.0548872453564085	0.0101260857302268	0.0220276910419315	0.0201200982600772	0.00860674774412087
OM4_C_3C_2	0.00627692547360422	0.00428369869441309	0.0122369687199529	0.0293001609356796	0.00685984335578108	0.00750020004537026	0.0300394748787767	0.0595744344769967	0.0152169403140778	0.0160727045955458	0.0497513712600761	0.0439278784633256	0.0424730207154462	0.0535047849746015	0.0457796409494699	0.00904170683827956	0.0132573619263588	0.0264604405164652	0.0551038942091698	0.00370227889210685	0.0254635152348635	0.0252892505086389	0.0143918207287852	0.0352342179702649	0.027202434587005	0.00844669080380228	0.0792035624028543	0.0531580861915686	0.0137431530435119	0.0138322674111622	0.00216355635235049	0.0408006372358968	0	0.0431197734504189	0.0202391903489043	0.0291141154576168	0.0399104494805376	0.0126730552646704	0.0174308250381758	0.0160740120058308	0.0212688898018533	0.0141944243079865	0.0500213977875535	0.0262038613637044	0.0528949089065801	0.0460772261444941
OM4_C_3E_1	0.0492196165025504	0.0445629614780309	0.0350166437406155	0.0226210646940046	0.0365783818171926	0.0370563825841126	0.0262371988047713	0.0225666178724815	0.0315452500498582	0.0308168966800345	0.0908526340639105	0.0852473843099349	0.0835389217947193	0.0957152694364675	0.0885936301889751	0.0346050079156822	0.0309050848477843	0.0166681219727336	0.0241864386215395	0.0449084327188553	0.0685008040507067	0.0683715590825892	0.0334364509985004	0.0159679080109849	0.0683444770384806	0.0355867868558989	0.0398393001072688	0.0244244926796819	0.0299903406353442	0.0567389286654481	0.0417875113795503	0.0164990464810473	0.0431197734504189	0	0.0360716999853252	0.0213356365230084	0.0104439567701989	0.0323857765745733	0.0293691105362625	0.0317336089737739	0.0226829777989584	0.0558407758127712	0.0154913323373237	0.0338317796939018	0.0100103569777867	0.0243380096142242
OM4_C_3F_1	0.0252554705651886	0.024373760323174	0.00890329926929699	0.0145872301880759	0.0156547005099331	0.0136818946707116	0.0128738571552968	0.0456180590364299	0.0252521725478272	0.0085179896898581	0.067623896008722	0.0618075782104859	0.0606262460780554	0.0699466270347958	0.0611399632114396	0.0197225903056036	0.0125734535279479	0.022654601173668	0.039293522288734	0.0239180876734556	0.0411476139091692	0.040388797933011	0.00756810284933722	0.0222372351214059	0.0459942441431027	0.0138397381806675	0.0649924620096831	0.0369084050961064	0.0203125444745061	0.0315496062577762	0.0209787762479406	0.0265171444835067	0.0202391903489043	0.0360716999853252	0	0.0154095681193818	0.0285086316191817	0.0110376093233784	0.00898321541489729	0.0074183870171182	0.0158615311247284	0.0335600790764128	0.0366348637356808	0.00625158278983686	0.0440791564449733	0.0290019254144761
OM4_C_3F_2	0.0352769629908154	0.0322018226703457	0.0176626230501313	0.00150407084941443	0.0223995425572832	0.0216851608474373	0.00553583189119654	0.0311374698160284	0.0251168674582838	0.0132593514679881	0.0787932180244258	0.0729700837131752	0.0715418490918112	0.082192263837067	0.0739615531857203	0.0234238496828021	0.0160476360730983	0.0128031786843201	0.0260262309552416	0.0321481816532215	0.0535762153123653	0.0530796087013288	0.0155353727252812	0.0069096186475938	0.056292059671994	0.0206775632742274	0.0507994145672629	0.0240650786292628	0.0206684014061982	0.0426134262650646	0.0287074265923306	0.0119126600201663	0.0291141154576168	0.0213356365230084	0.0154095681193818	0	0.013101650797539	0.0164473247762138	0.0117818944716842	0.0136283215538543	0.0101247510737658	0.0432789893720313	0.0217746274966627	0.0125008128810982	0.0287439910086674	0.0172960043698337
OM4_C_3G_1	0.0461818569939003	0.0422631163258302	0.0297161804783031	0.0140296076414361	0.033060886454041	0.0329240754967386	0.0170113434317948	0.0199414490905422	0.0315910884629929	0.0252376833239578	0.0892641346754706	0.0835080742348163	0.0819441067847686	0.0933188051167105	0.0855145298597113	0.032518573383235	0.0267453287993615	0.0154990441586917	0.0177182799342835	0.0424086957136775	0.0651366809743347	0.0647875620958066	0.0277695602459437	0.00643642861157896	0.0666004045373844	0.0316441353457957	0.0394407667928282	0.0169345071668433	0.0285072975372245	0.0537184967316119	0.039031107459414	0.0061851849524095	0.0399104494805376	0.0104439567701989	0.0285086316191817	0.013101650797539	0	0.0277520537510491	0.023697964938215	0.0258881775679175	0.0186847641660894	0.0536667175310489	0.0104639070836194	0.0250885548163174	0.0158002904633338	0.0145591714385778
OM4_C_3H_1	0.0188427110722091	0.0159624506802691	0.00324127940725901	0.0166422920089025	0.00609583779539554	0.00526299193808323	0.0176718882321334	0.0471493488574252	0.0142459907608452	0.00364598656099645	0.0623848569685482	0.0565580495195393	0.0551234285730591	0.0659198119351888	0.0578864160025125	0.00891356423776409	0.00193654724484619	0.016240908445623	0.042458461280547	0.015820022412077	0.0374608077183312	0.0370764747831981	0.00348276289941414	0.0227023422418116	0.0398691415465647	0.00426347817224311	0.0668246978852057	0.0404977730921758	0.00939562409219937	0.026241758709237	0.012408144408483	0.0281986538356959	0.0126730552646704	0.0323857765745733	0.0110376093233784	0.0164473247762138	0.0277520537510491	0	0.00481332858830403	0.00413685205507901	0.00970806039482142	0.0268571330624417	0.0376205023744928	0.0155725176779742	0.0417329011866477	0.0334595737395181
OM4_C_3H_2	0.0235333417403388	0.0207746292393583	0.00602765921531201	0.0118772445450092	0.0109063859353574	0.00994799751663376	0.0128980845830053	0.0427479599036416	0.0172632350635959	0.00154049661914539	0.0670711558798593	0.0612397334239224	0.0598308729335466	0.0704474077780924	0.0622676268301236	0.0131384667175425	0.00508555910402212	0.0142942893545272	0.0377933809800401	0.0206296995668694	0.041853478439913	0.0413940831505144	0.00412058108748201	0.0182797308684691	0.0446151443715718	0.00907111351629661	0.0624295652543592	0.0357820355287054	0.0122210012019647	0.0308400873780923	0.0172209430135884	0.0236433430235614	0.0174308250381758	0.0293691105362625	0.00898321541489729	0.0117818944716842	0.023697964938215	0.00481332858830403	0	0.00237223592190887	0.00730872723887249	0.0316217935187493	0.033270349868436	0.0118830844043551	0.0383066423791411	0.0286650926943942
OM4_H_4A_1	0.0220071782040763	0.0196927506546032	0.00405490519788246	0.0135342809154626	0.00996069186757389	0.00860461996541937	0.013968585027521	0.0447280005552944	0.017980067895266	0.00117129531710054	0.0654782255039603	0.0596402100916612	0.0582746631604717	0.0686618396421843	0.0603654849589157	0.0130356879826158	0.00528738444009948	0.0165923153411365	0.0395252570688976	0.0194575167002141	0.039974715179735	0.0394656127252083	0.00191088065327994	0.0203059861954999	0.0431437539826615	0.00804274180179356	0.06439417518156	0.0374353793184418	0.0129813650201754	0.0291651232436106	0.016126834006632	0.0255386624540354	0.0160740120058308	0.0317336089737739	0.0074183870171182	0.0136283215538543	0.0258881775679175	0.00413685205507901	0.00237223592190887	0	0.00960927000375612	0.030215029671639	0.0352983376516545	0.0114522174320254	0.0406268894176071	0.0301178077570869
OM4_H_4A_3	0.0275380647508864	0.0236159144783899	0.012414351937238	0.0111146033898445	0.0144412049094207	0.0145523553981247	0.0141459389501277	0.0385096689497496	0.0149958479524781	0.00852924735087022	0.0706605051128401	0.0648862897475601	0.0633374514670831	0.0747067564196142	0.0669928664391814	0.0140514752238515	0.00831761963419803	0.00698715535345906	0.0347833010090578	0.0237397311870841	0.04663243206616	0.046354219340805	0.0110610385116309	0.0146211934332583	0.0479794119064647	0.0131609431560439	0.0580898004809698	0.0331552791577853	0.0106855254175025	0.0350962571204112	0.0203533917528861	0.0203364227636491	0.0212688898018533	0.0226829777989584	0.0158615311247284	0.0101247510737658	0.0186847641660894	0.00970806039482142	0.00730872723887249	0.00960927000375612	0	0.0350098526309026	0.0289481804595629	0.0169595511787863	0.032070803140158	0.0270897685232183
OM4_H_4B_1	0.00833007810303283	0.0114311515752609	0.0262858847989455	0.0434853015490796	0.0209130583403581	0.0216875114449269	0.0441590299966379	0.0734649012283501	0.0250190057931808	0.0302572021533628	0.0357006648431603	0.0299079862152547	0.0283794909403105	0.0399936316351983	0.0330551334547139	0.0213655440400319	0.0273231334761616	0.0393965601430449	0.0692272488906943	0.0112762090699183	0.0140896995571906	0.0146169574482177	0.028474072276223	0.0492761960022098	0.0130355995300239	0.0226114810377747	0.0930137127568202	0.0673121268006497	0.0258778602372168	0.00463085221447327	0.0146919724822371	0.0548872453564085	0.0141944243079865	0.0558407758127712	0.0335600790764128	0.0432789893720313	0.0536667175310489	0.0268571330624417	0.0316217935187493	0.030215029671639	0.0350098526309026	0	0.0639147194821049	0.0397418012735589	0.0657855227472451	0.0602510157722834
OM4_H_4B_2	0.0562835772383599	0.0525469851175699	0.0392717598245107	0.0222262256407203	0.0431699351734253	0.0428596244340896	0.0239796584352667	0.00957116047501432	0.0420280741342193	0.0347980155444263	0.0995108675136741	0.0937410158932618	0.092206756549436	0.103379620848127	0.0954033373370416	0.0428938651743715	0.0367851623308879	0.0259127000870241	0.00870374441473953	0.0526556518832729	0.0750236484560109	0.0746022882850331	0.0372073260871064	0.0150002841591757	0.0768782610468781	0.0416580592468891	0.0292431912471273	0.00928332934285844	0.0389517190480359	0.0637737627376693	0.0492521365283827	0.0101260857302268	0.0500213977875535	0.0154913323373237	0.0366348637356808	0.0217746274966627	0.0104639070836194	0.0376205023744928	0.033270349868436	0.0352983376516545	0.0289481804595629	0.0639147194821049	0	0.0320757112815458	0.0134151060521907	0.0125667244598073
OM4_H_4B_3	0.03142420681198	0.0302342329412086	0.0142862233258073	0.0112456534239538	0.021018832449312	0.0192527817864536	0.00819849263146614	0.0406651806512679	0.0291382404339219	0.0122130363544823	0.0738500107081972	0.0680386345970978	0.0668642173882507	0.0760865260128158	0.067209721899843	0.0244827501845679	0.0166425775637723	0.0228830755078142	0.0338541749955054	0.0298392802729842	0.0473224291852967	0.0465331855873509	0.0124418147841919	0.0186534894004727	0.0522294009026431	0.0191162113851115	0.0597559801381905	0.0313671884678587	0.0240961688808153	0.0377954449974568	0.0267551668334261	0.0220276910419315	0.0262038613637044	0.0338317796939018	0.00625158278983686	0.0125008128810982	0.0250885548163174	0.0155725176779742	0.0118830844043551	0.0114522174320254	0.0169595511787863	0.0397418012735589	0.0320757112815458	0	0.0408810488187182	0.0233288833636951
OM4_H_4E_1	0.0590442039641256	0.054478281103133	0.0441602328151233	0.0297726121729142	0.0462578011651306	0.0465894845992154	0.0327955349056901	0.0160813380312881	0.0415457960578541	0.039809718396073	0.10082090028586	0.0952163006208436	0.0935123963965416	0.105642362099941	0.0984462991728446	0.0445124629214864	0.0403766213974487	0.0264959796662505	0.0210389707375478	0.0548005477169399	0.0783005154582231	0.0781297869599752	0.042422013530076	0.0222355333626981	0.0783204079499546	0.0451586574515527	0.0306983768579793	0.0223698541413399	0.039938239254919	0.0665815540456584	0.0516341310279117	0.0201200982600772	0.0528949089065801	0.0100103569777867	0.0440791564449733	0.0287439910086674	0.0158002904633338	0.0417329011866477	0.0383066423791411	0.0406268894176071	0.032070803140158	0.0657855227472451	0.0134151060521907	0.0408810488187182	0	0.0255732851722687
