	OM4_B_B_1	OM4_B_B_2	OM4_B_B_3	OM4_C_1A_2	OM4_C_1A_3	OM4_C_1C_2	OM4_C_1C_3	OM4_C_1D_1	OM4_C_1D_2	OM4_C_1E_2	OM4_C_1E_3	OM4_C_1F_1	OM4_C_1F_2	OM4_C_1G_2	OM4_C_1G_3	OM4_C_1H_1	OM4_C_1H_2	OM4_C_1H_3	OM4_C_2A_1	OM4_C_2A_2	OM4_C_2A_3	OM4_C_2B_1	OM4_C_2B_2	OM4_C_2C_2	OM4_C_2C_3	OM4_C_2D_1	OM4_C_2D_2	OM4_C_2F_1	OM4_C_2G_1	OM4_C_2G_2	OM4_C_2G_3	OM4_C_3A_1	OM4_C_3A_2	OM4_C_3A_3	OM4_C_3B_1	OM4_C_3B_2	OM4_C_3B_3	OM4_C_3C_1	OM4_C_3C_2	OM4_C_3D_2	OM4_C_3E_1	OM4_C_3E_2	OM4_C_3F_1	OM4_C_3F_2	OM4_C_3F_3	OM4_C_3G_1	OM4_C_3H_1	OM4_C_3H_2	OM4_H_4A_1	OM4_H_4A_2	OM4_H_4A_3	OM4_H_4B_2	OM4_H_4B_3	OM4_H_4E_1	OM4_H_4E_2	OM4_H_4F_1	OM4_H_4F_2	OM4_H_4F_3
OM4_B_B_1	0	0.090995352488122	0.00863015870746817	0.0187573066023079	0.0331160795551155	0.00205753348125785	0.0101269963930077	0.00419619371978593	0.0147884951867874	0.0298876082759932	0.0462826969972868	0.00201457647858504	0.032246705630784	0.00482982100189203	0.00494765072670419	0.0210544061560349	0.0128429612998182	0.0164609004080072	0.00520627926086389	0.00625130295993975	0.0156804481562336	0.0401702047688217	0.0902317145839263	0.0385656461818514	0.0286822706517266	0.00534980951940124	0.0262693542217677	0.0171245093361236	0.0621808481228825	0.0392048385818659	0.0538765426791996	0.00537600379589356	0.00523899271835069	0.0189746384905768	0.0359348670921831	0.0163422573988201	0.0460158552957739	0.012193456953563	0.020280172383908	0.0243146893045684	0.0379220928646072	0.0329047365949495	0.029097399136851	0.0299222616075966	0.030861719352829	0.0265990188472202	0.0262812453383377	0.0253009902913477	0.00321006241451475	0.0226453282374292	0.048905641130867	0.0275086837233729	0.0934480473226663	0.0282680142706687	0.0059050479042187	0.01816034998005	0.0136309659809651	0.00624790491638794
OM4_B_B_2	0.090995352488122	0	0.0968064993103856	0.0726174470619292	0.0584662919815546	0.091945890605849	0.0810223373415517	0.0872634816989771	0.0762534701552954	0.0614556248877153	0.0449262430352036	0.0913049884243184	0.0588266981182597	0.0863186753590818	0.0903382509027544	0.111826684348521	0.0782461632662186	0.07489876746467	0.09615190024591	0.0943295439283443	0.0763052396646077	0.0511115056487074	0.00508825349110112	0.0624216421065019	0.0627488631949888	0.0857330761280663	0.0648023392920923	0.0739430424208702	0.0344877888175561	0.0523573374587557	0.0377868313172856	0.0858821971282433	0.085774622630708	0.0721356565196117	0.0556628802480889	0.0748412889986711	0.0458977049909429	0.102794350401087	0.070813410066381	0.067111864149076	0.0531891154035894	0.058169336946484	0.0620762200927135	0.0613808685548287	0.060748552021478	0.0644755585748028	0.0650300636828736	0.0658305146528381	0.0933925308119937	0.0685260009094935	0.0425717997424799	0.0644767437080706	0.125106954356229	0.0628630029931625	0.0885824725553252	0.0729899610509559	0.0782572925704754	0.0851027957672227
OM4_B_B_3	0.00863015870746817	0.0968064993103856	0	0.0259752225361278	0.0399991444952649	0.00664715815508473	0.0175740236210241	0.0104913339779292	0.0214679881627625	0.0354664467759037	0.0519962400243349	0.0070111812543762	0.0384104927396659	0.0116627879868335	0.00661935954392687	0.0157961708771523	0.0192085515856262	0.0221199203693304	0.00600164849417053	0.0121707441378754	0.0234920533112219	0.0466605423266604	0.0963756376996224	0.0469047596813908	0.0355786489057609	0.0131661680296094	0.0326495360598746	0.0234505813933662	0.0664397548256711	0.0459274412605994	0.0603764377030059	0.0118628750442104	0.0126784703397034	0.0257786258580218	0.0427554178900231	0.0234314461965513	0.0527675848663085	0.00710918999697273	0.0269778278496227	0.0313515304521388	0.0442022280196736	0.039061897651832	0.0356887555608307	0.035551946739581	0.037826161514867	0.0329879483829022	0.033137145764395	0.0319192349836871	0.00546164720544748	0.0294327726011896	0.0553934355932748	0.0347922482564824	0.100505888431025	0.0347994005898203	0.0144199452394624	0.0250949750527582	0.0186421712852701	0.0143436660738503
OM4_C_1A_2	0.0187573066023079	0.0726174470619292	0.0259752225361278	0	0.0143772474921338	0.0200522441016047	0.00863574113034926	0.0155471283338128	0.00476044432591376	0.0129122676766225	0.0282721132438503	0.0194678639952326	0.014112640507228	0.0144293417192404	0.0194280626948429	0.0397944632351658	0.00707436493933274	0.00643700542007345	0.0239558018568769	0.0218084533813712	0.00403024815585374	0.02156443457787	0.0716756893563351	0.0226701700495337	0.00995878814213734	0.0134085511350772	0.00819187844719792	0.0041048497631	0.0456836478753664	0.0204942281632819	0.0352086035093193	0.0141458082347864	0.0136194045404066	0.00182183678651281	0.0172042878168233	0.00255817254276915	0.0272853028481558	0.0309195439719943	0.0026470906563184	0.00557083315588933	0.0195009130453623	0.0147512500390005	0.0105831294565493	0.0128430531817717	0.0121121060856081	0.0084781575589111	0.00760808907024783	0.00692360942497649	0.0215319769457175	0.00422005093263255	0.0302554913450109	0.00883097637824969	0.0907983205460507	0.0098475049856517	0.0160690014151963	0.0014522718195924	0.00936263831319991	0.0126164042033301
OM4_C_1A_3	0.0331160795551155	0.0584662919815546	0.0399991444952649	0.0143772474921338	0	0.0343408625392472	0.0229929813055615	0.0297447038191768	0.0185639799272195	0.00852861317967718	0.0151705186883119	0.0337376687781101	0.0047422048428157	0.0286746214883375	0.0333876007364461	0.0541504188543221	0.0207993694954615	0.0182289504043983	0.0383169820496211	0.0359870208632259	0.0179016753120393	0.00744651317632544	0.0573837933200413	0.0164549622222915	0.0044434301618608	0.0277693705861962	0.00773039741035571	0.0165892273557879	0.0340177063579111	0.00614062982096045	0.0208664005490972	0.0283337364213047	0.027941156339882	0.0142550793335081	0.00283144216725514	0.0167863846044928	0.0129111907215188	0.0452444682265774	0.013029577695144	0.0088079885855969	0.00615418050067369	0.00469557756554763	0.00457685155523862	0.00827096230012999	0.00228897698989042	0.00740886680766997	0.00687649459964843	0.00813844341291383	0.0358201587658142	0.0105782351200614	0.0159454860658504	0.00607104822040541	0.0921691934155729	0.00550296576600619	0.0302157811913496	0.0150028011332672	0.021850413591248	0.0269905171624238
OM4_C_1C_2	0.00205753348125785	0.091945890605849	0.00664715815508473	0.0200522441016047	0.0343408625392472	0	0.0114433079049496	0.00470091931097766	0.01584572658367	0.0306759125342516	0.0471596512789183	0.000666661058863486	0.0332296447832898	0.00568236804474929	0.00350645540318867	0.0199752998525534	0.0137543901298735	0.0171723695548955	0.00442339214327927	0.00755142152367967	0.0172040408684679	0.0412788949430825	0.091281053507936	0.0403630198220602	0.0298997943563537	0.00676745110901025	0.027300855132766	0.0180763611729777	0.0626649168706214	0.0403880715252359	0.05500854118449	0.00608749110145606	0.00644103410208967	0.0201149403852334	0.037144558183326	0.0175715421416227	0.0472195625848228	0.0109368279666955	0.0213903391747877	0.0255673554881891	0.0389581197781652	0.0338876483393307	0.0302112283460235	0.0307266076013017	0.0321091680363445	0.0276349110506769	0.0274765440802453	0.0264094403815866	0.00148073329159491	0.0238008924320098	0.050027641168125	0.0288618774316098	0.0953417474184042	0.0293586128934193	0.00796222324097303	0.0193436455066308	0.0140742870961866	0.00784440476587722
OM4_C_1C_3	0.0101269963930077	0.0810223373415517	0.0175740236210241	0.00863574113034926	0.0229929813055615	0.0114433079049496	0	0.00708465268570544	0.00495539424965162	0.0202584225019622	0.036414131138776	0.0108761354263265	0.0222833700509743	0.00591403887217364	0.011206912853371	0.0311763286887421	0.00377304928996724	0.00757656758067971	0.0153305794752761	0.0137760959433707	0.00596287284026265	0.0300821916032303	0.0801853844008231	0.0296838993221383	0.018559269633003	0.00477788994178596	0.0162756914715234	0.00743054694367202	0.052995546279669	0.0290881052052224	0.0437767953358907	0.00574053955337599	0.00500263141958239	0.00890988067798231	0.0258134517071952	0.00622587397133538	0.0358976793187564	0.0222873176678297	0.0102366132757108	0.0141894637678069	0.027888717658946	0.0229389516572984	0.0190172099534925	0.0202606789868817	0.0207382407204179	0.0165984739590337	0.0161635818195194	0.0152340200535696	0.0129201947889471	0.0125515130588981	0.038809338445403	0.0174254073013341	0.0917617079866085	0.0182072112514232	0.00837028458601493	0.00806399296937245	0.00654015854693962	0.00411188628943798
OM4_C_1D_1	0.00419619371978593	0.0872634816989771	0.0104913339779292	0.0155471283338128	0.0297447038191768	0.00470091931097766	0.00708465268570544	0	0.0112001941616816	0.025981802206546	0.0424629788958664	0.00405649201291327	0.0285399031848418	0.00119424679048321	0.00424634051007759	0.0246719872588629	0.00906629696103733	0.0124827203987686	0.00903167780070411	0.010032550832682	0.0130218266182788	0.0366212598706858	0.0866132162845134	0.0366085179835064	0.0253046569393242	0.00308602730350729	0.022624433180876	0.0133890823174312	0.0580863534893472	0.0357637730712643	0.0503580588797444	0.00141163914206697	0.00236771511450518	0.0154956818031999	0.0325367935521995	0.013025427316613	0.042603410315957	0.0156150154341757	0.0167517833287342	0.0210051025911618	0.0342785592772158	0.0291977948875119	0.0255613746233829	0.0260307043571599	0.0275305377646326	0.0229595159321652	0.0228716140928562	0.021761322260706	0.00615390894818641	0.0191802574375635	0.0453735233989885	0.0243762914108824	0.09508731708189	0.0247001935886145	0.00726214757648259	0.0147537533089185	0.00948531408638009	0.00438084594892693
OM4_C_1D_2	0.0147884951867874	0.0762534701552954	0.0214679881627625	0.00476044432591376	0.0185639799272195	0.01584572658367	0.00495539424965162	0.0112001941616816	0	0.0153081951209348	0.0315426680620983	0.0152258225637942	0.0174633626003337	0.0101638324200534	0.0148677565733294	0.0357821272011725	0.00232761715815963	0.00334536572709523	0.0199745699530396	0.0187307244858	0.00478344007931804	0.0254414921461776	0.075510001507873	0.0273162831137209	0.0141287704903638	0.00952963564952303	0.0114848097484584	0.0024814916745047	0.0480514814644457	0.0245687569803253	0.0391794035151006	0.00978949056059114	0.00955014340649879	0.00431367523629532	0.0213471086446543	0.00230792180480143	0.0314119614747001	0.0267799503568026	0.00555211377635061	0.00989359592330436	0.0231463418667864	0.0181214358221068	0.0143691676980201	0.0153141306111891	0.0163701368121036	0.0118157277009817	0.011688903249908	0.0105665127725229	0.0173203429500633	0.00798788828355919	0.0341949460353778	0.0134022471613143	0.0933728680240682	0.0135168105573429	0.0132625352352284	0.00365607252237282	0.00490122132981701	0.0090389515917017
OM4_C_1E_2	0.0298876082759932	0.0614556248877153	0.0354664467759037	0.0129122676766225	0.00852861317967718	0.0306759125342516	0.0202584225019622	0.025981802206546	0.0153081951209348	0	0.0165514888069088	0.0300226560081753	0.0041187347652257	0.0251017489008634	0.0289581048576764	0.0505946762710258	0.0170552574786955	0.0135107421805817	0.0349846208374438	0.034020831553059	0.0169372997399888	0.0121442008298902	0.0610350544713977	0.0245342362504274	0.00720323444266466	0.024768804187678	0.00513300223818806	0.0128544965595292	0.0328720646361948	0.0121967856882748	0.0253873226104897	0.0246230436882319	0.024688873263445	0.0117356408239237	0.0100198436232923	0.0144588192020256	0.0185288770276981	0.0415035564755744	0.0104417986214811	0.00893735814706433	0.00936987351366321	0.0045668177395913	0.00539148723034892	0.000259922797639218	0.00804679769364859	0.00498476748932652	0.0072980050654409	0.00661391582483861	0.0321065158085166	0.00887812093863095	0.0204826377821459	0.0096735934169358	0.0990644643575278	0.00510030726310022	0.0284587122171122	0.0126653304431132	0.0168408377812102	0.0243443710279066
OM4_C_1E_3	0.0462826969972868	0.0449262430352036	0.0519962400243349	0.0282721132438503	0.0151705186883119	0.0471596512789183	0.036414131138776	0.0424629788958664	0.0315426680620983	0.0165514888069088	0	0.0465118499108272	0.0141752292880876	0.0415443560351872	0.045499588559273	0.067090845121976	0.0334576464471964	0.0300325956986348	0.0514231521894408	0.0500166796443587	0.0321752762004466	0.00821724621515247	0.0445831869685604	0.0273032234461584	0.0188399020403959	0.0410669856169292	0.020175550857584	0.0291688492068178	0.0191491597590694	0.0101570296042037	0.0105651482208703	0.0410885530749637	0.0410557552215944	0.0275567167141061	0.0128093952146261	0.0303116228920329	0.00861832448555077	0.0580151397337628	0.0262184324866996	0.0229836496502641	0.00907579475912925	0.0135291662899208	0.017767328028395	0.0164776909810583	0.0172534940535565	0.0198634481129699	0.020847134857747	0.0213532413547213	0.0486012971541761	0.0240684817587774	0.00712377856721272	0.0210863900868507	0.103191957512681	0.0184384912628964	0.0443158106772389	0.0284498275557885	0.0333876116757406	0.0405233024165349
OM4_C_1F_1	0.00201457647858504	0.0913049884243184	0.0070111812543762	0.0194678639952326	0.0337376687781101	0.000666661058863486	0.0108761354263265	0.00405649201291327	0.0152258225637942	0.0300226560081753	0.0465118499108272	0	0.032593260269074	0.00506707637784656	0.00308553607330098	0.0206164892426999	0.0131189253298518	0.016517265777217	0.00508945767140911	0.00791933992226194	0.0166771822943066	0.0406568424722143	0.0906508152164053	0.0399260061306327	0.0292964785654389	0.00624948534367312	0.0266713602635821	0.0174415901057996	0.0619995001011515	0.0397770745304607	0.0543887642240428	0.00545193100905349	0.00587661688727442	0.0195035503178927	0.0365383049246266	0.0169769992962677	0.0466111082936441	0.0115638084671153	0.0207736901692515	0.0249717457801779	0.0383270108490529	0.0332511569676372	0.0295917768374902	0.03007448074759	0.0315104272227564	0.0270058607556627	0.0268703058532107	0.025790348792665	0.00209859554360605	0.0231898083495585	0.0494067026471592	0.0282846745891884	0.0954506910272348	0.0287361676927374	0.00784855086376597	0.0187396425796642	0.0134089977972079	0.00736970249717374
OM4_C_1F_2	0.032246705630784	0.0588266981182597	0.0384104927396659	0.014112640507228	0.0047422048428157	0.0332296447832898	0.0222833700509743	0.0285399031848418	0.0174633626003337	0.0041187347652257	0.0141752292880876	0.032593260269074	0	0.0275683063584479	0.0318240226254264	0.0531873842048974	0.0194793197221564	0.016297735562141	0.037422513840787	0.0358525060393329	0.0180550015747083	0.00840697618018167	0.05814884545791	0.0211579897149638	0.00542112650269858	0.0269786984102809	0.006011345547749	0.0151582308732121	0.0319466162123053	0.00819218722253639	0.0220246873694288	0.0271449013061989	0.0270097254103216	0.0133960315775078	0.00590533443993714	0.0161455657584946	0.0147578908841926	0.0441449591793662	0.0120593436515914	0.00899021921004012	0.00580412485130916	0.000658587063944208	0.00385104065575675	0.00388345379728694	0.00507695233161988	0.00569388927871111	0.00688562855555364	0.00718947841024755	0.0346905238671502	0.00989962916401817	0.0170471235749688	0.00806898408388853	0.0965480712506799	0.00434581193214956	0.0301491758531005	0.0142825605753445	0.0198276122169458	0.0263902940093519
OM4_C_1G_2	0.00482982100189203	0.0863186753590818	0.0116627879868335	0.0144293417192404	0.0286746214883375	0.00568236804474929	0.00591403887217364	0.00119424679048321	0.0101638324200534	0.0251017489008634	0.0415443560351872	0.00506707637784656	0.0275683063584479	0	0.00543339616618427	0.025638191179792	0.00809762803674093	0.011641729568745	0.00989023707505664	0.0102161419309365	0.0118378546300097	0.0356007375330944	0.0856279189418135	0.035415212586493	0.0242328947338421	0.00202946630939674	0.0216261628626488	0.0124133833474982	0.0573585804455423	0.0347135386283504	0.049333571521554	0.000630866458269311	0.00123423923180616	0.0144371989546787	0.031474497001016	0.011922683098842	0.0415488816017689	0.0166182958411003	0.015709385936	0.0199143653739075	0.033286979107203	0.0282266117878965	0.0245308620196169	0.0251426170650737	0.0264501060960054	0.0219596600266632	0.0218052694620283	0.0207285685086367	0.00715827809745925	0.018123798115822	0.0443513568404352	0.0232562413358564	0.0943204306252726	0.0236785021364684	0.00676351829137725	0.0136752749296869	0.00883589817465277	0.00330268826727654
OM4_C_1G_3	0.00494765072670419	0.0903382509027544	0.00661935954392687	0.0194280626948429	0.0333876007364461	0.00350645540318867	0.011206912853371	0.00424634051007759	0.0148677565733294	0.0289581048576764	0.045499588559273	0.00308553607330098	0.0318240226254264	0.00543339616618427	0	0.0218120613011868	0.0125958374801819	0.0155391993716383	0.00736297041265325	0.0110044079845104	0.017168901711314	0.0400561828706698	0.089848567665791	0.0408251032495594	0.0289692554266935	0.00727154216810532	0.0260386335995412	0.0168326355251224	0.0603771065181368	0.0393143725301574	0.0537813162431537	0.00547938480214519	0.00660582599784322	0.0191749634486188	0.0361419679060611	0.0168747928247814	0.0461568550737955	0.0127264819818425	0.0203652514259074	0.0247585820128569	0.0376119205509943	0.0324771366905	0.0290733784160984	0.0290346677638514	0.0312197576247839	0.0263769911287881	0.0265270119704795	0.0253025920169938	0.00418678533695537	0.0228220581434383	0.0487956854993544	0.0282278327731228	0.0982481379317042	0.0281847669378473	0.0103514136410325	0.0185065903285521	0.0121221252849765	0.00855563804351339
OM4_C_1H_1	0.0210544061560349	0.111826684348521	0.0157961708771523	0.0397944632351658	0.0541504188543221	0.0199752998525534	0.0311763286887421	0.0246719872588629	0.0357821272011725	0.0505946762710258	0.067090845121976	0.0206164892426999	0.0531873842048974	0.025638191179792	0.0218120613011868	0	0.0337242069459761	0.0370969177501619	0.0158494751082541	0.0194014450790305	0.0365556299391514	0.0611860554787864	0.111150467346614	0.0581818326218809	0.0497219514046491	0.0264003384930237	0.0472505190036384	0.0380429706649777	0.0821075582402526	0.0602359239476539	0.074885931918332	0.0260612199751921	0.0262608285630723	0.0400085979703557	0.0569681149227298	0.0373906482077714	0.0670382568648747	0.00910809172533842	0.0413037371197216	0.0453539959972673	0.0589009859251366	0.0538449743646823	0.0501215429679943	0.0506533352039423	0.0518941446297362	0.0475830869541459	0.0473232875469702	0.0463240502989188	0.0185209220193069	0.0436834889722615	0.0699179700865791	0.0484947794028112	0.0996900988356529	0.0492827648402539	0.0247620136260429	0.0392042641860672	0.033846422196704	0.0272084571268248
OM4_C_1H_2	0.0128429612998182	0.0782461632662186	0.0192085515856262	0.00707436493933274	0.0207993694954615	0.0137543901298735	0.00377304928996724	0.00906629696103733	0.00232761715815963	0.0170552574786955	0.0334576464471964	0.0131189253298518	0.0194793197221564	0.00809762803674093	0.0125958374801819	0.0337242069459761	0	0.00386366536503104	0.0179795013900616	0.0172435467908903	0.00634453651647735	0.0275735459237537	0.077576187078435	0.029526568281582	0.0163766460200118	0.00775227713427437	0.0135621891008749	0.00432317142022014	0.0495757759389629	0.026760068960595	0.0413168002280811	0.0076677178760334	0.00763525573150798	0.00659021587526462	0.0235642170715494	0.00456386684659959	0.0336067642018357	0.0246795184749242	0.00777134923197076	0.0121890401379516	0.025216047112689	0.0201375629312152	0.016529096424601	0.0170856262181125	0.018628097314432	0.0138979535757407	0.0139337401702756	0.0127379193129929	0.0152173022941559	0.010227810783873	0.0363286726859346	0.01572049905255	0.0944310421908161	0.0156564003576812	0.0120508552034434	0.00597733090616377	0.00331925603318309	0.00750184321560164
OM4_C_1H_3	0.0164609004080072	0.07489876746467	0.0221199203693304	0.00643700542007345	0.0182289504043983	0.0171723695548955	0.00757656758067971	0.0124827203987686	0.00334536572709523	0.0135107421805817	0.0300325956986348	0.016517265777217	0.016297735562141	0.011641729568745	0.0155391993716383	0.0370969177501619	0.00386366536503104	0	0.0215044056306792	0.0210881388169621	0.00792281202665015	0.0245891722733196	0.0743628726151952	0.0288955092641667	0.0139430002011605	0.0115398798470144	0.0106266376594811	0.00233425960102678	0.0457976956308505	0.0239601663124702	0.0382967657086843	0.0111395682675138	0.0113419209785486	0.00504297272007343	0.0208855802481355	0.00483500017331688	0.0307830025298257	0.0280051451517569	0.00571044041435021	0.0101993552624613	0.0220956819086567	0.0169491537683665	0.0137484575057952	0.0135675182679149	0.0162009205340745	0.0109644872026295	0.0115542821634484	0.010104036720431	0.0185997297909552	0.00800996686584056	0.0333117107111143	0.0138536612297066	0.0965063127005812	0.0128328554071105	0.0159076720180779	0.00498959520412137	0.00362229075163155	0.0113579995198634
OM4_C_2A_1	0.00520627926086389	0.09615190024591	0.00600164849417053	0.0239558018568769	0.0383169820496211	0.00442339214327927	0.0153305794752761	0.00903167780070411	0.0199745699530396	0.0349846208374438	0.0514231521894408	0.00508945767140911	0.037422513840787	0.00989023707505664	0.00736297041265325	0.0158494751082541	0.0179795013900616	0.0215044056306792	0	0.0062637855243948	0.020800540561947	0.0453695150650298	0.0954100188154308	0.0432681270894798	0.0338849794617416	0.0105530572367868	0.0314561367672107	0.0222830655479747	0.0670705666029447	0.0444066041734926	0.0590745851412068	0.0103675980958775	0.0104294897188348	0.024176769515799	0.0411361567058389	0.0215475195523354	0.0512147002727679	0.00708076574263727	0.0254792274308996	0.0295157802736676	0.0431110087498246	0.0380806339875945	0.0342979629153174	0.0350274378751611	0.0360609668263238	0.0317868484011251	0.0314854075033194	0.0305007720900821	0.00321083334048745	0.027849039565901	0.0541043979029764	0.0326869117694708	0.094536426695889	0.0334657897165917	0.009732176546642	0.023365183743513	0.0184781141191978	0.011392417356462
OM4_C_2A_2	0.00625130295993975	0.0943295439283443	0.0121707441378754	0.0218084533813712	0.0359870208632259	0.00755142152367967	0.0137760959433707	0.010032550832682	0.0187307244858	0.034020831553059	0.0500166796443587	0.00791933992226194	0.0358525060393329	0.0102161419309365	0.0110044079845104	0.0194014450790305	0.0172435467908903	0.0210881388169621	0.0062637855243948	0	0.0180910317187171	0.0433087776228773	0.0932753471496509	0.0388043133585006	0.0316626286088317	0.00961810066764871	0.0298557125255978	0.0212050765386728	0.0667455251886104	0.0421219421827419	0.0568218135493956	0.010843992123864	0.00999979103562036	0.0224850531309196	0.0388104622092382	0.0197235828674109	0.0487928450057897	0.0120500377275877	0.0238236487180882	0.0272935454894512	0.0413017236807952	0.0365005293263781	0.0323884100997898	0.0340172245979514	0.0336992837903725	0.0301658259201686	0.0293884882089323	0.0286941457453137	0.00756936780566891	0.0259765603224709	0.0519193608886295	0.0300562915025813	0.088418158536983	0.0316440719399386	0.00577427096470546	0.0215833006735193	0.0188287854980464	0.00974911667957581
OM4_C_2A_3	0.0156804481562336	0.0763052396646077	0.0234920533112219	0.00403024815585374	0.0179016753120393	0.0172040408684679	0.00596287284026265	0.0130218266182788	0.00478344007931804	0.0169372997399888	0.0321752762004466	0.0166771822943066	0.0180550015747083	0.0118378546300097	0.017168901711314	0.0365556299391514	0.00634453651647735	0.00792281202665015	0.020800540561947	0.0180910317187171	0	0.0252384539554733	0.0752468787271497	0.0237671791789329	0.0135873926700757	0.0104372662645074	0.0121955362283827	0.00608031266940025	0.0497066230500109	0.0240403096867607	0.0387546411396062	0.0116983306779982	0.0108307245446386	0.00538822673866678	0.0207277593727063	0.00326453533461561	0.0307404885299317	0.0278566451914087	0.00655940594293684	0.00924461259744634	0.02330751534138	0.0186842378114906	0.0144220807240408	0.0168708785483522	0.0156131141025819	0.0124725650878909	0.0113671249513835	0.0108795258261686	0.0186612208162813	0.00821347053870461	0.0338425922666997	0.0120136015012157	0.0886316217416943	0.0137430515322267	0.0123182455246285	0.00450940657758397	0.00951658174840782	0.00943302898767462
OM4_C_2B_1	0.0401702047688217	0.0511115056487074	0.0466605423266604	0.02156443457787	0.00744651317632544	0.0412788949430825	0.0300821916032303	0.0366212598706858	0.0254414921461776	0.0121442008298902	0.00821724621515247	0.0406568424722143	0.00840697618018167	0.0356007375330944	0.0400561828706698	0.0611860554787864	0.0275735459237537	0.0245891722733196	0.0453695150650298	0.0433087776228773	0.0252384539554733	0	0.0501619225034904	0.0196537065611961	0.0116538284532411	0.0348437562415434	0.0140282270076401	0.0232659300164868	0.0273627278911396	0.00198758513148213	0.0137512159098708	0.0352147767736879	0.034951970408769	0.021203567169428	0.00477348642437457	0.023860146622357	0.00638751352062523	0.0522045192719891	0.0199060656791909	0.0160275931760263	0.00281546322094613	0.00779218714645253	0.0110803908161737	0.0119610412717545	0.00970285112635117	0.0136903285279615	0.0139575177371196	0.0148820607621579	0.0427513556206609	0.017535511900168	0.00875972044762019	0.0135173093618	0.0959372592615473	0.0119274019074219	0.0375446619808515	0.0220232634029081	0.0281588349641204	0.0341407993103781
OM4_C_2B_2	0.0902317145839263	0.00508825349110112	0.0963756376996224	0.0716756893563351	0.0573837933200413	0.091281053507936	0.0801853844008231	0.0866132162845134	0.075510001507873	0.0610350544713977	0.0445831869685604	0.0906508152164053	0.05814884545791	0.0856279189418135	0.089848567665791	0.111150467346614	0.077576187078435	0.0743628726151952	0.0954100188154308	0.0932753471496509	0.0752468787271497	0.0501619225034904	0	0.0600481817369522	0.0617473011318797	0.0849297016329344	0.064058714033623	0.0732648615697963	0.0362555359241361	0.0512516024871463	0.0365420568256942	0.0852188350988223	0.0850200548074291	0.0713170865405019	0.0545590387410093	0.0739796467947159	0.0445956160529742	0.102163235284849	0.0700117985415615	0.0661294711865083	0.0524131373318124	0.0574926410016977	0.0612147579464739	0.0609400000552779	0.0596680362976267	0.0637261621262647	0.0640891654843277	0.0650015512799361	0.0927410963106338	0.0676660552559805	0.0414661418617861	0.063310100996888	0.120829577283106	0.0620384703013156	0.0875223212684739	0.0721441182594008	0.0778018231614892	0.0842341213115441
OM4_C_2C_2	0.0385656461818514	0.0624216421065019	0.0469047596813908	0.0226701700495337	0.0164549622222915	0.0403630198220602	0.0296838993221383	0.0366085179835064	0.0273162831137209	0.0245342362504274	0.0273032234461584	0.0399260061306327	0.0211579897149638	0.035415212586493	0.0408251032495594	0.0581818326218809	0.029526568281582	0.0288955092641667	0.0432681270894798	0.0388043133585006	0.0237671791789329	0.0196537065611961	0.0600481817369522	0	0.0177346664910733	0.0337617680072252	0.0214544280601248	0.0266089425886772	0.0459787973064362	0.0177098941789918	0.0266583611269441	0.0353548162848588	0.0343039978466647	0.0238556561150327	0.0166445225561934	0.025009872947991	0.0199681906535874	0.0502572307336758	0.0233245538492191	0.0193318487834543	0.0206440453894799	0.0211498221868546	0.0193282242440477	0.0242767477397508	0.0164890844138817	0.0212831615651697	0.0190829763263347	0.0207421979065052	0.0417368568620446	0.0214653704312517	0.0235088532507288	0.0160985645513736	0.0763785410480763	0.01993769191562	0.0336405952204495	0.0240337041445303	0.032028314097622	0.0325740365976437
OM4_C_2C_3	0.0286822706517266	0.0627488631949888	0.0355786489057609	0.00995878814213734	0.0044434301618608	0.0298997943563537	0.018559269633003	0.0253046569393242	0.0141287704903638	0.00720323444266466	0.0188399020403959	0.0292964785654389	0.00542112650269858	0.0242328947338421	0.0289692554266935	0.0497219514046491	0.0163766460200118	0.0139430002011605	0.0338849794617416	0.0316626286088317	0.0135873926700757	0.0116538284532411	0.0617473011318797	0.0177346664910733	0	0.0233360000200293	0.0039326118742825	0.0122027653978701	0.0371732315091722	0.010537118789545	0.0252547761221355	0.0238936021273435	0.0235012351088747	0.00981698219043109	0.00725632400680116	0.0123465732137516	0.017345114856529	0.0408065123517325	0.0086074127095318	0.00439129197886772	0.00981484786439878	0.00589216039467886	0.00183986726437141	0.00696648320421179	0.0022650370145433	0.00368828117967238	0.00244327480890647	0.00386848247705702	0.0313792783936492	0.00614939365688921	0.0203059490636873	0.00266826277839689	0.0918960759293275	0.00221900310685389	0.025895790217849	0.0105597398759924	0.0175564647159661	0.0225723403281281
OM4_C_2D_1	0.00534980951940124	0.0857330761280663	0.0131661680296094	0.0134085511350772	0.0277693705861962	0.00676745110901025	0.00477788994178596	0.00308602730350729	0.00952963564952303	0.024768804187678	0.0410669856169292	0.00624948534367312	0.0269786984102809	0.00202946630939674	0.00727154216810532	0.0264003384930237	0.00775227713427437	0.0115398798470144	0.0105530572367868	0.00961810066764871	0.0104372662645074	0.0348437562415434	0.0849297016329344	0.0337617680072252	0.0233360000200293	0	0.0209834889432191	0.0119293998920073	0.0573131018790686	0.0338625439469069	0.0485442940739494	0.00239484030218446	0.000834297693075885	0.0136526536912166	0.0305894610153486	0.0109985541641603	0.040672180817614	0.0175251787755822	0.0149678311136504	0.0189662248815687	0.0326227999217855	0.0276359591991582	0.0237733143619626	0.0247889869225575	0.0255139715298804	0.0213103520480899	0.0209381711074873	0.0199818974056747	0.00822691672384447	0.0173132174193064	0.0435752298286262	0.0221731384620676	0.0923712715032607	0.0229528469327929	0.00523230851790867	0.0128253693351894	0.00923966908656212	0.00129488625970685
OM4_C_2D_2	0.0262693542217677	0.0648023392920923	0.0326495360598746	0.00819187844719792	0.00773039741035571	0.027300855132766	0.0162756914715234	0.022624433180876	0.0114848097484584	0.00513300223818806	0.020175550857584	0.0266713602635821	0.006011345547749	0.0216261628626488	0.0260386335995412	0.0472505190036384	0.0135621891008749	0.0106266376594811	0.0314561367672107	0.0298557125255978	0.0121955362283827	0.0140282270076401	0.064058714033623	0.0214544280601248	0.0039326118742825	0.0209834889432191	0	0.00924480893298197	0.0375411560071224	0.0133356415406192	0.0277737912091329	0.0212215360717826	0.0210328988618682	0.00738546792870843	0.0102875222232616	0.0101386222289758	0.0201656191519761	0.0382297385056203	0.00604826119247865	0.00381874109731333	0.0116653506786721	0.00666562070283792	0.00316226357614002	0.00499177007556898	0.00596612839338084	0.000338791184005261	0.00254402849132284	0.00148113725651114	0.0287688807094038	0.00398231797673623	0.0227823714632255	0.00546955361425242	0.0946228633901665	0.00223413914087366	0.0241663235160024	0.008276227980754	0.0142357318527709	0.0203816278530142
OM4_C_2F_1	0.0171245093361236	0.0739430424208702	0.0234505813933662	0.0041048497631	0.0165892273557879	0.0180763611729777	0.00743054694367202	0.0133890823174312	0.0024814916745047	0.0128544965595292	0.0291688492068178	0.0174415901057996	0.0151582308732121	0.0124133833474982	0.0168326355251224	0.0380429706649777	0.00432317142022014	0.00233425960102678	0.0222830655479747	0.0212050765386728	0.00608031266940025	0.0232659300164868	0.0732648615697963	0.0266089425886772	0.0122027653978701	0.0119293998920073	0.00924480893298197	0	0.0455734720374358	0.0224894934175502	0.0370105800161768	0.0119904746144539	0.0118931969419064	0.00277252544484201	0.0193237461368897	0.00282407554056961	0.0293364012975904	0.0290012397766385	0.00365975323865399	0.00819873586422292	0.0208946268741062	0.0158166195759224	0.0122448334083544	0.0128676849142822	0.0144663589495365	0.00958141907273139	0.00976772440129002	0.00847469080214278	0.0195398443902093	0.00609366554839973	0.0320208915236676	0.0118319714293666	0.0944629134446965	0.0113605807627215	0.0157422264693369	0.00265570764654123	0.0055649298851448	0.0114956814695172
OM4_C_2G_1	0.0621808481228825	0.0344877888175561	0.0664397548256711	0.0456836478753664	0.0340177063579111	0.0626649168706214	0.052995546279669	0.0580863534893472	0.0480514814644457	0.0328720646361948	0.0191491597590694	0.0619995001011515	0.0319466162123053	0.0573585804455423	0.0603771065181368	0.0821075582402526	0.0495757759389629	0.0457976956308505	0.0670705666029447	0.0667455251886104	0.0497066230500109	0.0273627278911396	0.0362555359241361	0.0459787973064362	0.0371732315091722	0.0573131018790686	0.0375411560071224	0.0455734720374358	0	0.0293025321737355	0.0215819173675449	0.0568177932835556	0.0571268321299306	0.0445977006034382	0.031865169574234	0.047322304502459	0.0261207646985127	0.0730759302322111	0.0432940081213889	0.0409101250688632	0.0278720991558802	0.0313792768776448	0.035785504778668	0.0329085934298274	0.0359220099266051	0.0372805908841911	0.0388260459175717	0.0389201097616863	0.0640079330178681	0.0415140992531695	0.0228236757747397	0.0396449671474212	0.120729584705925	0.0362657497129256	0.0612720995713427	0.0455262405436128	0.0486186424164192	0.0570207184294119
OM4_C_2G_2	0.0392048385818659	0.0523573374587557	0.0459274412605994	0.0204942281632819	0.00614062982096045	0.0403880715252359	0.0290881052052224	0.0357637730712643	0.0245687569803253	0.0121967856882748	0.0101570296042037	0.0397770745304607	0.00819218722253639	0.0347135386283504	0.0393143725301574	0.0602359239476539	0.026760068960595	0.0239601663124702	0.0444066041734926	0.0421219421827419	0.0240403096867607	0.00198758513148213	0.0512516024871463	0.0177098941789918	0.010537118789545	0.0338625439469069	0.0133356415406192	0.0224894934175502	0.0293025321737355	0	0.0147282001179001	0.0343535213344803	0.0340124156347308	0.0202814815760885	0.00331436685412423	0.0228696036040755	0.00685018089077569	0.0513034717043199	0.0190180713013395	0.0149249841835362	0.00359619319116999	0.00765413464447082	0.0102484534917373	0.0119858552274401	0.00842885237910804	0.0129976384681957	0.0129304660085616	0.0140250362209982	0.041865371805905	0.0165951086141174	0.00980898022479757	0.0121381428128493	0.0940226014521985	0.0111461486731855	0.0363516500123323	0.0210620805189006	0.0275645479500438	0.0331057150606839
OM4_C_2G_3	0.0538765426791996	0.0377868313172856	0.0603764377030059	0.0352086035093193	0.0208664005490972	0.05500854118449	0.0437767953358907	0.0503580588797444	0.0391794035151006	0.0253873226104897	0.0105651482208703	0.0543887642240428	0.0220246873694288	0.049333571521554	0.0537813162431537	0.074885931918332	0.0413168002280811	0.0382967657086843	0.0590745851412068	0.0568218135493956	0.0387546411396062	0.0137512159098708	0.0365420568256942	0.0266583611269441	0.0252547761221355	0.0485442940739494	0.0277737912091329	0.0370105800161768	0.0215819173675449	0.0147282001179001	0	0.0489518066588746	0.0486704287359102	0.0349278670500523	0.0180365093269196	0.0375561417442876	0.00811670766645375	0.0659255878924648	0.0336397774248442	0.0296441776949312	0.0162224593081422	0.0213815203501593	0.0248175324193486	0.0252461351474237	0.0231525059413554	0.0274363613818676	0.0276249332774877	0.0286195343328342	0.0564811385105643	0.0312507605928076	0.00499311303033392	0.0268028621632485	0.0995091261261498	0.0256736154890286	0.0510551015296148	0.0357327867220452	0.0418409828726664	0.047809631123918
OM4_C_3A_1	0.00537600379589356	0.0858821971282433	0.0118628750442104	0.0141458082347864	0.0283337364213047	0.00608749110145606	0.00574053955337599	0.00141163914206697	0.00978949056059114	0.0246230436882319	0.0410885530749637	0.00545193100905349	0.0271449013061989	0.000630866458269311	0.00547938480214519	0.0260612199751921	0.0076677178760334	0.0111395682675138	0.0103675980958775	0.010843992123864	0.0116983306779982	0.0352147767736879	0.0852188350988223	0.0353548162848588	0.0238936021273435	0.00239484030218446	0.0212215360717826	0.0119904746144539	0.0568177932835556	0.0343535213344803	0.0489518066588746	0	0.00156055178516804	0.0140842012960142	0.0311258863674013	0.0116195241247104	0.0411933027776107	0.0170149800267467	0.0153410957671271	0.0195958808033276	0.0328783157556223	0.0278029816320586	0.0241525995096693	0.0246681683197741	0.026120089736286	0.0215562801547559	0.0214603431528249	0.0203519941727673	0.00755047230700095	0.0177689300480582	0.0439673216578148	0.0229749991815097	0.0947560746436756	0.0232927115659618	0.00733312878875374	0.0133431633056349	0.00826040233504369	0.00359819093843211
OM4_C_3A_2	0.00523899271835069	0.085774622630708	0.0126784703397034	0.0136194045404066	0.027941156339882	0.00644103410208967	0.00500263141958239	0.00236771511450518	0.00955014340649879	0.024688873263445	0.0410557552215944	0.00587661688727442	0.0270097254103216	0.00123423923180616	0.00660582599784322	0.0262608285630723	0.00763525573150798	0.0113419209785486	0.0104294897188348	0.00999979103562036	0.0108307245446386	0.034951970408769	0.0850200548074291	0.0343039978466647	0.0235012351088747	0.000834297693075885	0.0210328988618682	0.0118931969419064	0.0571268321299306	0.0340124156347308	0.0486704287359102	0.00156055178516804	0	0.013754404966844	0.0307534048619456	0.0111577675868422	0.0408357151078464	0.0173144414421442	0.0150528475295586	0.0191511459539345	0.0326892476324301	0.0276678431754361	0.0238760057848104	0.0247177430594906	0.0256986105211977	0.0213630012621858	0.021087853272237	0.020076323518993	0.00791871969360162	0.0174331578025034	0.0436944737585381	0.0224239723968472	0.0932022196755638	0.0230406965182481	0.00594042988237174	0.0129550890544899	0.00883477382011691	0.00207306492473042
OM4_C_3A_3	0.0189746384905768	0.0721356565196117	0.0257786258580218	0.00182183678651281	0.0142550793335081	0.0201149403852334	0.00890988067798231	0.0154956818031999	0.00431367523629532	0.0117356408239237	0.0275567167141061	0.0195035503178927	0.0133960315775078	0.0144371989546787	0.0191749634486188	0.0400085979703557	0.00659021587526462	0.00504297272007343	0.024176769515799	0.0224850531309196	0.00538822673866678	0.021203567169428	0.0713170865405019	0.0238556561150327	0.00981698219043109	0.0136526536912166	0.00738546792870843	0.00277252544484201	0.0445977006034382	0.0202814815760885	0.0349278670500523	0.0140842012960142	0.013754404966844	0	0.0170455101083816	0.00276392304879825	0.0271203148172166	0.0310410076845315	0.00133913005527357	0.00560185325972392	0.0189811852939094	0.0140492409117924	0.0101253366316609	0.0116954449878975	0.0120569194508712	0.00770291336602895	0.00737896955472792	0.00633003585074237	0.0215929460789957	0.00368707260997498	0.0299486306383002	0.0091741771167346	0.0926030609125773	0.00930184785264641	0.0168226308481173	0.000929834909356931	0.00831902561790386	0.0130070935765394
OM4_C_3B_1	0.0359348670921831	0.0556628802480889	0.0427554178900231	0.0172042878168233	0.00283144216725514	0.037144558183326	0.0258134517071952	0.0325367935521995	0.0213471086446543	0.0100198436232923	0.0128093952146261	0.0365383049246266	0.00590533443993714	0.031474497001016	0.0361419679060611	0.0569681149227298	0.0235642170715494	0.0208855802481355	0.0411361567058389	0.0388104622092382	0.0207277593727063	0.00477348642437457	0.0545590387410093	0.0166445225561934	0.00725632400680116	0.0305894610153486	0.0102875222232616	0.0193237461368897	0.031865169574234	0.00331436685412423	0.0180365093269196	0.0311258863674013	0.0307534048619456	0.0170455101083816	0	0.0196016438408109	0.0100894569182337	0.0480530652283358	0.0158018264539483	0.0116341797941614	0.00423034228101401	0.00554116321566841	0.00713980958641175	0.00978006660824276	0.00511700257957406	0.00995422796706818	0.00967295995831129	0.010850923071592	0.0386232030097478	0.0133613619168491	0.0131231086186672	0.00883546401947327	0.0928584586142204	0.00806074556484191	0.0330394950676627	0.0178078398760895	0.0245033552352722	0.0298175069669935
