	OM4_B_B_1	OM4_B_B_2	OM4_B_B_3	OM4_C_1A_1	OM4_C_1A_2	OM4_C_1A_3	OM4_C_1C_3	OM4_C_1D_3	OM4_C_1E_1	OM4_C_1F_1	OM4_C_1F_2	OM4_C_1G_1	OM4_C_2A_1	OM4_C_2A_3	OM4_C_2B_1	OM4_C_2B_3	OM4_C_2D_1	OM4_C_2D_2	OM4_C_2D_3	OM4_C_2E_2	OM4_C_2E_3	OM4_C_2F_1	OM4_C_2F_3	OM4_C_2G_1	OM4_C_2G_2	OM4_C_3D_1	OM4_C_3D_2	OM4_C_3E_2	OM4_C_3E_3	OM4_C_3F_1	OM4_C_3F_2	OM4_C_3F_3	OM4_C_3G_2	OM4_C_3G_3	OM4_C_3H_2	OM4_C_3H_3	OM4_H_4A_1	OM4_H_4A_2	OM4_H_4E_1	OM4_H_4E_3	OM4_H_4F_2	OM4_H_4F_3
OM4_B_B_1	0	0.0157417089196401	0.0516450755468907	0.0228534089257147	0.0350493655136436	0.0371283438675183	0.0450779210675632	0.0339422440205034	0.0628547400705491	0.0209425638761805	0.0240019152037695	0.0176415389089873	0.0110282029890979	0.0594822442474961	0.013431048093457	0.0271724038544864	0.0388761270023728	0.0406076584926712	0.035360677245453	0.0335600253108258	0.0423505998852221	0.0246442306766138	0.0464992034341932	0.05109714348949	0.0361429709858515	0.0223382841122019	0.0242603889453866	0.0203027075932225	0.0368122963653914	0.0305345113122735	0.0556728205576792	0.0637751623022005	0.0222805897799844	0.0292629164866209	0.0355323816043567	0.0521424364063009	0.0118812562020981	0.0268081957003509	0.0180489169258273	0.0311108945470324	0.0341713828384868	0.039639732698671
OM4_B_B_2	0.0157417089196401	0	0.0363919851652606	0.00723048594730294	0.0196251737767348	0.0224541097464387	0.0319126271612746	0.0292072646458121	0.0513290735301946	0.0101324349071316	0.013303536485253	0.00445144071040082	0.0107337811789473	0.0454636490212053	0.0103809749719199	0.0223646989964435	0.024314478809176	0.0253897048040016	0.020177166741175	0.0219984253394247	0.0280052501310851	0.0117453676613493	0.0332800627768805	0.0356071319775455	0.0206415026169213	0.0136147733380504	0.00947532934065573	0.00552855041884371	0.0213698746152185	0.0163896982815083	0.04056217121272	0.0482681072063915	0.00695576317609015	0.0178609990458088	0.0220517734568326	0.0371696730796798	0.00688595165325774	0.0149054188335159	0.00855929513464456	0.0169455415018632	0.0218349015395711	0.0247821341228329
OM4_B_B_3	0.0516450755468907	0.0363919851652606	0	0.0303020579151281	0.0167874659491807	0.0149168042364376	0.0145240099980093	0.0380357958770356	0.0278996109883816	0.03203578456427	0.0300733983108951	0.034034913222555	0.0425959421498254	0.0135628327356854	0.0404244461804514	0.0370488482813165	0.0134962062428736	0.0110495505774138	0.0163004709252272	0.0235152392686122	0.0111859310315399	0.0278109925785767	0.0140392838767009	0.00316706941815033	0.0158562681105184	0.0328579722608796	0.0274011443524287	0.0313733802502886	0.0150682756349645	0.0216290629367842	0.00438960903130438	0.0126760589092823	0.0295030770113582	0.0260603504095389	0.0184109538124533	0.00289692894342156	0.0401246239023115	0.0270027609783738	0.0347324601227961	0.0210816279438537	0.0216257084682784	0.0122841750162724
OM4_C_1A_1	0.0228534089257147	0.00723048594730294	0.0303020579151281	0	0.0136559316655313	0.0175441715754696	0.0281337478062637	0.0311997063597493	0.0482435815744589	0.0120775257984328	0.0141482591580102	0.00810974740169863	0.0172981013613848	0.0405394463116935	0.0163094447412356	0.0250327357977023	0.0194433194210777	0.0195680570020856	0.0146329621014073	0.0203885431405023	0.0232141603070959	0.0109652099046027	0.0293942397148955	0.0291841784764892	0.0144665113400777	0.0158165764820712	0.00674441201227236	0.00581975160783319	0.0152922133655984	0.0128300797473191	0.0346001447840511	0.0417340797679602	0.00443214841544	0.0170081883787734	0.0186044202744478	0.0314159537123593	0.0135620926333945	0.0142265851949707	0.0122552473166191	0.0132717919419698	0.0195548759632066	0.0195012313706782
OM4_C_1A_2	0.0350493655136436	0.0196251737767348	0.0167874659491807	0.0136559316655313	0	0.0052758525821412	0.0163623245708928	0.0295517035502321	0.0365255521457391	0.0167534376455964	0.0158520936314574	0.0175668800298777	0.0266919274347703	0.0271157717401679	0.0247469775497353	0.0257756061265582	0.00685432219018601	0.00591286940744915	0.00180606594324736	0.0143758842324057	0.0103408435992022	0.0126082462480364	0.0173653160183839	0.0160615738431762	0.00127509512198092	0.0187492916893255	0.0109524612936707	0.0147679742023432	0.00176524131655043	0.00726783312175193	0.0210179237978519	0.0287566634852405	0.0127882303450177	0.0140317476903327	0.00934091961247803	0.0177677437184617	0.0238204679266607	0.0133006099018193	0.0190746106057167	0.00698545456324442	0.0124700118294848	0.006248659323047
OM4_C_1A_3	0.0371283438675183	0.0224541097464387	0.0149168042364376	0.0175441715754696	0.0052758525821412	0	0.0111736283395351	0.0262086107807739	0.0314248416453049	0.017125173385897	0.0152407159319641	0.0195208264997428	0.0277269226005158	0.0231065656145374	0.0255266373463525	0.0235000608085833	0.00190173286598231	0.00469915067903901	0.00351840973832067	0.0106587751742114	0.00567386159402184	0.0129102493427787	0.0122549481731385	0.0152144412898412	0.00568169668159926	0.0180836926455731	0.0130465763589054	0.0170915581912016	0.0050477093010139	0.00673158805020049	0.0186732987491845	0.0275328453377322	0.0155200455083389	0.0117937991585655	0.00500219237517396	0.0150587309788732	0.0254146331772367	0.0122214067208311	0.0198468171317205	0.00617504230687228	0.00858988598714053	0.00263649290748897
OM4_C_1C_3	0.0450779210675632	0.0319126271612746	0.0145240099980093	0.0281337478062637	0.0163623245708928	0.0111736283395351	0	0.024261433544877	0.0202821608752806	0.024146776028618	0.0212035106605333	0.0282190232022313	0.0345970394294903	0.0148607213797052	0.0321789617081812	0.024710800099346	0.00951271651269375	0.0124886815824226	0.0146713839044413	0.0120839291788689	0.00654891777422607	0.0206340956390722	0.00142531482912286	0.0168763014021933	0.0164899184354714	0.0233859053401366	0.0225575958339998	0.0263864207144289	0.0156789354209725	0.0156091301062019	0.015896073142352	0.0257864392873724	0.0253192059786955	0.0160580819992498	0.00986400426184535	0.0125487149381575	0.033229240685607	0.0182874567738571	0.027043988297552	0.0150840665469417	0.0109990150776502	0.0105014084269199
OM4_C_1D_3	0.0339422440205034	0.0292072646458121	0.0380357958770356	0.0311997063597493	0.0295517035502321	0.0262086107807739	0.024261433544877	0	0.0336770600594031	0.0194608771354847	0.0170573889417348	0.0249336523895967	0.0235642888714113	0.0377130582890873	0.0216318593213234	0.00707111456032327	0.0264186278154509	0.0307221261570964	0.0281063269771481	0.0155522708278464	0.0271429420363136	0.0204879720975691	0.025302122945168	0.03968410466736	0.0306478630051895	0.0157177890279355	0.0248658840437611	0.0257619806309763	0.0304594959665845	0.0226546860473571	0.040068858962424	0.0499653320156566	0.0267697637284209	0.0157853024280182	0.0212377782385453	0.0365504231650352	0.0251785922152492	0.0176745943720212	0.0206590799433198	0.022764657848123	0.0176246694564581	0.0281695384665306
OM4_C_1E_1	0.0628547400705491	0.0513290735301946	0.0278996109883816	0.0482435815744589	0.0365255521457391	0.0314248416453049	0.0202821608752806	0.0336770600594031	0	0.0424111051239634	0.0391345953677571	0.0472793771307209	0.0518974328878051	0.015749248606316	0.0494654610386376	0.0378948053687269	0.029690004053197	0.0319097976133885	0.034890262687564	0.0296084464897692	0.0262764188953027	0.0396440816017932	0.0191780568003444	0.0310645167603849	0.0365142721253072	0.040543663008574	0.0423000198930463	0.0458786825413886	0.0356572866509096	0.0354967292363569	0.0256802101105164	0.0322700545948903	0.0451073574276957	0.0339344098433071	0.0296769058873406	0.0250051658258465	0.051402088948229	0.0367199988905209	0.0451674045438525	0.0350183209132583	0.0295182260064551	0.0304186972499795
OM4_C_1F_1	0.0209425638761805	0.0101324349071316	0.03203578456427	0.0120775257984328	0.0167534376455964	0.017125173385897	0.024146776028618	0.0194608771354847	0.0424111051239634	0	0.00333812584088361	0.00568637928890161	0.0107015434158332	0.0386577822313682	0.00842052619041568	0.013001480556219	0.0186643310832503	0.0213078936713321	0.0163549881385008	0.0128214382659751	0.0218445193639256	0.00425367385340186	0.0255696228115389	0.0321154668797884	0.018019107441999	0.00378204317940768	0.0069361392133443	0.00637163328157518	0.0184015079068759	0.010417250106706	0.0357372600316275	0.0446109582788709	0.007787000464094	0.00848595664407229	0.014718132275117	0.0320655877143044	0.00911767807298084	0.00586964334180872	0.00290118488710655	0.0109587851958808	0.0132520463445292	0.0197553508650125
OM4_C_1F_2	0.0240019152037695	0.013303536485253	0.0300733983108951	0.0141482591580102	0.0158520936314574	0.0152407159319641	0.0212035106605333	0.0170573889417348	0.0391345953677571	0.00333812584088361	0	0.00886182894909775	0.0134003903204375	0.0358775450530655	0.0109922330852313	0.0111939380106048	0.0165831895781678	0.0197060472761529	0.0151152498077505	0.00958913962263747	0.0194726048161308	0.00374178936446109	0.0226283992137943	0.0304365555389823	0.0171239179059703	0.00291077268476707	0.00794421292981188	0.00888807865720952	0.0173536791717728	0.0088356654612004	0.0335749453393902	0.0427277252612787	0.00971636292867043	0.00526634228090356	0.0121359649186068	0.0298598747189957	0.0122989682141565	0.00310384848297148	0.00604124113355392	0.00929507907206916	0.0102169066256884	0.0178658881407627
OM4_C_1G_1	0.0176415389089873	0.00445144071040082	0.034034913222555	0.00810974740169863	0.0175668800298777	0.0195208264997428	0.0282190232022313	0.0249336523895967	0.0472793771307209	0.00568637928890161	0.00886182894909775	0	0.00962907025345127	0.042194411231907	0.00829736629119762	0.0182113293419083	0.0213005324917592	0.022998725723824	0.0177564494279368	0.0177793836573454	0.0248583884494445	0.00766302995830208	0.0296146193718404	0.0335951103488508	0.0187207068650945	0.00924989606257212	0.00664836668854959	0.00294983016813273	0.0193294296750515	0.0130317263072044	0.0380482516743204	0.0462766605445439	0.00517421409690512	0.0135582206676934	0.0184035280587811	0.0345198947073822	0.00630866887953288	0.0106382060282218	0.0045005792317852	0.0136070719854383	0.017787873493258	0.0220116196349337
OM4_C_2A_1	0.0110282029890979	0.0107337811789473	0.0425959421498254	0.0172981013613848	0.0266919274347703	0.0277269226005158	0.0345970394294903	0.0235642888714113	0.0518974328878051	0.0107015434158332	0.0134003903204375	0.00962907025345127	0	0.0492504002989321	0.00244804381887512	0.0165772476359546	0.0293223499138988	0.0317190556995184	0.0265947401415113	0.0228009643888164	0.0325423516388667	0.0148284386363817	0.0360211999576148	0.042491789708171	0.0279075236642329	0.0114261937396015	0.015823136940472	0.0125652419659735	0.0284246060757427	0.0209971268465095	0.0463775148850838	0.0550849164994653	0.0147946393235579	0.0185824022299429	0.0253837942431876	0.0427258160714933	0.00384821831745331	0.0163922173032049	0.00788685358655065	0.02155606982039	0.0236058469988407	0.0303394921675643
OM4_C_2A_3	0.0594822442474961	0.0454636490212053	0.0135628327356854	0.0405394463116935	0.0271157717401679	0.0231065656145374	0.0148607213797052	0.0377130582890873	0.015749248606316	0.0386577822313682	0.0358775450530655	0.042194411231907	0.0492504002989321	0	0.0468593817752262	0.0392404808418374	0.0212141475109773	0.02138296380931	0.0259323937445892	0.0269412691913909	0.0174774704671717	0.0348650428246401	0.0134727639907366	0.0166072563278812	0.0266092835094543	0.0381779477355917	0.0359996231718502	0.0400104179495382	0.0257120794984093	0.0291860501547221	0.0103607330111378	0.0167121570216954	0.0385789185200026	0.0308361782980139	0.0239748022478412	0.0109105451325348	0.0476173250031972	0.032871856596397	0.0415528703057827	0.0286147058464278	0.0257638954733679	0.0210486203220764
OM4_C_2B_1	0.013431048093457	0.0103809749719199	0.0404244461804514	0.0163094447412356	0.0247469775497353	0.0255266373463525	0.0321789617081812	0.0216318593213234	0.0494654610386376	0.00842052619041568	0.0109922330852313	0.00829736629119762	0.00244804381887512	0.0468593817752262	0	0.0145817428055799	0.0270821858845274	0.0296164904716713	0.0245502964513887	0.020357607959121	0.0302408746258608	0.012620301178684	0.03360278076148	0.0404125804697952	0.0259824980749832	0.00897841387422739	0.0140200316151542	0.0111220414776483	0.0264585497228062	0.018803378073171	0.0441503347595911	0.0529623444630391	0.0133276674863095	0.0161498827884621	0.0230319068273106	0.0404811377411583	0.0039762866471613	0.0140129178400778	0.00571740079732675	0.0193539233214987	0.021184200055353	0.028150847195809
OM4_C_2B_3	0.0271724038544864	0.0223646989964435	0.0370488482813165	0.0250327357977023	0.0257756061265582	0.0235000608085833	0.024710800099346	0.00707111456032327	0.0378948053687269	0.013001480556219	0.0111939380106048	0.0182113293419083	0.0165772476359546	0.0392404808418374	0.0145817428055799	0	0.0241982749196626	0.0281945292262983	0.0246086991687344	0.013539229771172	0.0258682493826082	0.0148972413255934	0.0259813987397341	0.0381798279552318	0.0269849252744868	0.00922705505764341	0.019127896440971	0.0193722000171895	0.0269869963186223	0.0185285484735783	0.0397525822115171	0.0495103983592393	0.0206543720433314	0.0118344861431116	0.0189079301633447	0.036061746765064	0.0181099947592204	0.0127244746352128	0.0138131609043506	0.0187920325783868	0.0154650904048141	0.0258431722553034
OM4_C_2D_1	0.0388761270023728	0.024314478809176	0.0134962062428736	0.0194433194210777	0.00685432219018601	0.00190173286598231	0.00951271651269375	0.0264186278154509	0.029690004053197	0.0186643310832503	0.0165831895781678	0.0213005324917592	0.0293223499138988	0.0212141475109773	0.0270821858845274	0.0241982749196626	0	0.00436806366912862	0.00520791072694311	0.0109517018081756	0.00377247723864093	0.0144989250696922	0.0105177572241719	0.0141006768202884	0.00701520722831831	0.0193674563581114	0.0148824925731767	0.0189239480275499	0.00624789942975285	0.00837469998460065	0.0170785628473809	0.0261646863687311	0.0173917752849316	0.0127246443884173	0.00530845349166101	0.0134111611057828	0.0271173209406714	0.0135089246624625	0.0214379753848574	0.00780279351868639	0.00888844119579989	0.00176186990282408
OM4_C_2D_2	0.0406076584926712	0.0253897048040016	0.0110495505774138	0.0195680570020856	0.00591286940744915	0.00469915067903901	0.0124886815824226	0.0307221261570964	0.0319097976133885	0.0213078936713321	0.0197060472761529	0.022998725723824	0.0317190556995184	0.02138296380931	0.0296164904716713	0.0281945292262983	0.00436806366912862	0	0.00525135717163344	0.0151989774142243	0.005940001613232	0.0170549935822174	0.0131547086705396	0.0108112611206604	0.00524209987426753	0.0225873995145036	0.0163579309194922	0.0203272443321977	0.00435393361726475	0.0109420986481245	0.0151798681826564	0.023388103202313	0.01847394462962	0.0164858139876662	0.00950471028775422	0.0118620211741534	0.0291274472680815	0.0167590109485905	0.0239017655872384	0.0104391363097528	0.0131235941582969	0.0026137095806311
OM4_C_2D_3	0.035360677245453	0.020177166741175	0.0163004709252272	0.0146329621014073	0.00180606594324736	0.00351840973832067	0.0146713839044413	0.0281063269771481	0.034890262687564	0.0163549881385008	0.0151152498077505	0.0177564494279368	0.0265947401415113	0.0259323937445892	0.0245502964513887	0.0246086991687344	0.00520791072694311	0.00525135717163344	0	0.0127823143119842	0.00883748128093286	0.0121244240358213	0.0157168867713616	0.0159153750952762	0.00258511415870305	0.0180256419935516	0.011111409497287	0.015076901835122	0.00238411901296144	0.00631042270183676	0.0204041878325829	0.0285690564360758	0.0132426560777444	0.012790243269301	0.00759321543584158	0.0170039817631625	0.0239139030457102	0.0123795098504339	0.0188388829164619	0.00592195565043266	0.0108278010463269	0.00489152856406869
OM4_C_2E_2	0.0335600253108258	0.0219984253394247	0.0235152392686122	0.0203885431405023	0.0143758842324057	0.0106587751742114	0.0120839291788689	0.0155522708278464	0.0296084464897692	0.0128214382659751	0.00958913962263747	0.0177793836573454	0.0228009643888164	0.0269412691913909	0.020357607959121	0.013539229771172	0.0109517018081756	0.0151989774142243	0.0127823143119842	0	0.0123312054584174	0.0102707265372167	0.0134839306311422	0.0247137093231914	0.01536446967654	0.0114245013394892	0.0137379146588335	0.0167376055160168	0.0150731835804607	0.00841006873379344	0.0263006596714675	0.0360073802095541	0.016465177675033	0.00433656234547926	0.00569568219835089	0.0225855930422693	0.0218846823762943	0.00714643919729033	0.0156238739024633	0.00827112350082505	0.00207608972324488	0.0126810989359797
OM4_C_2E_3	0.0423505998852221	0.0280052501310851	0.0111859310315399	0.0232141603070959	0.0103408435992022	0.00567386159402184	0.00654891777422607	0.0271429420363136	0.0262764188953027	0.0218445193639256	0.0194726048161308	0.0248583884494445	0.0325423516388667	0.0174774704671717	0.0302408746258608	0.0258682493826082	0.00377247723864093	0.005940001613232	0.00883748128093286	0.0123312054584174	0	0.0177953524551977	0.00726436000126876	0.0125508378580426	0.0102453061157711	0.02212368359871	0.018545785095424	0.022573354033285	0.00938458007355869	0.0118368425854631	0.0142014062579092	0.0237380012711979	0.0211076871892239	0.0150578115402304	0.00741497046700135	0.0104622448576348	0.0305302873174791	0.0163694366915105	0.0246840609625756	0.0112600789206446	0.0104534056633486	0.00414523591077072
OM4_C_2F_1	0.0246442306766138	0.0117453676613493	0.0278109925785767	0.0109652099046027	0.0126082462480364	0.0129102493427787	0.0206340956390722	0.0204879720975691	0.0396440816017932	0.00425367385340186	0.00374178936446109	0.00766302995830208	0.0148284386363817	0.0348650428246401	0.012620301178684	0.0148972413255934	0.0144989250696922	0.0170549935822174	0.0121244240358213	0.0102707265372167	0.0177953524551977	0	0.0220414181915	0.0278636927201153	0.0138811921649579	0.00639488199748125	0.00438376157767565	0.00649671938344302	0.0142183629154016	0.00618376754972931	0.0315593561717788	0.0403708095605646	0.00662335523826601	0.00629072450484478	0.0109126198463711	0.0279070458292002	0.0127740314467505	0.0033495929000807	0.00694218027214792	0.00673549766741713	0.0101337056157952	0.0155332121497274
OM4_C_2F_3	0.0464992034341932	0.0332800627768805	0.0140392838767009	0.0293942397148955	0.0173653160183839	0.0122549481731385	0.00142531482912286	0.025302122945168	0.0191780568003444	0.0255696228115389	0.0226283992137943	0.0296146193718404	0.0360211999576148	0.0134727639907366	0.03360278076148	0.0259813987397341	0.0105177572241719	0.0131547086705396	0.0157168867713616	0.0134839306311422	0.00726436000126876	0.0220414181915	0	0.016570016424829	0.0174139176768184	0.0248040966105384	0.0239030115859944	0.0277537817584153	0.0165787429196059	0.0169483723534784	0.0150539106927568	0.0248979169642539	0.0266534813646168	0.0174795909681234	0.0112385270036653	0.0118652368186243	0.0346491796420537	0.0197114879456185	0.0284671070982845	0.0164161472612751	0.0124229434537456	0.0113505902501525
OM4_C_2G_1	0.05109714348949	0.0356071319775455	0.00316706941815033	0.0291841784764892	0.0160615738431762	0.0152144412898412	0.0168763014021933	0.03968410466736	0.0310645167603849	0.0321154668797884	0.0304365555389823	0.0335951103488508	0.042491789708171	0.0166072563278812	0.0404125804697952	0.0381798279552318	0.0141006768202884	0.0108112611206604	0.0159153750952762	0.0247137093231914	0.0125508378580426	0.0278636927201153	0.016570016424829	0	0.0149806892347726	0.0332909980930145	0.0269559450884803	0.0308236981993366	0.0142973097435889	0.0217375731587536	0.00675304977139047	0.0126979462941072	0.0288384065186855	0.0268228596690043	0.0193066315715464	0.00606133417519182	0.0398021009725046	0.0274329936321774	0.0346989142315587	0.0212229127417165	0.0227302211164319	0.0126199083794455
OM4_C_2G_2	0.0361429709858515	0.0206415026169213	0.0158562681105184	0.0144665113400777	0.00127509512198092	0.00568169668159926	0.0164899184354714	0.0306478630051895	0.0365142721253072	0.018019107441999	0.0171239179059703	0.0187207068650945	0.0279075236642329	0.0266092835094543	0.0259824980749832	0.0269849252744868	0.00701520722831831	0.00524209987426753	0.00258511415870305	0.01536446967654	0.0102453061157711	0.0138811921649579	0.0174139176768184	0.0149806892347726	0	0.0200222536716145	0.0121340259126055	0.0158915425185822	0.00090099058471253	0.0085041702146727	0.0201389602565635	0.0276682738591672	0.0138678345449224	0.0152116591990006	0.0101441077978681	0.0169875864539292	0.0249926304393711	0.0145536679752993	0.0203200324185102	0.00819916776276629	0.0134126797918404	0.00610018099172994
OM4_C_3D_1	0.0223382841122019	0.0136147733380504	0.0328579722608796	0.0158165764820712	0.0187492916893255	0.0180836926455731	0.0233859053401366	0.0157177890279355	0.040543663008574	0.00378204317940768	0.00291077268476707	0.00924989606257212	0.0114261937396015	0.0381779477355917	0.00897841387422739	0.00922705505764341	0.0193674563581114	0.0225873995145036	0.0180256419935516	0.0114245013394892	0.02212368359871	0.00639488199748125	0.0248040966105384	0.0332909980930145	0.0200222536716145	0	0.0102008148405261	0.0101515124893406	0.0202611524800507	0.0117427900810265	0.0362814463893285	0.0455209447629362	0.0114643766654784	0.00734616886668122	0.0147274192202931	0.0325550180060026	0.0110864339530334	0.00586719815224618	0.00526676471540274	0.012195673267864	0.012419587257874	0.0206983382722706
OM4_C_3D_2	0.0242603889453866	0.00947532934065573	0.0274011443524287	0.00674441201227236	0.0109524612936707	0.0130465763589054	0.0225575958339998	0.0248658840437611	0.0423000198930463	0.0069361392133443	0.00794421292981188	0.00664836668854959	0.015823136940472	0.0359996231718502	0.0140200316151542	0.019127896440971	0.0148824925731767	0.0163579309194922	0.011111409497287	0.0137379146588335	0.018545785095424	0.00438376157767565	0.0239030115859944	0.0269559450884803	0.0121340259126055	0.0102008148405261	0	0.00404561995276693	0.0127095539562318	0.00695796802649465	0.0314458706053234	0.0396371373718542	0.00281327485599766	0.0102648016411265	0.0127262401852248	0.0279511563836644	0.0128701553242993	0.00752004826063929	0.00854700498507462	0.00750064770031285	0.0130827902048841	0.015463503312852
OM4_C_3E_2	0.0203027075932225	0.00552855041884371	0.0313733802502886	0.00581975160783319	0.0147679742023432	0.0170915581912016	0.0263864207144289	0.0257619806309763	0.0458786825413886	0.00637163328157518	0.00888807865720952	0.00294983016813273	0.0125652419659735	0.0400104179495382	0.0111220414776483	0.0193722000171895	0.0189239480275499	0.0203272443321977	0.015076901835122	0.0167376055160168	0.022573354033285	0.00649671938344302	0.0277537817584153	0.0308236981993366	0.0158915425185822	0.0101515124893406	0.00404561995276693	0	0.016533010205101	0.0108769624564219	0.0354523042172724	0.043513326799141	0.00222963448467677	0.0127733597196857	0.0165246009066247	0.031977759118889	0.00923849518688546	0.00980918356183168	0.00648602705888106	0.0114375507096792	0.0164215564583964	0.0195024750890303
OM4_C_3E_3	0.0368122963653914	0.0213698746152185	0.0150682756349645	0.0152922133655984	0.00176524131655043	0.0050477093010139	0.0156789354209725	0.0304594959665845	0.0356572866509096	0.0184015079068759	0.0173536791717728	0.0193294296750515	0.0284246060757427	0.0257120794984093	0.0264585497228062	0.0269869963186223	0.00624789942975285	0.00435393361726475	0.00238411901296144	0.0150731835804607	0.00938458007355869	0.0142183629154016	0.0165787429196059	0.0142973097435889	0.00090099058471253	0.0202611524800507	0.0127095539562318	0.016533010205101	0	0.00861571542118303	0.0193270696500913	0.0269927197201551	0.0145486616903886	0.015172871386388	0.00971187400301919	0.0161377711813994	0.0255777867190904	0.0146908027437158	0.0207733163065283	0.00826019895452604	0.0130827530199304	0.00524207853819086
OM4_C_3F_1	0.0305345113122735	0.0163896982815083	0.0216290629367842	0.0128300797473191	0.00726783312175193	0.00673158805020049	0.0156091301062019	0.0226546860473571	0.0354967292363569	0.010417250106706	0.0088356654612004	0.0130317263072044	0.0209971268465095	0.0291860501547221	0.018803378073171	0.0185285484735783	0.00837469998460065	0.0109420986481245	0.00631042270183676	0.00841006873379344	0.0118368425854631	0.00618376754972931	0.0169483723534784	0.0217375731587536	0.0085041702146727	0.0117427900810265	0.00695796802649465	0.0108769624564219	0.00861571542118303	0	0.0253978709386164	0.0342019458258681	0.00971206803567447	0.00690559656259021	0.00582683978479981	0.0217639077325558	0.0187474878440513	0.006075955776645	0.0131165561600718	0.000576958229213198	0.00704793181099567	0.0093503691988272
OM4_C_3F_2	0.0556728205576792	0.04056217121272	0.00438960903130438	0.0346001447840511	0.0210179237978519	0.0186732987491845	0.015896073142352	0.040068858962424	0.0256802101105164	0.0357372600316275	0.0335749453393902	0.0380482516743204	0.0463775148850838	0.0103607330111378	0.0441503347595911	0.0397525822115171	0.0170785628473809	0.0151798681826564	0.0204041878325829	0.0263006596714675	0.0142014062579092	0.0315593561717788	0.0150539106927568	0.00675304977139047	0.0201389602565635	0.0362814463893285	0.0314458706053234	0.0354523042172724	0.0193270696500913	0.0253978709386164	0	0.00990666868235564	0.0336418098011085	0.02925526624693	0.0216117836283967	0.00374021881176886	0.0440518890544966	0.0304773669226478	0.0384976468032246	0.0248353551149677	0.0245489112415421	0.0160887770705474
OM4_C_3F_3	0.0637751623022005	0.0482681072063915	0.0126760589092823	0.0417340797679602	0.0287566634852405	0.0275328453377322	0.0257864392873724	0.0499653320156566	0.0322700545948903	0.0446109582788709	0.0427277252612787	0.0462766605445439	0.0550849164994653	0.0167121570216954	0.0529623444630391	0.0495103983592393	0.0261646863687311	0.023388103202313	0.0285690564360758	0.0360073802095541	0.0237380012711979	0.0403708095605646	0.0248979169642539	0.0126979462941072	0.0276682738591672	0.0455209447629362	0.0396371373718542	0.043513326799141	0.0269927197201551	0.0342019458258681	0.00990666868235564	0	0.0415261889568086	0.0387112176946226	0.0310550085256681	0.013491868880287	0.0524643356364046	0.0396652493394874	0.0472573837186483	0.0336659167299656	0.034181334193761	0.0248974460931211
OM4_C_3G_2	0.0222805897799844	0.00695576317609015	0.0295030770113582	0.00443214841544	0.0127882303450177	0.0155200455083389	0.0253192059786955	0.0267697637284209	0.0451073574276957	0.007787000464094	0.00971636292867043	0.00517421409690512	0.0147946393235579	0.0385789185200026	0.0133276674863095	0.0206543720433314	0.0173917752849316	0.01847394462962	0.0132426560777444	0.016465177675033	0.0211076871892239	0.00662335523826601	0.0266534813646168	0.0288384065186855	0.0138678345449224	0.0114643766654784	0.00281327485599766	0.00222963448467677	0.0145486616903886	0.00971206803567447	0.0336418098011085	0.0415261889568086	0	0.0128148716440488	0.015511383721485	0.0302263553939159	0.0114367264276211	0.00994516332867999	0.0084611645274161	0.0102393105358724	0.0158779093147375	0.0178283861554875
OM4_C_3G_3	0.0292629164866209	0.0178609990458088	0.0260603504095389	0.0170081883787734	0.0140317476903327	0.0117937991585655	0.0160580819992498	0.0157853024280182	0.0339344098433071	0.00848595664407229	0.00526634228090356	0.0135582206676934	0.0185824022299429	0.0308361782980139	0.0161498827884621	0.0118344861431116	0.0127246443884173	0.0164858139876662	0.012790243269301	0.00433656234547926	0.0150578115402304	0.00629072450484478	0.0174795909681234	0.0268228596690043	0.0152116591990006	0.00734616886668122	0.0102648016411265	0.0127733597196857	0.015172871386388	0.00690559656259021	0.02925526624693	0.0387112176946226	0.0128148716440488	0	0.00766433707197908	0.0255165999428065	0.0175537183607252	0.00297002851041306	0.0112916683688257	0.0070778711658007	0.00507418871014324	0.0142615611735835
OM4_C_3H_2	0.0355323816043567	0.0220517734568326	0.0184109538124533	0.0186044202744478	0.00934091961247803	0.00500219237517396	0.00986400426184535	0.0212377782385453	0.0296769058873406	0.014718132275117	0.0121359649186068	0.0184035280587811	0.0253837942431876	0.0239748022478412	0.0230319068273106	0.0189079301633447	0.00530845349166101	0.00950471028775422	0.00759321543584158	0.00569568219835089	0.00741497046700135	0.0109126198463711	0.0112385270036653	0.0193066315715464	0.0101441077978681	0.0147274192202931	0.0127262401852248	0.0165246009066247	0.00971187400301919	0.00582683978479981	0.0216117836283967	0.0310550085256681	0.015511383721485	0.00766433707197908	0	0.017874382370397	0.0236559262536055	0.00904582686628175	0.0176057914614017	0.00534417941545096	0.00361966395610002	0.00700785722253224
OM4_C_3H_3	0.0521424364063009	0.0371696730796798	0.00289692894342156	0.0314159537123593	0.0177677437184617	0.0150587309788732	0.0125487149381575	0.0365504231650352	0.0250051658258465	0.0320655877143044	0.0298598747189957	0.0345198947073822	0.0427258160714933	0.0109105451325348	0.0404811377411583	0.036061746765064	0.0134111611057828	0.0118620211741534	0.0170039817631625	0.0225855930422693	0.0104622448576348	0.0279070458292002	0.0118652368186243	0.00606133417519182	0.0169875864539292	0.0325550180060026	0.0279511563836644	0.031977759118889	0.0161377711813994	0.0217639077325558	0.00374021881176886	0.013491868880287	0.0302263553939159	0.0255165999428065	0.017874382370397	0	0.0404655530460277	0.0267599141375683	0.0348445010381868	0.0211969558188625	0.020817923697265	0.0125144787450708
OM4_H_4A_1	0.0118812562020981	0.00688595165325774	0.0401246239023115	0.0135620926333945	0.0238204679266607	0.0254146331772367	0.033229240685607	0.0251785922152492	0.051402088948229	0.00911767807298084	0.0122989682141565	0.00630866887953288	0.00384821831745331	0.0476173250031972	0.0039762866471613	0.0181099947592204	0.0271173209406714	0.0291274472680815	0.0239139030457102	0.0218846823762943	0.0305302873174791	0.0127740314467505	0.0346491796420537	0.0398021009725046	0.0249926304393711	0.0110864339530334	0.0128701553242993	0.00923849518688546	0.0255777867190904	0.0187474878440513	0.0440518890544966	0.0524643356364046	0.0114367264276211	0.0175537183607252	0.0236559262536055	0.0404655530460277	0	0.0149825635702696	0.00626268160756293	0.0193217965540653	0.0223679637527377	0.0279735647523892
OM4_H_4A_2	0.0268081957003509	0.0149054188335159	0.0270027609783738	0.0142265851949707	0.0133006099018193	0.0122214067208311	0.0182874567738571	0.0176745943720212	0.0367199988905209	0.00586964334180872	0.00310384848297148	0.0106382060282218	0.0163922173032049	0.032871856596397	0.0140129178400778	0.0127244746352128	0.0135089246624625	0.0167590109485905	0.0123795098504339	0.00714643919729033	0.0163694366915105	0.0033495929000807	0.0197114879456185	0.0274329936321774	0.0145536679752993	0.00586719815224618	0.00752004826063929	0.00980918356183168	0.0146908027437158	0.006075955776645	0.0304773669226478	0.0396652493394874	0.00994516332867999	0.00297002851041306	0.00904582686628175	0.0267599141375683	0.0149825635702696	0	0.00876144562495738	0.00646581504293447	0.00738916670596527	0.0148328056568268
OM4_H_4E_1	0.0180489169258273	0.00855929513464456	0.0347324601227961	0.0122552473166191	0.0190746106057167	0.0198468171317205	0.027043988297552	0.0206590799433198	0.0451674045438525	0.00290118488710655	0.00604124113355392	0.0045005792317852	0.00788685358655065	0.0415528703057827	0.00571740079732675	0.0138131609043506	0.0214379753848574	0.0239017655872384	0.0188388829164619	0.0156238739024633	0.0246840609625756	0.00694218027214792	0.0284671070982845	0.0346989142315587	0.0203200324185102	0.00526676471540274	0.00854700498507462	0.00648602705888106	0.0207733163065283	0.0131165561600718	0.0384976468032246	0.0472573837186483	0.0084611645274161	0.0112916683688257	0.0176057914614017	0.0348445010381868	0.00626268160756293	0.00876144562495738	0	0.0136733495179221	0.0161318788323692	0.0224642166021606
OM4_H_4E_3	0.0311108945470324	0.0169455415018632	0.0210816279438537	0.0132717919419698	0.00698545456324442	0.00617504230687228	0.0150840665469417	0.022764657848123	0.0350183209132583	0.0109587851958808	0.00929507907206916	0.0136070719854383	0.02155606982039	0.0286147058464278	0.0193539233214987	0.0187920325783868	0.00780279351868639	0.0104391363097528	0.00592195565043266	0.00827112350082505	0.0112600789206446	0.00673549766741713	0.0164161472612751	0.0212229127417165	0.00819916776276629	0.012195673267864	0.00750064770031285	0.0114375507096792	0.00826019895452604	0.000576958229213198	0.0248353551149677	0.0336659167299656	0.0102393105358724	0.0070778711658007	0.00534417941545096	0.0211969558188625	0.0193217965540653	0.00646581504293447	0.0136733495179221	0	0.00680052031146331	0.00879969821194623
OM4_H_4F_2	0.0341713828384868	0.0218349015395711	0.0216257084682784	0.0195548759632066	0.0124700118294848	0.00858988598714053	0.0109990150776502	0.0176246694564581	0.0295182260064551	0.0132520463445292	0.0102169066256884	0.017787873493258	0.0236058469988407	0.0257638954733679	0.021184200055353	0.0154650904048141	0.00888844119579989	0.0131235941582969	0.0108278010463269	0.00207608972324488	0.0104534056633486	0.0101337056157952	0.0124229434537456	0.0227302211164319	0.0134126797918404	0.012419587257874	0.0130827902048841	0.0164215564583964	0.0130827530199304	0.00704793181099567	0.0245489112415421	0.034181334193761	0.0158779093147375	0.00507418871014324	0.00361966395610002	0.020817923697265	0.0223679637527377	0.00738916670596527	0.0161318788323692	0.00680052031146331	0	0.0106114364665327
OM4_H_4F_3	0.039639732698671	0.0247821341228329	0.0122841750162724	0.0195012313706782	0.006248659323047	0.00263649290748897	0.0105014084269199	0.0281695384665306	0.0304186972499795	0.0197553508650125	0.0178658881407627	0.0220116196349337	0.0303394921675643	0.0210486203220764	0.028150847195809	0.0258431722553034	0.00176186990282408	0.0026137095806311	0.00489152856406869	0.0126810989359797	0.00414523591077072	0.0155332121497274	0.0113505902501525	0.0126199083794455	0.00610018099172994	0.0206983382722706	0.015463503312852	0.0195024750890303	0.00524207853819086	0.0093503691988272	0.0160887770705474	0.0248974460931211	0.0178283861554875	0.0142615611735835	0.00700785722253224	0.0125144787450708	0.0279735647523892	0.0148328056568268	0.0224642166021606	0.00879969821194623	0.0106114364665327	0
