	OM5_B_B_2	OM5_C_4A_1	OM5_C_4A_2	OM5_C_4A_3	OM5_C_4D_1	OM5_C_4D_2	OM5_C_4D_3	OM5_C_4E_1	OM5_C_4E_2	OM5_C_4E_3	OM5_C_4F_1	OM5_C_4F_2	OM5_C_4F_3	OM5_C_4H_1	OM5_C_4H_2	OM5_C_4H_3	OM5_C_5A_1	OM5_C_5A_2	OM5_C_5A_3	OM5_C_5B_1	OM5_C_5B_2	OM5_C_5B_3	OM5_C_5D_1	OM5_C_5D_2	OM5_C_5E_1	OM5_C_5E_2	OM5_C_5F_1	OM5_C_5F_2	OM5_C_5F_3	OM5_C_5G_1	OM5_C_5G_2	OM5_C_5G_3	OM5_C_5H_1	OM5_C_5H_2	OM5_C_5H_3	OM5_C_6A_1	OM5_C_6A_2	OM5_C_6A_3	OM5_C_6B_1	OM5_C_6B_2	OM5_C_6B_3	OM5_C_6D_1	OM5_C_6D_2	OM5_C_6D_3	OM5_C_6F_1	OM5_H_2H_2	OM5_H_2H_3	OM5_H_6A_1	OM5_H_6A_2	OM5_H_6A_3	OM5_H_6B_1	OM5_H_6B_2	OM5_H_6B_3	OM5_H_6C_2	OM5_H_6C_3	OM5_H_6F_1	OM5_H_6F_2	OM5_H_6F_3	OM5_H_6G_1	OM5_H_6G_2	OM5_H_6G_3	OM5_H_6H_1	OM5_H_6H_2	OM5_H_6H_3
OM5_B_B_2	0	0.0024862492503088	0.00128844813625979	0.0138735141641425	0.0151765192618791	0.0105718782909277	0.00223841866950685	3.1114967622325e-05	0.00141891407226242	0.00705216611228699	0.00726077578850871	0.0171299239124702	0.00175454133679986	0.00237372127821528	0.00503149357312058	0.00422907645061289	0.000764584088543197	0.00633407321375044	0.00932632142096831	0.0144672389360553	0.00831459282918402	0.000921397493975927	0.0156807612033255	0.00649848043697902	0.0380214836087887	0.0110022086365897	0.0978838737371164	0.112346328480198	0.0890007289481879	0.0127678656376035	0.00841817181777583	0.0100944192481112	0.00163804493195275	0.011448010549062	0.00263994845639545	0.000694849380960019	0.00521119940515074	0.0240022014796967	0.00774408750068386	0.0126358022191502	0.0130288116143754	0.0155728752463091	0.0156051705643915	0.00937780235384089	0.00163804493195275	0.00842544775502635	0.00897557491607238	0.00195464036249344	0.00360940529108211	0.00143763325899222	0.0138514409694469	0.0161840650857068	0.00289567865761403	0.00754119160663791	0.00304529166397824	0.00729781945518116	0.0053527962618555	0.0140414270520843	0.00163593485026461	0.00513758554364398	0.0139667775188477	0.00109286622297063	0.00725779636429716	0.000169640118746382
OM5_C_4A_1	0.0024862492503088	0	0.00377469317871875	0.0163595666577252	0.0126904363119521	0.00808570288666169	0.00472465876853662	0.00245513434754037	0.0039051585284248	0.00953835711474779	0.00477455649811327	0.0146438912196166	0.00073170902375941	0.00485996054597324	0.00751771007944132	0.00671530111946186	0.00172166630028287	0.00384784502904888	0.00684012728864446	0.0119811393642934	0.00582838545429498	0.00340764402787436	0.0131946905972351	0.00401225372205228	0.0355363991060402	0.00851604032456745	0.095405689998602	0.109870759168985	0.0865211246958293	0.0152539460813264	0.00593196571749833	0.012580558477248	0.00084820551993269	0.00896184992099338	0.00512618599594402	0.00179140094596236	0.00769741393036378	0.0264878985427248	0.0052578734371757	0.0101496637366415	0.015514885653593	0.013086801962346	0.0131190980799433	0.00689160894256365	0.00084820551993269	0.00593924174497636	0.00648937599282597	0.000531609786327738	0.00609563549943831	0.00392387762857526	0.0113653276694778	0.013698007237207	0.00538191442144467	0.00505497529977179	0.00553152633639543	0.00481160055114214	0.00783900918662801	0.0165274751145652	0.00412217826577715	0.00762380088716447	0.0164528275573478	0.00139338434432821	0.00477157704293188	0.00265588897885302
OM5_C_4A_2	0.00128844813625979	0.00377469317871875	0	0.0125851445203986	0.0164648555391653	0.0118602702682767	0.000949971487422603	0.00131956308669082	0.00013046601940323	0.00576373622742078	0.00854919611093581	0.0184182308427996	0.00304298707896208	0.0010852742979054	0.00374305389061826	0.00294063389597002	0.00205303152084994	0.00762249971357598	0.0106147252108993	0.0157555850265347	0.00960300519355336	0.000367050794027904	0.0169690902311385	0.00778690589691348	0.0393092639272048	0.0122905962105745	0.0991679788328765	0.11362905547192	0.0902855846284231	0.0114794833788963	0.00970658334635999	0.00880601104677817	0.00292649091860966	0.0127363933868978	0.00135150192108362	0.00198329689916662	0.00392276044521026	0.0227139989189228	0.00903250429659742	0.0139241715714734	0.0117404322333892	0.0168612058442839	0.016893500693442	0.0106662056830143	0.00292649091860966	0.0097138592245333	0.0102639817822133	0.00324308565633344	0.00232096091433618	0.00014918521868387	0.0151397952155887	0.0174723866513016	0.00160723260977372	0.00882960990842845	0.00175684592856241	0.00858623951470242	0.00406435789171233	0.0127530594207574	0.00034748696897152	0.00384914628419943	0.0126784089897121	0.00238131319214938	0.0085462167078096	0.00111880810309961
OM5_C_4A_3	0.0138735141641425	0.0163595666577252	0.0125851445203986	0	0.0290479050983182	0.0244441440055438	0.0116352215886095	0.0139046270392259	0.0124546856383323	0.00682158117365452	0.0211335482600378	0.0310008749873001	0.0156279228430799	0.0114999250501618	0.00884223609966512	0.00964463526070116	0.0146380440961007	0.0202069686243172	0.0231987901362776	0.0283387735716552	0.022187215455946	0.0129521744350933	0.0295520383187046	0.0203713546399731	0.0518854979562324	0.0248744007497737	0.111704761880653	0.126151545978629	0.10283021613561	0.00110571701874142	0.0222907791397221	0.0037792798980299	0.0155114361670149	0.0253201245378294	0.0112337092994025	0.0145683145617245	0.00866253343602806	0.0101298698849561	0.0216167925754324	0.0265076987320225	0.000844755949459209	0.0294441758284976	0.0294764641335812	0.0232502629743071	0.0155114361670149	0.0222980539980059	0.0228480981043233	0.0158280048527768	0.0102642882858459	0.0124359674502543	0.0277231008759183	0.0300552312489854	0.010977989429794	0.0214139252485123	0.0108283821746776	0.0211705868405769	0.00852093885558269	0.000167924330680142	0.0122376762298982	0.00873614603745715	9.32696760586952e-05	0.0149663012464654	0.0211305692443161	0.0137038852967842
OM5_C_4D_1	0.0151765192618791	0.0126904363119521	0.0164648555391653	0.0290479050983182	0	0.00460489737426566	0.0174147323658908	0.0151454067774999	0.016595309170757	0.0222278582677697	0.00791604628011749	0.00195358082002862	0.0134221020584871	0.017550020852186	0.0202074764920154	0.0194051628450666	0.0144119932629272	0.00884274115591173	0.00585048524873734	0.000709334358744346	0.0068622269987601	0.0160978385492975	0.000504283573548924	0.00867833595894921	0.0228495341728846	0.00417455251993665	0.0827501203193334	0.097227611050743	0.0738588775059869	0.027942501019734	0.00675864715844356	0.0252695920570653	0.0135385912284262	0.00372873352117876	0.017816219677571	0.0144817229282459	0.0203871582163788	0.0391737472182543	0.00743273499279868	0.00254088611371433	0.0282033904749467	0.000396388483926057	0.000428686523026112	0.00579900335805028	0.0135385912284262	0.00675137115713052	0.00620123753626392	0.0132220151253827	0.0187855669340608	0.0166140265772658	0.00132517494428308	0.00100763167773262	0.0180719219383848	0.00763563100822845	0.0182215182778602	0.00787900273312317	0.0205287358370388	0.0292157797260781	0.0168123090827127	0.0203135542715477	0.0291411472392889	0.0140837341759224	0.00791902569409107	0.0153461456548938
OM5_C_4D_2	0.0105718782909277	0.00808570288666169	0.0118602702682767	0.0244441440055438	0.00460489737426566	0	0.0128101915691283	0.0105407645271976	0.0119907298364974	0.017623587317849	0.00331119077195814	0.00655845774004454	0.00881739378766611	0.0129454866250978	0.0156030832148621	0.0148007246259394	0.00980732175262144	0.00423790364128937	0.00124559951269474	0.0038955674272912	0.0022573543648568	0.0114932368689674	0.00510917683435138	0.00407349505172766	0.0274534303758917	0.000430347723010598	0.0873434211441774	0.101816583563248	0.0784544902636773	0.0233386471203792	0.00215377303286341	0.020665530012223	0.00893388712063367	0.000876169070013683	0.0132116985485745	0.00987705412572921	0.0157827752873446	0.0345710199005233	0.00282787118958926	0.00206401963458904	0.0235995581241161	0.00500128269329631	0.00503358045230708	0.0011941170427032	0.00893388712063367	0.00214649692806827	0.00159635597201718	0.00861729980536551	0.0141810954215362	0.012009448099259	0.00327972936947026	0.00561252002331612	0.0134674136049836	0.00303077059636573	0.0136170175276338	0.00327414656276352	0.0159243611346631	0.0246120330720633	0.0122077397444298	0.0157091670910265	0.0245373941549757	0.00947905012765092	0.00331417023939925	0.0107415117135625
OM5_C_4D_3	0.00223841866950685	0.00472465876853662	0.000949971487422603	0.0116352215886095	0.0174147323658908	0.0128101915691283	0	0.00226953358332234	0.000819505503688073	0.00481377392898647	0.0094991407612565	0.0193680845875899	0.00399295454783743	0.000135302858802824	0.00279308586455112	0.00199066434637997	0.0030030009689019	0.00857244960448743	0.0115646561429578	0.0167054696131123	0.0105529431963499	0.00131702212148977	0.0179189613399475	0.00873685489941429	0.0402587139934627	0.0132405139463864	0.100114675873414	0.114574726290525	0.0912328413793693	0.0105295519642681	0.010656520656259	0.00785606248340489	0.00387645865403321	0.0136863073008926	0.000401530613381623	0.00293326646220096	0.00297279281881917	0.0217641916882627	0.00998244598905443	0.0148740746637724	0.0107905027474038	0.0178110781905408	0.0178433726700717	0.0116161362372438	0.00387645865403321	0.0106637964855041	0.0112139152419534	0.00419305264648166	0.00137099048019321	0.000800786307895734	0.0160896862708243	0.0184222518860264	0.000657261472035851	0.00977955286136594	0.000806874910385405	0.00953618394376757	0.00311439059531613	0.0118031378484818	0.000602484587604197	0.00289917849149982	0.0117284868107137	0.00333128205567263	0.0094961613758883	0.00206877882477414
OM5_C_4E_1	3.1114967622325e-05	0.00245513434754037	0.00131956308669082	0.0139046270392259	0.0151454067774999	0.0105407645271976	0.00226953358332234	0	0.00145002901886913	0.0070832805395949	0.00722966138757493	0.0170988121089129	0.00172342640068715	0.00240483618519184	0.00506260826591924	0.00426019122423727	0.000733469125903584	0.00630295867687356	0.0092952073897545	0.014436126224824	0.00828347860537048	0.000952512453248685	0.0156496488868046	0.00646736592285585	0.0379903842250049	0.0109710949730559	0.0978528622709665	0.112315350098109	0.0889696994778312	0.0127989788331184	0.00838705761266843	0.0101255331083151	0.0016069299916555	0.0114168969935303	0.00267106334881316	0.000663734417140894	0.0052423140779245	0.024033310175329	0.00771297317800635	0.0126046889723193	0.0130599247366753	0.0155417628934249	0.0155740582223678	0.00934668833303197	0.0016069299916555	0.00839433355124154	0.00894446081559285	0.00192352543439183	0.0036405201175726	0.00146874820495634	0.0138203280700469	0.0161529529422272	0.00292679353465783	0.0075100772504801	0.00307640653135118	0.0072667050600551	0.00538391091837786	0.0140725398761654	0.00166704978951234	0.00516870022470699	0.0139978903656878	0.001061751266746	0.00722668196287941	0.000200755086451644
OM5_C_4E_2	0.00141891407226242	0.0039051585284248	0.00013046601940323	0.0124546856383323	0.016595309170757	0.0119907298364974	0.000819505503688073	0.00145002901886913	0	0.00563327168493365	0.00867965876266337	0.0185486813770307	0.00317345265948261	0.00095480832579884	0.00361258848627551	0.00281016825252184	0.00218349733632188	0.0077529630505191	0.0107451860554832	0.0158860396974599	0.00973346697155096	0.000497516804954071	0.0170995430962063	0.00791736911797074	0.0394396597963234	0.0124210553051937	0.0992979987866687	0.113758934997783	0.0904156811340696	0.0113490232906751	0.00983704503304707	0.0086755485038991	0.00305695653139039	0.012866851973238	0.00122103597703122	0.00211376272781336	0.00379229510244465	0.0225835563035407	0.00916296656007952	0.0140546287157853	0.0116099724197566	0.0169916588752815	0.0170239536748774	0.010796666477621	0.00305695653139039	0.00984432090477865	0.0103944429608859	0.00337355117854799	0.00219049512631997	1.87192020294053e-05	0.0152702507519937	0.0176028387283538	0.00147676669853463	0.00896007233747655	0.00162638003931394	0.00871670213741762	0.00393389259953124	0.0126226007316586	0.000217020953652841	0.00371868091585075	0.012547950214505	0.00251177893958585	0.00867667936186037	0.00124927405872121
OM5_C_4E_3	0.00705216611228699	0.00953835711474779	0.00576373622742078	0.00682158117365452	0.0222278582677697	0.017623587317849	0.00481377392898647	0.0070832805395949	0.00563327168493365	0	0.0143126868329783	0.0241810746658849	0.00880666949253969	0.00467847213244408	0.00202069754251458	0.00282311901883766	0.00781673551736219	0.013386031191249	0.0163781127336143	0.0215186416863506	0.0153664453958516	0.00613078250065411	0.0227320533981868	0.0135504303947753	0.0450694573787387	0.0180538874714943	0.104910904319589	0.119365622345992	0.096031988225046	0.00571587925473234	0.0154700183434251	0.00304232872933094	0.00869017607603312	0.0184996571519018	0.00441224628960443	0.00774700226785047	0.00184099030120728	0.0169510396990811	0.0147959724000876	0.0196873582018802	0.00597683728768876	0.0226241775610917	0.0226564698557713	0.0164295904157722	0.00869017607603312	0.0154772938543511	0.016027388031273	0.00900676323006387	0.00344279137322201	0.00561455269131266	0.0209028970704058	0.0232353093188486	0.00415651704302609	0.0145930876210341	0.00400690444611855	0.0143497285361902	0.00169939222208815	0.00698950269912128	0.00541625303987767	0.00191460475921303	0.00691484930864043	0.00814501046697336	0.0143097075663872	0.00688252886296464
OM5_C_4F_1	0.00726077578850871	0.00477455649811327	0.00854919611093581	0.0211335482600378	0.00791604628011749	0.00331119077195814	0.0094991407612565	0.00722966138757493	0.00867965876266337	0.0143126868329783	0	0.00986957417877938	0.00550625883665205	0.00963443931213155	0.012292113114927	0.0114897294967611	0.00649620423825266	0.000926717382876822	0.00206559421550446	0.00720672595423067	0.00105383914061123	0.00818215424702313	0.00842031819796982	0.000762307848397898	0.0307636519202262	0.00374153664529703	0.090645488441673	0.105115412435485	0.0817582982281151	0.0200279946648983	0.00115742060346559	0.017354752134689	0.00562275410438066	0.00418735562722642	0.00990065823558127	0.00656593792472529	0.0124718109965506	0.0312610758155409	0.000483321152961782	0.00537519766227951	0.0202889187974152	0.00831242571973427	0.00834472298378109	0.00211707663388995	0.00562275410438066	0.00116469671662431	0.00171483794535895	0.00530616160408963	0.0108700819802344	0.0086983774710668	0.00659089531270119	0.00892365327674388	0.0101563801698908	0.000280421151878325	0.0103059881863415	3.70443474764458e-05	0.0126134014736208	0.0213014461868565	0.00889667388668953	0.0123982004115886	0.0212268033226522	0.00616792658095069	2.97945841541544e-06	0.00743041272443452
OM5_C_4F_2	0.0171299239124702	0.0146438912196166	0.0184182308427996	0.0310008749873001	0.00195358082002862	0.00655845774004454	0.0193680845875899	0.0170988121089129	0.0185486813770307	0.0241810746658849	0.00986957417877938	0	0.0153755430468476	0.0195033696865957	0.0221607537433796	0.0213584627205049	0.01636541426245	0.01079625730576	0.00780403514479553	0.00266291389971969	0.00881576684290156	0.0180512224429454	0.0014492977414816	0.0106318542781378	0.0208962766851377	0.00612811601422917	0.0808010956775763	0.0952803608426131	0.0719089103857488	0.0298955151736991	0.00871218809544729	0.0272227063509945	0.015492029933608	0.00568229999182662	0.0197695617743583	0.0164351424695476	0.0223404302809159	0.0411262337932436	0.00938626855691941	0.00449445919996539	0.0301563943322946	0.00155719275390425	0.00152489473959193	0.00775255372850486	0.015492029933608	0.00870491217034284	0.00815478410465887	0.0151754599924252	0.0207388836818501	0.0185673983372338	0.00327875282192927	0.00094594978763865	0.0200252574724949	0.00958916223253813	0.0201748499313075	0.00983253107721722	0.0224820037837429	0.0311687427466405	0.018765676085519	0.0222668284661034	0.0310941133181184	0.0160371619514472	0.00987255355684072	0.0172995465704973
OM5_C_4F_3	0.00175454133679986	0.00073170902375941	0.00304298707896208	0.0156279228430799	0.0134221020584871	0.00881739378766611	0.00399295454783743	0.00172342640068715	0.00317345265948261	0.00880666949253969	0.00550625883665205	0.0153755430468476	0	0.00412825663033428	0.00678601404927065	0.00598360232877729	0.000989957710211435	0.00457954957141292	0.00757182314531502	0.0127128096861816	0.00656008475659681	0.00267593732527624	0.0139263529359243	0.00474395790526988	0.0362677811775777	0.0092477293304039	0.0961350673113217	0.110599373186207	0.0872509162571861	0.0145222935476587	0.00666366469091635	0.0118488874499688	0.000116496521116287	0.009693536864424	0.00439448270779241	0.00105969240527315	0.00696571856347352	0.0257563638461776	0.00598957445322309	0.0108813446927379	0.0147832351212008	0.0138184650410057	0.0138507609377167	0.0076233046100144	0.000116496521116287	0.00667094069509397	0.00722107310288576	0.000200099264246989	0.00536393480176245	0.0031921717934557	0.0120970017568195	0.0144296660458581	0.00465021177010243	0.00578667688545286	0.00479982407306309	0.00554330279251105	0.00710731435396946	0.0157958326789102	0.00339047279998871	0.00689210524657064	0.0157211845068438	0.000661675555166564	0.00550327938924281	0.00192418125579607
OM5_C_4H_1	0.00237372127821528	0.00485996054597324	0.0010852742979054	0.0114999250501618	0.017550020852186	0.0129454866250978	0.000135302858802824	0.00240483618519184	0.00095480832579884	0.00467847213244408	0.00963443931213155	0.0195033696865957	0.00412825663033428	0	0.00265778335558012	0.00185536166148685	0.00313830338393954	0.00870774894915896	0.011699952634358	0.016840759240866	0.0106882407465499	0.00145232489039236	0.0180542489860966	0.0088721541091499	0.0403939405330572	0.0133758084725975	0.100249507315443	0.114709410869093	0.0913677529752597	0.0103942542741509	0.0107918181024773	0.00772076248752076	0.00401176078046491	0.0138216012599813	0.000266227759433234	0.00306856889717006	0.0028374903575943	0.0216289111115227	0.0101177440939359	0.0150093670208474	0.0106552053186422	0.017946366018448	0.0179786604436821	0.0117514326721945	0.00401176078046491	0.0107990939243786	0.0113492121112971	0.00432835465057344	0.00123568770104889	0.000936089131694955	0.0162249768513592	0.018557538669832	0.000521958629134069	0.00991485115614469	0.00067157207680039	0.00967148246123723	0.00297908817386304	0.0116678414950848	0.000737787425786038	0.00276387601033854	0.0115931903747134	0.0034665843706563	0.00963145992944469	0.0022040814689735
OM5_C_4H_2	0.00503149357312058	0.00751771007944132	0.00374305389061826	0.00884223609966512	0.0202074764920154	0.0156030832148621	0.00279308586455112	0.00506260826591924	0.00361258848627551	0.00202069754251458	0.012292113114927	0.0221607537433796	0.00678601404927065	0.00265778335558012	0	0.000802423073900469	0.00579606989613356	0.0113654407414797	0.0143575806409113	0.0194982391351132	0.0133458921675166	0.00411010271706998	0.0207116868199815	0.0115298428255224	0.0430501204829871	0.0160333935437027	0.102897775217659	0.117354758515915	0.0940176173493478	0.00773654556081474	0.0134494672130211	0.00506301539730407	0.00666951936353178	0.016479174038545	0.00239155618618798	0.00572633598160009	0.000179707474676685	0.018971509521627	0.0127754078859855	0.0176669052604489	0.0079975010641559	0.0206038077013768	0.0206361009766612	0.014409059436896	0.00666951936353178	0.0134567428718777	0.0140068484488578	0.00698611001139445	0.00142209728296508	0.00359386937097045	0.0188824770524742	0.0212149582644313	0.00213582575938976	0.0125725192031957	0.00198621251471797	0.012329155511981	0.000321305705681573	0.00901015574525214	0.0033955684606072	0.000106092926787253	0.00893550319546818	0.00612434806823214	0.0122891337926015	0.00486185490030529
OM5_C_4H_3	0.00422907645061289	0.00671530111946186	0.00294063389597002	0.00964463526070116	0.0194051628450666	0.0148007246259394	0.00199066434637997	0.00426019122423727	0.00281016825252184	0.00282311901883766	0.0114897294967611	0.0213584627205049	0.00598360232877729	0.00185536166148685	0.000802423073900469	0	0.00499365491639613	0.010563051211206	0.0135552119208075	0.0186959177978127	0.0125435158534563	0.00330768344617426	0.0199093788102045	0.0107274543092274	0.0422482037903367	0.0152310386555902	0.102098277574728	0.116556149632799	0.0932176332999178	0.00853895011478245	0.0126470916502385	0.00586543015026408	0.00586710723108984	0.0156768230929073	0.0015891341758328	0.00492392079289283	0.000982130499060951	0.0197738271769831	0.0119730275409519	0.0168645653584824	0.00879990440734342	0.019801498473608	0.0198337921128165	0.0136066911184236	0.00586710723108984	0.0126543673620981	0.0132044770315613	0.00618369901611298	0.000619674455678646	0.0027914491036828	0.0180801492650617	0.0204126560221445	0.00133340348252054	0.011770137468261	0.00118379009883792	0.0115267721400988	0.00112372867827281	0.00981255402710165	0.00259314785020056	0.000908515973407993	0.00973790187013838	0.0053219341086689	0.0114867501546699	0.00405943734666581
OM5_C_5A_1	0.000764584088543197	0.00172166630028287	0.00205303152084994	0.0146380440961007	0.0144119932629272	0.00980732175262144	0.0030030009689019	0.000733469125903584	0.00218349733632188	0.00781673551736219	0.00649620423825266	0.01636541426245	0.000989957710211435	0.00313830338393954	0.00579606989613356	0.00499365491639613	0	0.00556949850393226	0.00856175855311666	0.0137027075009415	0.00755002542573978	0.00168598116911113	0.0149162392311049	0.00573390625443264	0.0372572750857402	0.0102376544763229	0.0971218141827492	0.111585079217738	0.088238228642786	0.013532403659083	0.00765360485371063	0.0108589741241861	0.000873461223996017	0.0106834589558568	0.00340453015256516	6.9734721101415e-05	0.00597577520120557	0.0247666267373746	0.0069795177790946	0.0118712579799031	0.0137933477857075	0.0148083524012246	0.0148406479799529	0.0086132397312975	0.000873461223996017	0.00766088082204657	0.00821101041433302	0.00119005689271932	0.00437398517665552	0.0022022165050171	0.013086905030777	0.0154195472670284	0.00366025992478455	0.00677662110227029	0.00380987266404525	0.00653324804067479	0.00611737163056822	0.0148059556981785	0.00240051789364761	0.00590216155763962	0.0147313067384682	0.000328282229855022	0.00649322480313158	0.000934224164722199
OM5_C_5A_2	0.00633407321375044	0.00384784502904888	0.00762249971357598	0.0202069686243172	0.00884274115591173	0.00423790364128937	0.00857244960448743	0.00630295867687356	0.0077529630505191	0.013386031191249	0.000926717382876822	0.01079625730576	0.00457954957141292	0.00870774894915896	0.0113654407414797	0.010563051211206	0.00556949850393226	0	0.00299230961014125	0.00813342448939938	0.00198055585200269	0.00725545598076403	0.00934701027568289	0.000164409574859981	0.0316900561627927	0.00466824841030222	0.0915695303641981	0.106038529151412	0.0826828390216064	0.0191014006613184	0.00208413721032855	0.0164281266662229	0.00469604522184675	0.00511406612267074	0.0089739694690313	0.00563923246295378	0.0115451400041709	0.0303346648052232	0.00141003831659268	0.00630190415145607	0.0193623281132971	0.0092391184098417	0.00927141549135669	0.00304379194384727	0.00469604522184675	0.00209141331583461	0.00264155387102079	0.00437945170189415	0.00994339941367605	0.00777168185813928	0.00751759676283877	0.00985034239868519	0.00922969297988445	0.00120713842627029	0.00937930193826209	0.000963761720040329	0.0116867315841483	0.0203748688025678	0.00796997933871387	0.0114715288509548	0.0203002249351737	0.0052412196057059	0.000923737905035958	0.00650371090180192
OM5_C_5A_3	0.00932632142096831	0.00684012728864446	0.0106147252108993	0.0231987901362776	0.00585048524873734	0.00124559951269474	0.0115646561429578	0.0092952073897545	0.0107451860554832	0.0163781127336143	0.00206559421550446	0.00780403514479553	0.00757182314531502	0.011699952634358	0.0143575806409113	0.0135552119208075	0.00856175855311666	0.00299230961014125	0	0.00514115828779445	0.00101175583922985	0.0102476882998477	0.00635476232169946	0.00282790051835162	0.028698689762759	0.00167594692414517	0.0885856656118301	0.10305762216713	0.0796973818606282	0.0220932709333373	0.000908174365647327	0.0194201042621719	0.00768831731007103	0.00212176777935241	0.0119661674285976	0.00863149148252827	0.0145372750589573	0.0333259201799808	0.00158227361082635	0.00330961619580922	0.0223541871082609	0.00624686870987147	0.00627916631152437	5.1482497272405e-05	0.00768831731007103	0.00090089825103977	0.000350756701352505	0.00737172776173114	0.0129355752750001	0.0107639045025842	0.0045253224700596	0.00685810290908443	0.0122218853004791	0.00178517342220601	0.0123714908966092	0.00202854992082134	0.0146788627741771	0.0233666826853763	0.0109621981192418	0.0144636658984265	0.0232920422169916	0.00823348436592444	0.00206857368990352	0.00949595631661185
OM5_C_5B_1	0.0144672389360553	0.0119811393642934	0.0157555850265347	0.0283387735716552	0.000709334358744346	0.0038955674272912	0.0167054696131123	0.014436126224824	0.0158860396974599	0.0215186416863506	0.00720672595423067	0.00266291389971969	0.0127128096861816	0.016840759240866	0.0194982391351132	0.0186959177978127	0.0137027075009415	0.00813342448939938	0.00514115828779445	0	0.00615290302533374	0.0153885651576785	0.00121361778182794	0.00796901861236109	0.0235587361820112	0.00346522171875672	0.0834577467410718	0.0979345840646418	0.074566851792607	0.0272333541416635	0.00604932285601017	0.0245604105629083	0.0128292996089325	0.00301940193116343	0.0171069603386123	0.0137724376501244	0.019677922625368	0.0384647845872317	0.00672341292614797	0.00183155289934872	0.0274942471653487	0.0011057227351178	0.00113802076189013	0.00508967625856812	0.0128292996089325	0.00604204683178027	0.00549191155401078	0.0125127214756506	0.0180763161655247	0.0159047572537869	0.000615840786059795	0.00171696561121271	0.0173626648151332	0.00692630965835256	0.0175122624658635	0.00716968226972829	0.0198195016486801	0.0285066505838265	0.0161030413568791	0.0196043179552357	0.0284320170352633	0.0133744461683293	0.00720970537928324	0.0146368665742833
OM5_C_5B_2	0.00831459282918402	0.00582838545429498	0.00960300519355336	0.022187215455946	0.0068622269987601	0.0022573543648568	0.0105529431963499	0.00828347860537048	0.00973346697155096	0.0153664453958516	0.00105383914061123	0.00881576684290156	0.00656008475659681	0.0106882407465499	0.0133458921675166	0.0125435158534563	0.00755002542573978	0.00198055585200269	0.00101175583922985	0.00615290302533374	0	0.00923596572075625	0.0073665017332435	0.00181614648255401	0.029710146616464	0.00268770118219164	0.089594626918366	0.104065593017991	0.0807068756186019	0.0210816789990367	0.000103581506362551	0.0184084741836863	0.00667657950470694	0.00313352128484141	0.0109544576617922	0.00761975875176055	0.0135255883485062	0.0323145439406987	0.000570518088621176	0.00432136701512721	0.0213425991680472	0.00725860863675263	0.00729090608498058	0.00106323831653061	0.00667657950470694	0.000110857623380895	0.000660999219308583	0.00635998839332608	0.0119238736538858	0.00975218555356916	0.00553706951511659	0.00786983980865277	0.0112101776180833	0.000773418067633212	0.0113597844550469	0.00101679480578113	0.0136671774688715	0.02235511070111	0.00995048061453874	0.0134519784630583	0.0222804690316679	0.00722174941738378	0.00105681861819118	0.00848422878693894
OM5_C_5B_3	0.000921397493975927	0.00340764402787436	0.000367050794027904	0.0129521744350933	0.0160978385492975	0.0114932368689674	0.00131702212148977	0.000952512453248685	0.000497516804954071	0.00613078250065411	0.00818215424702313	0.0180512224429454	0.00267593732527624	0.00145232489039236	0.00411010271706998	0.00330768344617426	0.00168598116911113	0.00725545598076403	0.0102476882998477	0.0153885651576785	0.00923596572075625	0	0.0166020753657893	0.00741986247969768	0.0389424079979888	0.01192356411632	0.0988021767797626	0.113263647624855	0.0899195677471475	0.0118465167572232	0.00933954412385286	0.00917305150096677	0.00255944108155248	0.0123693626943256	0.0017185524181859	0.00161624651471518	0.00428980908698675	0.0230809824260783	0.00866546349420365	0.0135571448603834	0.012107464822624	0.0164941905189408	0.0165264855054862	0.0102991689092876	0.00255944108155248	0.00934682001970835	0.00989694395353725	0.00287603605392764	0.00268801091065558	0.000516236003104837	0.0147727729509279	0.0171053739709632	0.0019742829981112	0.0084625686531558	0.00212389624551819	0.0082191977300446	0.00443140638214742	0.0131200887819094	0.000714537731324626	0.00421619500264449	0.0130454385978513	0.00201426301100082	0.00817917483753271	0.000751757416535055
OM5_C_5D_1	0.0156807612033255	0.0131946905972351	0.0169690902311385	0.0295520383187046	0.000504283573548924	0.00510917683435138	0.0179189613399475	0.0156496488868046	0.0170995430962063	0.0227320533981868	0.00842031819796982	0.0014492977414816	0.0139263529359243	0.0180542489860966	0.0207116868199815	0.0199093788102045	0.0149162392311049	0.00934701027568289	0.00635476232169946	0.00121361778182794	0.0073665017332435	0.0166020753657893	0	0.00918260559706204	0.0223453398464774	0.00467883267857499	0.0822470335924971	0.0967249858938102	0.0733555453053398	0.0284466453874523	0.00726292214882086	0.0257737615994354	0.0140428415459794	0.00423301433514564	0.0183204461396049	0.0149859685376566	0.020891367250883	0.0396777582299259	0.00793700825069335	0.00304516833453759	0.0287075322506062	0.000107895097049644	7.55970571256395e-05	0.00630328054044531	0.0140428415459794	0.00725564616530881	0.00670551383910036	0.013726266953396	0.0192897870978323	0.0171182603922428	0.00182945809388501	0.000503348192881577	0.0185761467710451	0.00813990371352398	0.0187257421466322	0.00838327475656427	0.0210329438443857	0.0297199112158493	0.017316541719871	0.0208177638372723	0.0296452794996706	0.0145879818101419	0.00842329760343338	0.0158503866751277
OM5_C_5D_2	0.00649848043697902	0.00401225372205228	0.00778690589691348	0.0203713546399731	0.00867833595894921	0.00407349505172766	0.00873685489941429	0.00646736592285585	0.00791736911797074	0.0135504303947753	0.000762307848397898	0.0106318542781378	0.00474395790526988	0.0088721541091499	0.0115298428255224	0.0107274543092274	0.00573390625443264	0.000164409574859981	0.00282790051835162	0.00796901861236109	0.00181614648255401	0.00741986247969768	0.00918260559706204	0	0.0315257035194831	0.00450384003540036	0.0914055993785564	0.105874762908441	0.0825188191577433	0.0192657891779659	0.00191972786401454	0.0165925206489204	0.00486045349287457	0.004949657992376	0.00913837435736849	0.00580364016814562	0.0117095418510199	0.0304990213442798	0.00124562884212715	0.00613749678361687	0.0195267160523709	0.00907471361788074	0.00910701073318914	0.00287938286934273	0.00486045349287457	0.00192700397111305	0.00247714466975428	0.00454386014003481	0.0101078032442476	0.00793608790879806	0.00735319034185969	0.00968593826634589	0.00939409759965896	0.00104272892334781	0.00954370639743609	0.000799352189203397	0.0118511332414829	0.0205392544260858	0.00813438520907168	0.0116359307954148	0.0204646107334265	0.00540562756208613	0.000759328370304961	0.00666811799896763
OM5_C_5E_1	0.0380214836087887	0.0355363991060402	0.0393092639272048	0.0518854979562324	0.0228495341728846	0.0274534303758917	0.0402587139934627	0.0379903842250049	0.0394396597963234	0.0450694573787387	0.0307636519202262	0.0208962766851377	0.0362677811775777	0.0403939405330572	0.0430501204829871	0.0422482037903367	0.0372572750857402	0.0316900561627927	0.028698689762759	0.0235587361820112	0.029710146616464	0.0389424079979888	0.0223453398464774	0.0315257035194831	0	0.0270231933036168	0.0599402840345598	0.0744362082662535	0.0510394556568864	0.0507807934647748	0.0296065966878838	0.0481094957679685	0.0363842244004746	0.0265774828707316	0.0406600166220215	0.0373269761792372	0.0432297119072218	0.0620040248130228	0.0302804868149272	0.025389909368812	0.0510415195624116	0.0224532161793063	0.0224209237743516	0.0286472219355603	0.0363842244004746	0.0295993227813327	0.0290493451173347	0.0360677726632063	0.0416289074404243	0.0394583688929681	0.0241744554031666	0.0218420768095684	0.0409155999275197	0.030483321913017	0.0410651261922828	0.0307266197082747	0.0433712180161637	0.0520532646378347	0.0396565630268193	0.043156145014469	0.0519786801963814	0.0369291494678923	0.0307666304215759	0.0381910383069523
OM5_C_5E_2	0.0110022086365897	0.00851604032456745	0.0122905962105745	0.0248744007497737	0.00417455251993665	0.000430347723010598	0.0132405139463864	0.0109710949730559	0.0124210553051937	0.0180538874714943	0.00374153664529703	0.00612811601422917	0.0092477293304039	0.0133758084725975	0.0160333935437027	0.0152310386555902	0.0102376544763229	0.00466824841030222	0.00167594692414517	0.00346522171875672	0.00268770118219164	0.01192356411632	0.00467883267857499	0.00450384003540036	0.0270231933036168	0	0.0869142109773081	0.101387786547167	0.0780250586694966	0.0237689118511538	0.00258411992505988	0.0210958125340901	0.0093642223468696	0.000445821405261687	0.0136420193376843	0.0103073866397888	0.0162130847609037	0.0350011863141997	0.00325821753705275	0.00163367241476936	0.0240298210031608	0.00457093838170556	0.00460323618697737	0.00162446447623476	0.0093642223468696	0.00257684382542321	0.00202670321218354	0.00904763588228772	0.0146114121770473	0.0124397734995956	0.00284938304103875	0.00518217664048044	0.0138977333574292	0.00346111675329845	0.0140473366645004	0.0037044924748986	0.0163546699274885	0.0250422885711851	0.0126380644140401	0.0161394769161119	0.02496765020869	0.00990938381868256	0.00374451610957949	0.0111718415078832
OM5_C_5F_1	0.0978838737371164	0.095405689998602	0.0991679788328765	0.111704761880653	0.0827501203193334	0.0873434211441774	0.100114675873414	0.0978528622709665	0.0992979987866687	0.104910904319589	0.090645488441673	0.0808010956775763	0.0961350673113217	0.100249507315443	0.102897775217659	0.102098277574728	0.0971218141827492	0.0915695303641981	0.0885856656118301	0.0834577467410718	0.089594626918366	0.0988021767797626	0.0822470335924971	0.0914055993785564	0.0599402840345598	0.0869142109773081	0	0.0145193890295673	0.00891060252204401	0.110603781489064	0.089491334399205	0.107941283144442	0.09625118934041	0.0864695563925473	0.100514803817784	0.0971913202640328	0.1030768212909	0.121786858105533	0.0901635414779682	0.0852847564446895	0.110863633138584	0.0823546738218472	0.0823224521436688	0.0885343236512276	0.09625118934041	0.0894840785579941	0.0889354605406968	0.0959356092022168	0.101480831417715	0.0993166538903216	0.0840720813472054	0.0817448657183255	0.10076963555792	0.0903658663567906	0.100918720890805	0.0906085499320313	0.103217896771991	0.111871958640495	0.0995142751736463	0.103003477952099	0.111797627712455	0.0967946039406057	0.0906484594041053	0.0980529484111724
OM5_C_5F_2	0.112346328480198	0.109870759168985	0.11362905547192	0.126151545978629	0.097227611050743	0.101816583563248	0.114574726290525	0.112315350098109	0.113758934997783	0.119365622345992	0.105115412435485	0.0952803608426131	0.110599373186207	0.114709410869093	0.117354758515915	0.116556149632799	0.111585079217738	0.106038529151412	0.10305762216713	0.0979345840646418	0.104065593017991	0.113263647624855	0.0967249858938102	0.105874762908441	0.0744362082662535	0.101387786547167	0.0145193890295673	0	0.0234288641145774	0.125051881596902	0.103962402351496	0.122392517363056	0.1107153732174	0.100943558089104	0.114974417886788	0.111654511626936	0.117533604705594	0.136221046715223	0.104633944735231	0.0997598841760922	0.125311423699294	0.0968325275734629	0.0968003354076009	0.103006330342193	0.1107153732174	0.103955153661086	0.103407074837475	0.110400124322895	0.115939385626445	0.113777569939581	0.0985483474478589	0.096223276284107	0.115228970919712	0.104836068690549	0.115377892907888	0.105078510738524	0.117674522474352	0.126318541863124	0.113974977433071	0.117460343283366	0.126244300271885	0.111258215169022	0.1051183804365	0.112515222615939
OM5_C_5F_3	0.0890007289481879	0.0865211246958293	0.0902855846284231	0.10283021613561	0.0738588775059869	0.0784544902636773	0.0912328413793693	0.0889696994778312	0.0904156811340696	0.096031988225046	0.0817582982281151	0.0719089103857488	0.0872509162571861	0.0913677529752597	0.0940176173493478	0.0932176332999178	0.088238228642786	0.0826828390216064	0.0796973818606282	0.074566851792607	0.0807068756186019	0.0899195677471475	0.0733555453053398	0.0825188191577433	0.0510394556568864	0.0780250586694966	0.00891060252204401	0.0234288641145774	0	0.101728508691296	0.0806035283077164	0.0990642821939877	0.087367104532894	0.0775801758618773	0.0916332075085949	0.0883077747794463	0.094196772878712	0.11291930870859	0.0812760931124776	0.0763947736304242	0.101988531282603	0.0734632379275139	0.0734310005584054	0.0796460129698175	0.087367104532894	0.0805962686200478	0.0800473606891154	0.0870513445482591	0.0925998141228191	0.0904343472296239	0.0751814908553786	0.0728531339315459	0.0918881914443743	0.0814785261949361	0.0920373659978778	0.0817213398830662	0.0943379347390317	0.102997523943351	0.0906320850831999	0.0941233846796884	0.102923143625852	0.0879108302243136	0.0817612707862657	0.0891699018829809
OM5_C_5G_1	0.0127678656376035	0.0152539460813264	0.0114794833788963	0.00110571701874142	0.027942501019734	0.0233386471203792	0.0105295519642681	0.0127989788331184	0.0113490232906751	0.00571587925473234	0.0200279946648983	0.0298955151736991	0.0145222935476587	0.0103942542741509	0.00773654556081474	0.00853895011478245	0.013532403659083	0.0191014006613184	0.0220932709333373	0.0272333541416635	0.0210816789990367	0.0118465167572232	0.0284466453874523	0.0192657891779659	0.0507807934647748	0.0237689118511538	0.110603781489064	0.125051881596902	0.101728508691296	0	0.0211852444132321	0.0026735667949353	0.0144058055213675	0.0242146440622895	0.0101280362984671	0.0134626733682711	0.00755684175745212	0.011235542642239	0.020511246734789	0.025402241440866	0.000260961154547666	0.0283387804958667	0.0283710695188666	0.0221447446702762	0.0144058055213675	0.0211925193933773	0.0217425728310125	0.0147223779008684	0.00915860764431867	0.0113303049306016	0.0266176684295318	0.0289498496379652	0.00987231434307886	0.0203083761307083	0.00972270589103996	0.020065033833453	0.00741524629653529	0.00127364126624518	0.0111320119049	0.00763045482273203	0.00119898665166715	0.0138606644206766	0.0200250156019296	0.0125982350363369
OM5_C_5G_2	0.00841817181777583	0.00593196571749833	0.00970658334635999	0.0222907791397221	0.00675864715844356	0.00215377303286341	0.010656520656259	0.00838705761266843	0.00983704503304707	0.0154700183434251	0.00115742060346559	0.00871218809544729	0.00666366469091635	0.0107918181024773	0.0134494672130211	0.0126470916502385	0.00765360485371063	0.00208413721032855	0.000908174365647327	0.00604932285601017	0.000103581506362551	0.00933954412385286	0.00726292214882086	0.00191972786401454	0.0296065966878838	0.00258411992505988	0.089491334399205	0.103962402351496	0.0806035283077164	0.0211852444132321	0	0.0185120434159013	0.00678015938309776	0.00302994011933712	0.0110580348092671	0.00772333814141254	0.0136291632193825	0.0324180876379057	0.000674099581460177	0.00421778616336546	0.0214461641818313	0.00715502899602468	0.00718732646102085	0.000959656846445331	0.00678015938309776	7.27611367114627e-06	0.000557417725770454	0.00646356842140996	0.0120274499990389	0.00985576360186618	0.00543348908946942	0.00776626049780234	0.0113137545604965	0.000876999550112174	0.0114633612753051	0.00112037627160455	0.0137707522005074	0.0224586741143408	0.0100540585214499	0.0135555534057484	0.0223840325654231	0.00732532902109452	0.00116040008091536	0.00858780767233948
