	OM5_B_B_2	OM5_B_B_3	OM5_C_4A_1	OM5_C_4A_2	OM5_C_4A_3	OM5_C_4D_1	OM5_C_4D_2	OM5_C_4D_3	OM5_C_4E_1	OM5_C_4E_2	OM5_C_4E_3	OM5_C_4F_1	OM5_C_4F_2	OM5_C_4F_3	OM5_C_4H_1	OM5_C_4H_2	OM5_C_4H_3	OM5_C_5A_1	OM5_C_5A_2	OM5_C_5A_3	OM5_C_5B_1	OM5_C_5B_2	OM5_C_5B_3	OM5_C_5D_1	OM5_C_5D_2	OM5_C_5D_3	OM5_C_5E_1	OM5_C_5E_2	OM5_C_5E_3	OM5_C_5F_1	OM5_C_5F_2	OM5_C_5F_3	OM5_C_5G_1	OM5_C_5G_2	OM5_C_5G_3	OM5_C_5H_1	OM5_C_5H_2	OM5_C_5H_3	OM5_C_6A_1	OM5_C_6A_2	OM5_C_6A_3	OM5_C_6B_1	OM5_C_6B_2	OM5_C_6B_3	OM5_C_6D_1	OM5_C_6D_2	OM5_C_6D_3	OM5_C_6F_1	OM5_C_6F_2	OM5_C_6F_3	OM5_H_2H_2	OM5_H_2H_3	OM5_H_6A_1	OM5_H_6A_2	OM5_H_6A_3	OM5_H_6B_1	OM5_H_6B_2	OM5_H_6B_3	OM5_H_6C_2	OM5_H_6C_3	OM5_H_6F_1	OM5_H_6F_2	OM5_H_6F_3	OM5_H_6G_1	OM5_H_6G_2	OM5_H_6G_3	OM5_H_6H_1	OM5_H_6H_2	OM5_H_6H_3
OM5_B_B_2	0	0.0518113405708046	0.010698087926186	0.0164145910290413	0.0237785990765749	0.0136995351375374	0.019418080266726	0.00843661273142388	0.0162065218696786	0.0104254611661888	0.0141711918708866	0.0955329117591656	0.0887092746072834	0.0962174966152724	0.0179751087007293	0.019278206739432	0.018342310578632	0.0260387391853496	0.0301013891641595	0.0150090845362271	0.0223661148166939	0.0272030805543083	0.0131225086944004	0.0143853151781584	0.0118221403316498	0.0142582821479786	0.0568732037764304	0.0517718910975257	0.0425386926935959	0.0213807589279465	0.00466892109241466	0.0131233628805581	0.0214110054980648	0.0212370980496096	0.0168744043127305	0.0149636767725343	0.0220892289847071	0.0186266472256356	0.0198968601263117	0.0201879360446565	0.0190648110782391	0.0228155681496662	0.019100529794233	0.0211701221202239	0.0177215603807624	0.0235214749850209	0.0222894001767531	0.0224798517784824	0.0404909422595011	0.038816362116522	0.0177703478990647	0.0137687281411809	0.0107401465306084	0.0129006890797258	0.0162174424621737	0.0161838883945831	0.0285561817050631	0.0199290539441633	0.0238705423083662	0.0248461973622941	0.0173800696591939	0.00432369936331054	0.00935297646878713	0.0223429493012522	0.0162907898092538	0.0211428108660846	0.0241167099446523	0.00910398852666051	0.018306126163898
OM5_B_B_3	0.0518113405708046	0	0.0503640905675114	0.0576587147284136	0.0644690089539144	0.0582630438162721	0.0693306809875645	0.0456412657595509	0.0644814327388149	0.0584338617376406	0.0560384162345829	0.146622738199475	0.139257479530901	0.14698955584022	0.0583077659253026	0.0674277099729176	0.0638327972701808	0.0717111624123592	0.0807812360947102	0.0502891860515079	0.0740331323191252	0.0741855002330493	0.0556398340612605	0.0572264916533153	0.0565974387645006	0.0400168021268767	0.108386046186754	0.10329579920408	0.0931623655393884	0.0624997195442325	0.0478410346547789	0.0577145570023034	0.0601102334950643	0.0679899214466471	0.0538955203403852	0.0572886049214945	0.0705369075418459	0.0667073830227367	0.0544384374284372	0.0611348541403966	0.0614128405459558	0.0701060826983709	0.0608280455223331	0.0606212867008942	0.0631300777670687	0.066576055952745	0.0650596485082983	0.0574822165466033	0.0136630127369505	0.0278065825414083	0.0657932013116588	0.0606438801488469	0.0437100879075145	0.0406744113624609	0.0626822711996404	0.0549297915436049	0.0786525527995901	0.0670698386998913	0.0677001561864932	0.0611545421984935	0.0627534279780238	0.0504139606299252	0.0586897012652689	0.0720037704154039	0.0591496139188278	0.0645962362580974	0.0718498872538347	0.0604640788421067	0.0646608090048996
OM5_C_4A_1	0.010698087926186	0.0503640905675114	0	0.0083371594922836	0.0167380871104663	0.00801769578255863	0.0194977402502047	0.00742844460396574	0.014290916419213	0.00912101357610246	0.00643937780104612	0.0998953368032831	0.09388524075677	0.101080438730151	0.00959632928331743	0.0173401688187751	0.0138226652810109	0.0221065735484879	0.0369540878203358	0.00504154251045189	0.0264760468617156	0.024024004080871	0.00549492062101304	0.00728927586405919	0.00628680446111712	0.0107797490584228	0.0610822322286416	0.0555632936304631	0.0489012334207757	0.0141186499376972	0.00825622179187766	0.00737685117202944	0.0128480956301602	0.0178475977111294	0.00702702182734078	0.0076206501018201	0.0205938022489664	0.0164401735899408	0.00959106226702129	0.0125506852353201	0.0125078664619432	0.0198468159980912	0.0116855175820725	0.0131182691633418	0.0129185527678723	0.0177648686012519	0.0159134464193289	0.0126036630026514	0.0375855435287883	0.0322854682587559	0.0155879677765744	0.01046283374844	0.00723543378655133	0.0108401184727902	0.0127599814886562	0.0067842546105309	0.028640544117185	0.01676599228507	0.0188783313674003	0.015996205299019	0.0125631007206991	0.00743870347657343	0.00981690308560468	0.0219943918101243	0.00961156603684119	0.0155974254314091	0.0217773106704007	0.0134016090827558	0.0150070742636145
OM5_C_4A_2	0.0164145910290413	0.0576587147284136	0.0083371594922836	0	0.00892773838570552	0.00366333078581894	0.0148307435789441	0.01527882524545	0.00953633772238193	0.00832073763255626	0.00291349858777666	0.0955045249249418	0.090217191001831	0.0970773127751913	0.00221272597530711	0.0116211261795404	0.00699374685722373	0.0146225928876471	0.0357455450639496	0.00784563895740516	0.0239146313745212	0.0167615090000011	0.00335274633220709	0.00315068820468438	0.00478026170605046	0.018593890744652	0.0569726115982962	0.0513258510260441	0.0468171827548687	0.00609096669256729	0.0157370748514635	0.00389812474715948	0.00525547152948286	0.010984888729096	0.00461720362020022	0.00213839420738266	0.0146613051479479	0.0107204348021773	0.00608785536567057	0.00433869640701092	0.00515510541966434	0.0131156950235075	0.00341549551423977	0.00561158040131362	0.00607569873736129	0.00996689662040729	0.0080783271148514	0.00691687396507683	0.0445048794535549	0.0370412060616504	0.010085350288991	0.00637803393513209	0.015511527627246	0.0188074425487473	0.00737434214284024	0.00312081534533768	0.0228859555958896	0.0103323275726397	0.0114732709905227	0.00910564368635761	0.00578756975002069	0.0137320702019869	0.00978054969489442	0.0166020850212864	0.00290491979381955	0.00821881368405556	0.0151216718433339	0.0140312793130271	0.00912696404527686
OM5_C_4A_3	0.0237785990765749	0.0644690089539144	0.0167380871104663	0.00892773838570552	0	0.0104439808404565	0.0150550188179323	0.022822160373536	0.0122498472663015	0.0138621709574234	0.0104420132842515	0.0926678385211928	0.0884113832075359	0.0947206692453436	0.00900424422509628	0.0109050931808075	0.00713317411669315	0.00885907755857974	0.0369230349067764	0.0145920563521904	0.0253395426497384	0.0132365089020551	0.0117776720748315	0.0115745115918139	0.0124291649047705	0.0260521831501051	0.0549280753941582	0.0495380262989829	0.0470437280366707	0.00289404044862566	0.0237900435417876	0.0114415394450629	0.00511585960831828	0.00876182440620223	0.010963919539025	0.00938569672190298	0.012250015000279	0.0111669624012825	0.0111591497885903	0.00479173196356986	0.00471620098176127	0.011776329814274	0.00675151136593276	0.00401321813156846	0.00835217687275887	0.0032325424788017	0.00799297001007493	0.00935198235676207	0.0511351588822054	0.0418140605981532	0.0108367825116289	0.0109545989925726	0.0236199128109815	0.0262503473302323	0.008990329845238	0.0103789563342401	0.0202637156800158	0.0105037237536749	0.00492034129391282	0.00522696710815415	0.00805616932263229	0.0210464086446654	0.0156281780893749	0.0153519471051701	0.00764616582700334	0.00383638952350533	0.0115760857584393	0.0194114878297068	0.00823357008176986
OM5_C_4D_1	0.0136995351375374	0.0582630438162721	0.00801769578255863	0.00366333078581894	0.0104439808404565	0	0.0122694941387672	0.0141235617390486	0.00704215788836467	0.00471245802429467	0.00299887224744906	0.0931775585813975	0.0876729969346824	0.0946220752696206	0.00542619553481678	0.00953801031225562	0.00585837676661572	0.0142086130202832	0.0323519190355646	0.0090714777848341	0.020862543387308	0.0161824346417383	0.00281375905832416	0.00324573895375502	0.00209979675072186	0.0185144831638515	0.0544921808154574	0.0489472330139599	0.0436889609466864	0.00782858658992241	0.0139082080203749	0.00128710926937657	0.00823010353518603	0.00983132492491509	0.00706733731408635	0.00240131789522641	0.0127823268713477	0.00868758344889918	0.00948379643680868	0.00658447023716636	0.00586210839551512	0.0121128384516457	0.00556772624858132	0.00799059159920129	0.00509622258082405	0.0104914679214082	0.00930663303642937	0.0105704640092634	0.0453884646626264	0.0389111378408535	0.00783947548554014	0.00308746784079319	0.0150661918336953	0.0183533258033448	0.00504854285486113	0.00556765360046088	0.0210163101656868	0.00901436072307813	0.0114697512495541	0.0119597729079078	0.00462146963784277	0.0114748267783974	0.00619259237859702	0.0144379323320163	0.00299473213443779	0.00832414195455376	0.0137939518119556	0.0104877003532545	0.00733999698363142
OM5_C_4D_2	0.019418080266726	0.0693306809875645	0.0194977402502047	0.0148307435789441	0.0150550188179323	0.0122694941387672	0	0.0239307750310595	0.00571561340213885	0.0110229480713672	0.0150937490492471	0.0809638874482029	0.0756033210839959	0.0824561494161576	0.0155210215233905	0.00421626947142642	0.00880993791300384	0.0101271162098107	0.0223720012643908	0.021203903239573	0.0102893010509618	0.0095036117198724	0.0149959904095269	0.0141508220139391	0.0133639713278364	0.0294786050959882	0.0422855259231369	0.0368095102629091	0.0324966538364721	0.0141758278639019	0.022204777240563	0.0126821105890743	0.0167752492065739	0.00655491998677476	0.018986343397416	0.0141836723245957	0.0045621952661347	0.00441775095190564	0.0208019995658717	0.0143614408870423	0.0129336719915491	0.00659523388138182	0.013644100130727	0.0160240160939242	0.0091770230830561	0.0122981513679564	0.0126699811391011	0.0204456890373702	0.056886328880087	0.0510922688585621	0.004858943437318	0.00930179803550817	0.025710985428357	0.0288456212878139	0.00839077482723343	0.0175098742978814	0.00939542915672182	0.00614430272869091	0.011679744100082	0.0196050163979	0.00928919324575275	0.0194803927863793	0.0107782065396705	0.0029408194561501	0.0129999675191924	0.011534171971283	0.00640066136860484	0.0107048211206013	0.00794582026456852
OM5_C_4D_3	0.00843661273142388	0.0456412657595509	0.00742844460396574	0.01527882524545	0.022822160373536	0.0141235617390486	0.0239307750310595	0	0.019598975223765	0.0129995677027358	0.0127743231554054	0.102709880728939	0.0963050544676867	0.103628821223059	0.0168402632276971	0.0223255605799863	0.0196260470499487	0.0277500605452924	0.0377810760439032	0.0099525206862244	0.0293058529753694	0.0300671167530101	0.0122204626633202	0.0143172547949255	0.0122609273565382	0.00627313631632064	0.0639682104236676	0.058805689061002	0.0503254033699888	0.0205036734857096	0.00466219419352333	0.0136943614754265	0.0194879045205848	0.0234889675637745	0.0133548141615865	0.0140117317845863	0.0253654416122453	0.0217800733538866	0.0162050665415616	0.0192198322970375	0.0184806393929649	0.0258125253256886	0.0186382396852073	0.0194246662888029	0.0191746541210758	0.0236943028295067	0.0229475336826984	0.0194586370952071	0.0335745911836814	0.0306093082532769	0.0207751686711753	0.0157567919855711	0.0038825096805856	0.00507395785474799	0.0178968889268695	0.0134759978375415	0.0332971959809508	0.0226761169277959	0.0243971191168879	0.0221876735360123	0.0186899865479591	0.005129459447578	0.0132784741651653	0.0266544779888958	0.015766722296305	0.0213085232114802	0.0270116697586823	0.0155188632874534	0.0199752901167324
OM5_C_4E_1	0.0162065218696786	0.0644814327388149	0.014290916419213	0.00953633772238193	0.0122498472663015	0.00704215788836467	0.00571561340213885	0.019598975223765	0	0.00703377874949399	0.00999679443203526	0.0863425874895446	0.080820995459752	0.0877826859323509	0.0101707032033332	0.00455048989533256	0.00524914650271606	0.0109809692834647	0.0268335532712983	0.0161066698415845	0.0145198352288902	0.0110185110063028	0.00962980343019838	0.00849385364967871	0.00812993526828306	0.0247086787298521	0.0476507400152881	0.0420030455044739	0.0374243481866076	0.0104434765014292	0.0180918231165682	0.00724172655399295	0.0123911670723527	0.00585739768479196	0.0138441318965731	0.00909571837909892	0.00764174490868563	0.00281083908592126	0.0155490619329229	0.00998751402757855	0.00907465771311356	0.00661976921703444	0.00877067190908966	0.0119674414876953	0.00441072871500808	0.0103983577445679	0.00881264501953555	0.0155018579551681	0.0518429240393784	0.045879273263601	0.00263009322958545	0.00444271456109275	0.0208657035445108	0.0242948889178891	0.00488382876016932	0.0123000408689011	0.0144564453047527	0.00382753631752869	0.0107072851434135	0.0158283751344234	0.00462006591336665	0.0156569564330176	0.00702991158322526	0.00797675446816807	0.00826280074270217	0.00903073612133705	0.00886028450279847	0.008801276693365	0.0060529615118497
OM5_C_4E_2	0.0104254611661888	0.0584338617376406	0.00912101357610246	0.00832073763255626	0.0138621709574234	0.00471245802429467	0.0110229480713672	0.0129995677027358	0.00703377874949399	0	0.0066060259987535	0.091191142873778	0.085385358620062	0.0924465302425507	0.010110328797007	0.00945173033320675	0.00799435609093345	0.0157203397816711	0.028681857692675	0.0114366560971759	0.0181558566172558	0.017574096326351	0.00622133840619854	0.00718190462010111	0.00419732166282398	0.0185067884448473	0.0523935965414951	0.0470654201881993	0.0405280329635603	0.0116827438212416	0.0119923938009518	0.00488607936636343	0.0126267196318036	0.0110613336996891	0.010765703810425	0.00661907669081503	0.0125116985147991	0.00897992500212872	0.0137582227575605	0.0108653740788984	0.00927091776039603	0.0133679703865546	0.0100371636954636	0.0120470529378885	0.00784323248933918	0.0131912414031611	0.0130136446004623	0.0151926832502599	0.046004229426247	0.0407938458900098	0.00793786725337192	0.00361804563426388	0.0149116868259497	0.0178595743766399	0.00579442891218223	0.0095033766841695	0.0203483106059856	0.0103248440263699	0.0134966944414942	0.0160851002828116	0.00733763934096056	0.00898812813651517	0.00217912561830698	0.0136753350830096	0.00698612552743122	0.0108624218393204	0.0142648468118348	0.00649288650085489	0.00796023756105574
OM5_C_4E_3	0.0141711918708866	0.0560384162345829	0.00643937780104612	0.00291349858777666	0.0104420132842515	0.00299887224744906	0.0150937490492471	0.0127743231554054	0.00999679443203526	0.0066060259987535	0	0.0959914660575505	0.0905636179379775	0.0974720219481299	0.00504749950813283	0.0120586767438635	0.00784838110648263	0.0158849986862517	0.0349879703859908	0.00622312483034911	0.0237648134657286	0.0184409652453527	0.0018583961855789	0.00397161968573087	0.00326710826917954	0.016510593808782	0.0573464061397526	0.0518462392118811	0.0464980813272362	0.0078613218415163	0.0134811981097717	0.00338398824835568	0.00728758534476825	0.0120520980414342	0.00424754419456901	0.00129840302558189	0.015161650598224	0.0114152737619647	0.00722447971533015	0.00650267556787759	0.00607224765831831	0.0146149542638907	0.00604702187019764	0.00716410970777256	0.00741999788856026	0.0113382252891818	0.0106562129498209	0.00897719091859948	0.0430279808045707	0.0360909983704161	0.0105387653774171	0.00591803340941265	0.0134826168158762	0.0165356983409925	0.0072505198046358	0.00291935399419769	0.023688857391985	0.0116128124504803	0.0124747316266206	0.0107181562144006	0.00689704031146828	0.0111668893497462	0.00829298717226397	0.0171543822078285	0.00321793422088512	0.00917917064549525	0.0160422150759036	0.0127361784022112	0.0092181547853462
OM5_C_4F_1	0.0955329117591656	0.146622738199475	0.0998953368032831	0.0955045249249418	0.0926678385211928	0.0931775585813975	0.0809638874482029	0.102709880728939	0.0863425874895446	0.091191142873778	0.0959914660575505	0	0.0120458367174063	0.00579066564494286	0.0957464170967672	0.0842395865233814	0.0890084774060725	0.0838802505019342	0.0665108500267153	0.10203747076721	0.0738309471144367	0.0807109319118807	0.0958493385748648	0.0947242900137188	0.094115601373697	0.108829249930416	0.038954884320524	0.0446957584206629	0.0541853108662189	0.0932250005973968	0.0998203834357639	0.0934921662788977	0.0961844038044106	0.0851619246967923	0.0997665623066445	0.0950532863522325	0.0815736425387304	0.0848419376683368	0.101149077518503	0.0940101308131509	0.0928053575504741	0.0831006786181352	0.0935566449957239	0.0953876875015632	0.0895072030940757	0.0894853122379959	0.0904648802305808	0.0999049489646189	0.13572065782297	0.131675414212321	0.0855853846660183	0.0902023901193146	0.104981230045381	0.107727442455686	0.0890307680934571	0.0983170684201903	0.0729295828944813	0.0853957334782654	0.0881063387097859	0.097752581053534	0.0897872159463844	0.0976344819814211	0.0903184573764471	0.0790388614234799	0.0936924680028874	0.090188410655726	0.0814355996983597	0.0875224012641287	0.0877323744936086
OM5_C_4F_2	0.0887092746072834	0.139257479530901	0.09388524075677	0.090217191001831	0.0884113832075359	0.0876729969346824	0.0756033210839959	0.0963050544676867	0.080820995459752	0.085385358620062	0.0905636179379775	0.0120458367174063	0	0.00888139884754002	0.0905065272653354	0.0792053173494611	0.0840265903346406	0.0797981858834086	0.0594641899332729	0.0964994472744498	0.0675182080671305	0.0763255300076114	0.090234620417191	0.0891008604041198	0.0883937472994179	0.102423587900994	0.0336264476364574	0.0391476229932058	0.0466724214949017	0.0886225107026238	0.0930800940915854	0.0878623664197377	0.0914894262371034	0.0803955557292668	0.0944986709521322	0.0897099270035083	0.0768256947912982	0.0796385803237957	0.0960235228439993	0.0892036816923163	0.0880018582039467	0.0781980215828531	0.0885301487605324	0.0907555592685153	0.0843261217010262	0.0852035238803043	0.0856078231368299	0.0950659547509557	0.128828323577555	0.125892903561071	0.0803602677933055	0.0846856593198032	0.0985058695887302	0.101253716843561	0.0838539409243462	0.09300362052482	0.0682811527054916	0.0802799944403502	0.0839148620052646	0.0934733377399014	0.0846225914527208	0.0912024280990357	0.0842859742274217	0.0739884292602825	0.0885323989018322	0.085651312137251	0.0769400261664087	0.0811068333095551	0.0828192956184838
OM5_C_4F_3	0.0962174966152724	0.14698955584022	0.101080438730151	0.0970773127751913	0.0947206692453436	0.0946220752696206	0.0824561494161576	0.103628821223059	0.0877826859323509	0.0924465302425507	0.0974720219481299	0.00579066564494286	0.00888139884754002	0	0.0973598645073507	0.0858953836299946	0.0907077939779112	0.0859994102469251	0.0669054831795765	0.10345892217153	0.074810379511461	0.0827250918316987	0.0972448601348657	0.0961355722957046	0.095448044000382	0.109765805963816	0.0402459055967546	0.0459974241289614	0.054298037758595	0.095123207357777	0.100572665227105	0.0948810242559395	0.098050346961074	0.086966529675119	0.101339436795858	0.0965797961491527	0.0833544549850386	0.0864342786126371	0.102818253277487	0.0958189350648578	0.0945897984193824	0.0848672276796099	0.0952684456379231	0.0972702077134219	0.0911284211516185	0.0915191313737555	0.0922777428820113	0.101724566268731	0.136396415930872	0.132978070164081	0.0871587604048469	0.0916293742121223	0.105899210266812	0.108611439207707	0.090614950655478	0.0998690485470164	0.0747682301049346	0.0870515789359187	0.0901643869802107	0.0998113183525191	0.0914097017679456	0.0985326786382116	0.0914614499836315	0.0806855961822199	0.0953064146552529	0.0920924469411153	0.0833533831494911	0.0884520612811003	0.089435448604806
OM5_C_4H_1	0.0179751087007293	0.0583077659253026	0.00959632928331743	0.00221272597530711	0.00900424422509628	0.00542619553481678	0.0155210215233905	0.0168402632276971	0.0101707032033332	0.010110328797007	0.00504749950813283	0.0957464170967672	0.0905065272653354	0.0973598645073507	0	0.0123789018967689	0.00777929871653884	0.0147614554172655	0.0368135376028259	0.00907724924825591	0.0246187934572046	0.0163796751805851	0.00508653620509626	0.00380167190095168	0.0064848927913998	0.0197632853297418	0.0573133693908391	0.0515449413857502	0.0475742821085795	0.00617444795216676	0.0171558388936746	0.0053884433848739	0.00489345758967864	0.0113377072610656	0.00560749507083959	0.00434027724252998	0.0153229463560708	0.0112575183724791	0.00565349421500783	0.00423449328784258	0.00615710644524343	0.0129131559356054	0.00279108009428554	0.00583136275868972	0.0064425338919433	0.0101829867631513	0.00686072273498797	0.00571734978397978	0.045072984208963	0.0373369304578586	0.0108400257048795	0.00781026199073685	0.0166604120367441	0.0201291080862295	0.00872456049304203	0.00439058787146294	0.023124831919623	0.0104027085854379	0.0119418935613776	0.0087647100125879	0.00642770816676247	0.0154747723199696	0.0113393739942896	0.0171001182639254	0.00470224783008565	0.00888820957912525	0.0154751404135761	0.0153683106273503	0.010300964525897
OM5_C_4H_2	0.019278206739432	0.0674277099729176	0.0173401688187751	0.0116211261795404	0.0109050931808075	0.00953801031225562	0.00421626947142642	0.0223255605799863	0.00455048989533256	0.00945173033320675	0.0120586767438635	0.0842395865233814	0.0792053173494611	0.0858953836299946	0.0123789018967689	0	0.00493997678204644	0.00731190274906463	0.0261956330389485	0.0182021231810667	0.0144705691338952	0.00881446335363071	0.0123471937925356	0.0116893350365492	0.0110837520469615	0.0274888404007599	0.045766328698657	0.0403487808819179	0.0364669173483439	0.0101408275510347	0.021352198300914	0.0102526380986691	0.0128927223461795	0.00297712422170433	0.0156444223323947	0.0110169090441237	0.00333546244687085	0.00214573384556397	0.0173731499398472	0.0105424404901172	0.00893012506596301	0.00557619012714849	0.010204781095423	0.0120041584629131	0.00603454283418553	0.00822810394760093	0.00978962347388121	0.0168518948226497	0.0547090994070675	0.0480415555471195	0.00203863201561469	0.00690197301460437	0.0239903320487977	0.0270278636458065	0.00498070463928064	0.0142512769198728	0.0117412148902215	0.00405782194785182	0.00770599679624568	0.0155140032470763	0.00596003845901593	0.0184079167865952	0.0100267087580338	0.00530568754369246	0.00950695879866262	0.0073239742260729	0.00486354677990815	0.0116569048750049	0.0039848020232821
OM5_C_4H_3	0.018342310578632	0.0638327972701808	0.0138226652810109	0.00699374685722373	0.00713317411669315	0.00585837676661572	0.00880993791300384	0.0196260470499487	0.00524914650271606	0.00799435609093345	0.00784838110648263	0.0890084774060725	0.0840265903346406	0.0907077939779112	0.00777929871653884	0.00493997678204644	0	0.00836010695186803	0.0306813362153559	0.0139096041520869	0.0188473383276149	0.0109476893956259	0.00844222680271791	0.00787349655824028	0.00785242957697437	0.024125581686126	0.0506070681024868	0.045110112339335	0.0412512235194015	0.00556732804453332	0.0193585190576331	0.00679086897743127	0.00805206916951087	0.00422848367109115	0.0109589202878946	0.00664938855166247	0.00771880246612356	0.00468533342930866	0.0124977597257955	0.00569475055434398	0.0042052597265593	0.00748373030772934	0.00552350517929799	0.00723931518370865	0.00248185996129924	0.0056027584725291	0.00676499923972487	0.0119989218697227	0.0508615265130757	0.0435282814647504	0.00404838101192177	0.00461914400449799	0.020852028253392	0.0239317810123023	0.00258253530858274	0.00961640930802028	0.0162522588122572	0.00485960783017849	0.00623379383308011	0.011005405911798	0.00193377505004538	0.0165525552604927	0.00930882174991091	0.0100750597361764	0.00489452173939447	0.00386205818381852	0.00823734823564047	0.0125775288667113	0.0028974956591843
OM5_C_5A_1	0.0260387391853496	0.0717111624123592	0.0221065735484879	0.0146225928876471	0.00885907755857974	0.0142086130202832	0.0101271162098107	0.0277500605452924	0.0109809692834647	0.0157203397816711	0.0158849986862517	0.0838802505019342	0.0797981858834086	0.0859994102469251	0.0147614554172655	0.00731190274906463	0.00836010695186803	0	0.0307755245772945	0.0215287543041565	0.0195588989240605	0.00624807760833676	0.016688498472701	0.0158912619308331	0.0162107318207887	0.0322143998735885	0.0463244607686642	0.0410102208366833	0.0396616491458441	0.00998752179363224	0.027532141529569	0.0151162473396422	0.013041396743816	0.00514079278885252	0.0181901468538756	0.0146570346117535	0.0060500930571827	0.00833712962070332	0.0189229124712193	0.0113628777007692	0.010401816402084	0.00701707308388827	0.0119834825207168	0.0120954871125883	0.00984467747915868	0.00576021789899014	0.0101111173252479	0.0172032723351079	0.0586203613753223	0.0502502721388649	0.00870462556719793	0.0126425591540816	0.0291317688419157	0.0320276734346192	0.0100304333360185	0.0171009782679392	0.011950214766035	0.00797126986317489	0.00469477144319365	0.0139698087289353	0.00987497007869148	0.0245237638868775	0.0167783464115147	0.00881280394632021	0.0126940251822115	0.00725412050812818	0.00405820922640739	0.0189306426054179	0.00800509272318719
OM5_C_5A_2	0.0301013891641595	0.0807812360947102	0.0369540878203358	0.0357455450639496	0.0369230349067764	0.0323519190355646	0.0223720012643908	0.0377810760439032	0.0268335532712983	0.028681857692675	0.0349879703859908	0.0665108500267153	0.0594641899332729	0.0669054831795765	0.0368135376028259	0.0261956330389485	0.0306813362153559	0.0307755245772945	0	0.0400448531766299	0.0131597641483394	0.029224348723545	0.0345499266638608	0.0342728095184192	0.0324341633579054	0.0440069329393839	0.0289122030572093	0.0253431041753925	0.0129181360831807	0.036175954875245	0.0346926507873711	0.0324753995232557	0.038664139871685	0.0287329577333087	0.0392264997768142	0.034552571315744	0.0251512067641933	0.0266622681835818	0.0417913934237971	0.0362980852492606	0.0344386667477283	0.0281220509833032	0.0354895758450688	0.0377747805820841	0.0310403848298501	0.0340937544359687	0.0348149016292625	0.042189759978185	0.0702757740479118	0.0681834836667989	0.0268095461086451	0.0294126099426201	0.0404344437350854	0.042621773159194	0.0293154625528822	0.0378407203959794	0.0214425879849858	0.0283526257610818	0.0329087327644763	0.0415215969476862	0.031045559744816	0.0327134533874453	0.0273722570377922	0.0225513217807383	0.0339192032175438	0.0331970036185029	0.0268532964438174	0.0236441991701293	0.0290520981350631
OM5_C_5A_3	0.0150090845362271	0.0502891860515079	0.00504154251045189	0.00784563895740516	0.0145920563521904	0.0090714777848341	0.021203903239573	0.0099525206862244	0.0161066698415845	0.0114366560971759	0.00622312483034911	0.10203747076721	0.0964994472744498	0.10345892217153	0.00907724924825591	0.0182021231810667	0.0139096041520869	0.0215287543041565	0.0400448531766299	0	0.0294082163985496	0.024427449648768	0.00661999671933728	0.00872543523017822	0.0083197350774163	0.0116057286377206	0.0633666371242318	0.0579167854334814	0.0519489789805154	0.0123904784290961	0.0124653123691774	0.00901542401512319	0.0105058336663171	0.0181332190962677	0.00396638270755867	0.00736361686327106	0.0212242710044336	0.0176344811105101	0.006623275305692	0.0110806602258976	0.0111679871709079	0.0207288032387636	0.0110421404868521	0.0107401496605975	0.0135308961647911	0.0163907970954825	0.015786167676659	0.00990282272656973	0.037130434609554	0.0299186863802887	0.0167354711858005	0.0119369832825445	0.00974635215138126	0.0121085734872782	0.0132867767388547	0.00489065636660918	0.0298839253298707	0.0177785570108018	0.0176080566730904	0.0127088697306605	0.0130494677704457	0.0110981665362394	0.0128788880902346	0.023332534213991	0.00904143624351853	0.0144107690125222	0.022086894354857	0.0170471429639499	0.0150704604629181
OM5_C_5B_1	0.0223661148166939	0.0740331323191252	0.0264760468617156	0.0239146313745212	0.0253395426497384	0.020862543387308	0.0102893010509618	0.0293058529753694	0.0145198352288902	0.0181558566172558	0.0237648134657286	0.0738309471144367	0.0675182080671305	0.074810379511461	0.0246187934572046	0.0144705691338952	0.0188473383276149	0.0195588989240605	0.0131597641483394	0.0294082163985496	0	0.0171837085459531	0.0232130077629872	0.022376130024963	0.0212239695631152	0.0353182027034117	0.0349441748380252	0.0295720502573519	0.023037847959515	0.0243251189071333	0.0263373892841022	0.0209059634777806	0.0267146645457679	0.0167611945793539	0.0279223380521043	0.0231248178721937	0.0139620344240518	0.0144044230681344	0.0299670890415222	0.0242828365816262	0.0229177881567882	0.0154702985009717	0.0232304561469541	0.0260709543597046	0.0187731465953287	0.022558005039783	0.0220259499680127	0.029997217789039	0.0624222535527861	0.0586653508919348	0.0148038061099731	0.0179173073709847	0.0313182393284225	0.0343286127244252	0.0179505339125244	0.0264150446966169	0.0115262204081775	0.0157434920384656	0.0218025027908267	0.0297861361673877	0.0189549874041237	0.0242607926949173	0.0168694503069339	0.0107544489061184	0.022403103481192	0.0217809129584086	0.0155057905257564	0.0138267487751872	0.0178939334877256
OM5_C_5B_2	0.0272030805543083	0.0741855002330493	0.024024004080871	0.0167615090000011	0.0132365089020551	0.0161824346417383	0.0095036117198724	0.0300671167530101	0.0110185110063028	0.017574096326351	0.0184409652453527	0.0807109319118807	0.0763255300076114	0.0827250918316987	0.0163796751805851	0.00881446335363071	0.0109476893956259	0.00624807760833676	0.029224348723545	0.024427449648768	0.0171837085459531	0	0.0186594511218859	0.0170757113433059	0.0179587983716255	0.0346759093835218	0.0430903954422693	0.0373338181682355	0.0370311525755583	0.0134659844920608	0.0289886882917569	0.0166808190885735	0.0161141110038516	0.00706976702979346	0.0210401984273756	0.0171795974416955	0.00763394339566132	0.00869461556148088	0.0213701216386894	0.0141809777901073	0.0140442159897352	0.00450052934461627	0.0138744612756967	0.0157058954303892	0.0111443968646052	0.0104409341542055	0.0102116717847262	0.0195117413405086	0.0611636678197556	0.0534395777331562	0.00973886807511073	0.0143573179386089	0.0310863581640026	0.034501859446244	0.0126906790025328	0.0197262633160447	0.00904549770780215	0.00748731211018885	0.0102613845062233	0.0177755882667194	0.011615280833341	0.0264717691096811	0.0179579183250738	0.00761775991547493	0.0155284633789653	0.0116567253391698	0.00550496236109984	0.0191880768212025	0.0114653348822001
OM5_C_5B_3	0.0131225086944004	0.0556398340612605	0.00549492062101304	0.00335274633220709	0.0117776720748315	0.00281375905832416	0.0149959904095269	0.0122204626633202	0.00962980343019838	0.00622133840619854	0.0018583961855789	0.0958493385748648	0.090234620417191	0.0972448601348657	0.00508653620509626	0.0123471937925356	0.00844222680271791	0.016688498472701	0.0345499266638608	0.00661999671933728	0.0232130077629872	0.0186594511218859	0	0.00271147285716031	0.0021565655222311	0.0160816278403528	0.0571358379153279	0.0515578098932859	0.0460432382480716	0.00904704826480845	0.0124173325888252	0.00241846725959073	0.00843664523547886	0.0124981386086087	0.00514402605207122	0.00247037743998053	0.0155847533272578	0.0114322178766932	0.00775552573044944	0.00749745593157123	0.00739839784328908	0.0146184050495241	0.00650250758218184	0.00854847480369106	0.00752203247305345	0.0124674563843342	0.0107535441486019	0.00962537117981191	0.0427014583659848	0.0362594736991656	0.0106287194961763	0.00578051069586844	0.0127013676591054	0.0160906570938176	0.00778602177211559	0.00377358744351375	0.023777492312965	0.0115696806204979	0.0136437489872566	0.0120876079674866	0.00714716533802745	0.0104272918181901	0.00751823747009449	0.0172132817117422	0.00438146089918272	0.0103680494300615	0.0165272692323405	0.0118203952697231	0.00999432490983035
OM5_C_5D_1	0.0143853151781584	0.0572264916533153	0.00728927586405919	0.00315068820468438	0.0115745115918139	0.00324573895375502	0.0141508220139391	0.0143172547949255	0.00849385364967871	0.00718190462010111	0.00397161968573087	0.0947242900137188	0.0891008604041198	0.0961355722957046	0.00380167190095168	0.0116893350365492	0.00787349655824028	0.0158912619308331	0.0342728095184192	0.00872543523017822	0.022376130024963	0.0170757113433059	0.00271147285716031	0	0.0033463451431329	0.0180263333415751	0.0560592934172049	0.050325116346534	0.0453733433606945	0.0087007630503979	0.0139228389911631	0.00236735486071577	0.00820914629315908	0.0115534900473526	0.0065769755878142	0.00368522885026873	0.0149514903787834	0.0103911246961587	0.00805759063688596	0.00695990924138953	0.00757868671669124	0.0129939679434661	0.00527698758719547	0.00863689871067205	0.00624513338148189	0.0120290348180147	0.00878074787543535	0.00921817191917387	0.0442611226706466	0.0377774513930425	0.0098319099016726	0.00569579373235046	0.0144164589445927	0.0181222751546346	0.00781565455186408	0.00508355659787172	0.0226281226304095	0.0100799616363043	0.013398072064009	0.0121409458747999	0.00617471420777249	0.012297836169098	0.00803312370770709	0.0162502984377772	0.00489110401672105	0.0102444100800149	0.0156542229456494	0.0119529922220231	0.0100042322412105
OM5_C_5D_2	0.0118221403316498	0.0565974387645006	0.00628680446111712	0.00478026170605046	0.0124291649047705	0.00209979675072186	0.0133639713278364	0.0122609273565382	0.00812993526828306	0.00419732166282398	0.00326710826917954	0.094115601373697	0.0883937472994179	0.095448044000382	0.0064848927913998	0.0110837520469615	0.00785242957697437	0.0162107318207887	0.0324341633579054	0.0083197350774163	0.0212239695631152	0.0179587983716255	0.0021565655222311	0.0033463451431329	0	0.0168006958753996	0.0553500973137327	0.0498125344251526	0.043994421232507	0.00978313503048298	0.0118467934703626	0.0015092443936977	0.00980440623911538	0.0116866331633353	0.00719725052586116	0.00349283702790535	0.0143685620409481	0.0101615557156383	0.00987166611965289	0.00842297084513936	0.00782120990703142	0.013745132205483	0.00730331445675332	0.00969386433221262	0.00695680947345274	0.0125794988838455	0.0110343540182889	0.0115150148097447	0.0438336563910256	0.0379241738548514	0.00930471324969489	0.0042178673128998	0.0131819637517316	0.0165761208098924	0.00671279210863278	0.00582588034224892	0.0223961436330891	0.0106189227365115	0.0135142169611704	0.0135176889423815	0.00656501002041612	0.00958575432187286	0.0053754576515448	0.0157590826475305	0.00482492548653336	0.0103746403309659	0.0155572242001771	0.00969097290594188	0.00909167054979725
OM5_C_5D_3	0.0142582821479786	0.0400168021268767	0.0107797490584228	0.018593890744652	0.0260521831501051	0.0185144831638515	0.0294786050959882	0.00627313631632064	0.0247086787298521	0.0185067884448473	0.016510593808782	0.108829249930416	0.102423587900994	0.109765805963816	0.0197632853297418	0.0274888404007599	0.024125581686126	0.0322143998735885	0.0440069329393839	0.0116057286377206	0.0353182027034117	0.0346759093835218	0.0160816278403528	0.0180263333415751	0.0168006958753996	0	0.0700740570999758	0.0648160470840222	0.0565129522135719	0.0237999633067815	0.00981868942359237	0.0180446396619188	0.0220702035596212	0.0282229715855562	0.0154904027812289	0.0178010982368506	0.0306005221980643	0.0268464487284371	0.0174290609999728	0.022423731275733	0.0222182225609135	0.0305250889971195	0.0219858930535307	0.0222938324170089	0.0235493074845373	0.0275398092811364	0.0264464039365711	0.0208743451341146	0.0275665480620411	0.0245945050335148	0.0258848145691398	0.0207318934738961	0.00443988029960561	0.0019442297859715	0.0227815667348327	0.0161400416071824	0.0387931006165626	0.0274113454597843	0.0285056940518833	0.024203760847823	0.0231052444242877	0.0113590029689247	0.0189783179582367	0.032105451989588	0.0196749093821008	0.0253260370297845	0.0319955279765095	0.021510208093824	0.0248276106656522
OM5_C_5E_1	0.0568732037764304	0.108386046186754	0.0610822322286416	0.0569726115982962	0.0549280753941582	0.0544921808154574	0.0422855259231369	0.0639682104236676	0.0476507400152881	0.0523935965414951	0.0573464061397526	0.038954884320524	0.0336264476364574	0.0402459055967546	0.0573133693908391	0.045766328698657	0.0506070681024868	0.0463244607686642	0.0289122030572093	0.0633666371242318	0.0349441748380252	0.0430903954422693	0.0571358379153279	0.0560592934172049	0.0553500973137327	0.0700740570999758	0	0.00663256005606616	0.0179683919429263	0.0551705707311083	0.0610920272720833	0.0547698959007828	0.0580866227196593	0.0469318507648613	0.0612302709312139	0.0564509855227848	0.0432998935844613	0.0462975336911387	0.0627727222242913	0.055809857944946	0.0545415179530475	0.0449227452902342	0.055235266662994	0.0573008538358949	0.0510288319903156	0.0517059927276106	0.0524473016289101	0.0617958126070511	0.0971475395188586	0.0930614827743333	0.0470097218309799	0.051491042733057	0.0661840348796235	0.0690099313640362	0.0504813885210324	0.0597553599903017	0.0347911526895345	0.046988797406737	0.0503923278563869	0.0600310540930155	0.0512952016543053	0.0588877022374974	0.0514715323397768	0.0405466794223869	0.055185297484185	0.0521378791685841	0.0434179207954225	0.0486811066211614	0.0493518090823497
OM5_C_5E_2	0.0517718910975257	0.10329579920408	0.0555632936304631	0.0513258510260441	0.0495380262989829	0.0489472330139599	0.0368095102629091	0.058805689061002	0.0420030455044739	0.0470654201881993	0.0518462392118811	0.0446957584206629	0.0391476229932058	0.0459974241289614	0.0515449413857502	0.0403487808819179	0.045110112339335	0.0410102208366833	0.0253431041753925	0.0579167854334814	0.0295720502573519	0.0373338181682355	0.0515578098932859	0.050325116346534	0.0498125344251526	0.0648160470840222	0.00663256005606616	0	0.0159177971469903	0.0496546023047391	0.0558561309920177	0.0491647049812486	0.0524929752834265	0.0414190095937535	0.0556856838866249	0.0509259584424774	0.0380076485710742	0.0407114231549952	0.0570723544757299	0.050205054074944	0.0491143937832583	0.039119268318762	0.0495193094498084	0.0518091727109486	0.0453621874131262	0.0463378422431159	0.0465559860538045	0.0560403680256992	0.091871436737181	0.0876339618504971	0.0414948434468504	0.0460013987082977	0.0608150080292945	0.063839652497212	0.0451019283681085	0.0541843452429342	0.0293008693486848	0.0412537525113108	0.045165796650798	0.0545541980673576	0.0456866737011304	0.0537578704887118	0.0461010930960868	0.0350697711006379	0.0496928306034633	0.0467929001550005	0.0380421005722767	0.043383295524424	0.0440703578171217
OM5_C_5E_3	0.0425386926935959	0.0931623655393884	0.0489012334207757	0.0468171827548687	0.0470437280366707	0.0436889609466864	0.0324966538364721	0.0503254033699888	0.0374243481866076	0.0405280329635603	0.0464980813272362	0.0541853108662189	0.0466724214949017	0.054298037758595	0.0475742821085795	0.0364669173483439	0.0412512235194015	0.0396616491458441	0.0129181360831807	0.0519489789805154	0.023037847959515	0.0370311525755583	0.0460432382480716	0.0453733433606945	0.043994421232507	0.0565129522135719	0.0179683919429263	0.0159177971469903	0	0.0465850160224012	0.0470653342815304	0.0438024665642286	0.0492537830590318	0.0385313396208749	0.0506966115630963	0.045896928988743	0.0348298635263784	0.0368680672028055	0.0528895290328513	0.0468440465881517	0.0452444049623427	0.0370900506064758	0.0460076441746018	0.0484368608604627	0.0415213820702208	0.0439701387097562	0.0443800073653033	0.0528133686136872	0.0827592067147466	0.0806098944534985	0.0372939068929888	0.0406806388908566	0.0527614672905671	0.0552004704849416	0.0403524209007947	0.0492348032841213	0.0283980260047723	0.0381384291037011	0.0427378848268684	0.0519216109919296	0.0416677258937277	0.0452246771389509	0.0392284959325751	0.031866693624994	0.0450702123563337	0.043569042344607	0.0359171325954727	0.0356039145319017	0.0398114697533147
