	OM5_B_B_1	OM5_B_B_3	OM5_C_4A_2	OM5_C_4D_2	OM5_C_4D_3	OM5_C_4E_1	OM5_C_4F_2	OM5_C_4F_3	OM5_C_4H_1	OM5_C_4H_2	OM5_C_5A_1	OM5_C_5A_2	OM5_C_5A_3	OM5_C_5B_1	OM5_C_5B_2	OM5_C_5B_3	OM5_C_5D_2	OM5_C_5D_3	OM5_C_5E_2	OM5_C_5F_2	OM5_C_5F_3	OM5_C_5G_1	OM5_C_5G_2	OM5_C_5H_2	OM5_C_5H_3	OM5_C_6A_1	OM5_C_6B_1	OM5_C_6B_3	OM5_C_6D_1	OM5_C_6D_3	OM5_C_6F_1	OM5_C_6F_3	OM5_H_2H_1	OM5_H_2H_2	OM5_H_2H_3	OM5_H_6A_1	OM5_H_6B_2	OM5_H_6F_1	OM5_H_6F_2	OM5_H_6F_3	OM5_H_6G_1	OM5_H_6H_2
OM5_B_B_1	0	0.00848385899495136	0.03243989084422	0.0163808242944416	0.0114937494486087	0.0254830433884272	0.00662219596225001	0.0148528234524304	0.032661730094251	0.0349197556195515	0.0145510341167902	0.00522093997282203	0.0218182910352997	0.0300856894869431	0.0118176437031627	0.0239497846504879	0.027382146471364	0.0399079937180597	0.0120415320151271	0.012971587368388	0.0143516010009934	0.0295589143765371	0.0364624099277743	0.0102881157116019	0.00396497337056771	0.0119757949324825	0.0174063667238719	0.0130798697832889	0.00564477065315909	0.0116147472412956	0.0136919414655232	0.0272353078660821	0.028995060631355	0.0380214342209208	0.0388597510383024	0.0193589586175992	0.035614992918635	0.034493223032416	0.0271607974296761	0.0398109260331356	0.0260718912543076	0.0205093163422502
OM5_B_B_3	0.00848385899495136	0	0.0406793712831333	0.0248073544574901	0.0192335396928435	0.0185457365687631	0.00676857707815505	0.00990127107507204	0.0242015165637698	0.0264847795311656	0.0107219711174145	0.00336458867858401	0.0143029547467583	0.0384974101742115	0.0196068874529544	0.0323866953829423	0.0190371057940572	0.0317684582409827	0.00618269985173832	0.0212079787043073	0.0219748324502776	0.0215144607449127	0.0283126485555702	0.0180356580982735	0.00535721905572188	0.0194342444929493	0.0258522485556103	0.0213963923843411	0.00425265898157323	0.00804022266940368	0.0220329132308216	0.0357102700476752	0.0207761295231738	0.0298502153113711	0.0304956164607959	0.012678932670633	0.0274246742319276	0.0267763998288034	0.0192106962141513	0.0314874262721488	0.0185555089825672	0.0120456840311964
OM5_C_4A_2	0.03243989084422	0.0406793712831333	0	0.0178019175341896	0.0247863382384702	0.0546414108815351	0.0370641927132867	0.0457038809270742	0.0645430934993247	0.0667066138568778	0.0424500492668608	0.0375995401853793	0.0519390786410193	0.0110976758992257	0.0247164037680157	0.0122966114410576	0.0588727465323052	0.0709673235336639	0.0431523342142367	0.020908707644886	0.0244265781393745	0.0614248478391155	0.0674035999551161	0.0228221194544359	0.0359837965241539	0.0230630960218988	0.0174384613102717	0.020216081961452	0.0370038629023429	0.0421070747125902	0.0210093702341127	0.00863838752784401	0.0605827799536897	0.0691384951376739	0.0698840605909499	0.0506179100692154	0.0671772319211813	0.0659382862840033	0.0584663239462707	0.0714581927336729	0.0572844949114696	0.0524529612313713
OM5_C_4D_2	0.0163808242944416	0.0248073544574901	0.0178019175341896	0	0.0102251377455134	0.0399882230418781	0.0216061096261445	0.0297654013075087	0.0489759765957225	0.0512595054733467	0.0291635744068804	0.021539569852795	0.0378665258177968	0.013714417329275	0.00976570732107075	0.00758436556298512	0.0437515109791803	0.0561944654074307	0.0279312887788589	0.00734744133676467	0.00995544254479611	0.0457094765954485	0.0527666385328827	0.010103919695537	0.0201039693534509	0.0115487575028124	0.00329559136455369	0.00661849427371231	0.0217747152256748	0.0264962756896644	0.0056098781707845	0.0114011874718053	0.0453224653006995	0.0543287303911309	0.0551725409843404	0.0349234115685291	0.0518973487187715	0.0503986376624424	0.0433864054070184	0.0561401251867845	0.0420190739206356	0.036719822954579
OM5_C_4D_3	0.0114937494486087	0.0192335396928435	0.0247863382384702	0.0102251377455134	0	0.0369505667040729	0.0139714773796457	0.0215918994165181	0.0425718817273485	0.0446604018473668	0.0214024812559645	0.0159684378377981	0.0310772646364255	0.0221299881895256	0.00108580772903167	0.0163277180697212	0.037112149393526	0.0487428855007969	0.020418674167778	0.00430878343811884	0.00385714574287309	0.0382906418315816	0.0455233378447596	0.00936939663009872	0.0138909841096349	0.00628512178331383	0.00897180165195937	0.00536482895363125	0.0158868064841302	0.0182713271779034	0.00475492677953535	0.0185131006660109	0.0381870394521908	0.0469872133482302	0.0487776414432566	0.0268694672185857	0.0445256513093416	0.0423987212100474	0.0358874547777547	0.049030656971618	0.0340503816453586	0.0310648764683594
OM5_C_4E_1	0.0254830433884272	0.0185457365687631	0.0546414108815351	0.0399882230418781	0.0369505667040729	0	0.0251524366283842	0.0243335237037477	0.0176841118464228	0.0198209104588588	0.0236799762356267	0.0214221484732434	0.0168069993821369	0.0530516845812476	0.0372875510965417	0.0472382327276828	0.0159724796531418	0.0268475645263627	0.0213439955099077	0.0379920487464536	0.039718104959034	0.021328041716659	0.0235190140849111	0.0329762068618258	0.0235907345537479	0.0360900999223256	0.0419309620266741	0.0378383895125166	0.021712867420092	0.0247144317335518	0.0388068533584446	0.0509451340181589	0.0190514585094346	0.0250055574527451	0.0214947179952755	0.02260002393872	0.0237692448284523	0.0268792860881821	0.020162823921309	0.0254199242947728	0.0224939345539788	0.0116153061404072
OM5_C_4F_2	0.00662219596225001	0.00676857707815505	0.0370641927132867	0.0216061096261445	0.0139714773796457	0.0251524366283842	0	0.00902050402129507	0.0286653156211467	0.0307262432457996	0.0094640196564074	0.00494546367169185	0.01749339192301	0.0350731201997057	0.0144740282178863	0.0289669097623138	0.023152616324337	0.0349363737827731	0.00650179960191424	0.0166110029276381	0.0167962932550847	0.0245785602525605	0.0316637008185265	0.0150874760310157	0.00334440786886875	0.0146012570830412	0.0218759620304717	0.0170873448312831	0.00453567993421155	0.00536243169880845	0.0176764247153166	0.0317644748855635	0.0242638180693825	0.0331389177317844	0.0348472370032249	0.0136170275364551	0.0306979407928333	0.0290332268311222	0.0220521030847876	0.035147852713111	0.0205065422477048	0.0175006062444781
OM5_C_4F_3	0.0148528234524304	0.00990127107507204	0.0457038809270742	0.0297654013075087	0.0215918994165181	0.0243335237037477	0.00902050402129507	0	0.0224770275824523	0.0243292689497103	0.0110054930335725	0.0108830129495179	0.014482160651057	0.0429655723853322	0.0219327010103707	0.0370139784488404	0.017677054886295	0.0281804261601056	0.00576217379803121	0.0249183188664237	0.0236354477837838	0.0170978152952937	0.0254053409949542	0.0240822936526603	0.0110945502961075	0.0231666785891498	0.0298125051627894	0.0255417124318334	0.0114786138010165	0.00379525362956598	0.0255736674346037	0.0399001948812017	0.0178057137441771	0.026521148971633	0.0292257428022459	0.00554377451707023	0.023611708542487	0.0209798834254548	0.0155149268234403	0.0281690671073345	0.0130892395006071	0.0137200272492832
OM5_C_4H_1	0.032661730094251	0.0242015165637698	0.0645430934993247	0.0489759765957225	0.0425718817273485	0.0176841118464228	0.0286653156211467	0.0224770275824523	0	0.00253150978425388	0.0245320996997847	0.0274708681756915	0.0144369885915313	0.062626740746354	0.0429819665521648	0.0565471189197893	0.00626926900861928	0.010243266515386	0.0224325480994882	0.0450117734091432	0.0450865842367064	0.00736713710588026	0.00791571028473569	0.0417553069398227	0.0291289162982695	0.0426120493758032	0.0499138531768789	0.0453107250219543	0.0276610201695733	0.0249862430207797	0.0459423245469723	0.0598323869532532	0.00599065396736824	0.00852939110862306	0.00797859439476461	0.0175018125383167	0.00652099140069668	0.0106813270022846	0.00902154073296229	0.00821149258215456	0.011889065665841	0.0124843931880342
OM5_C_4H_2	0.0349197556195515	0.0264847795311656	0.0667066138568778	0.0512595054733467	0.0446604018473668	0.0198209104588588	0.0307262432457996	0.0243292689497103	0.00253150978425388	0	0.0261700774111133	0.029738632457031	0.0159771538977978	0.0649193536022538	0.0450906845511218	0.0588264026737416	0.00798899207970635	0.00797866537715676	0.024401319928569	0.0471384481207045	0.0471886209021849	0.00822267386583616	0.00621401571355971	0.0439269287766476	0.031330784461241	0.0446376644991701	0.0521364495707269	0.0474584272650168	0.0298406761357667	0.0269073781367103	0.048125576558069	0.0620418782665142	0.00706881876551602	0.00643133672254103	0.00619864379777627	0.019158704296145	0.00498166780628896	0.0100800385799515	0.0100511767494209	0.00574633495302597	0.0128916133712546	0.0148998687116217
OM5_C_5A_1	0.0145510341167902	0.0107219711174145	0.0424500492668608	0.0291635744068804	0.0214024812559645	0.0236799762356267	0.0094640196564074	0.0110054930335725	0.0245320996997847	0.0261700774111133	0	0.0117045960882435	0.0109034047620561	0.0424174550067652	0.0221831701078548	0.0362882232791059	0.0183453478181871	0.0289426424632062	0.00640714523351665	0.023365434663117	0.0247005558801524	0.0207344258567128	0.0255357067989794	0.0206162445375792	0.0113687916205607	0.0198202548923631	0.0293910247181215	0.023766438107333	0.00961639205960422	0.00894840975385527	0.0252885765328107	0.0384591689455332	0.019445003358754	0.0272314618551261	0.0291657847753589	0.0119630175773329	0.0256151579067823	0.0247223430115801	0.0169295792139394	0.0300506252244683	0.016085506864374	0.0156142555976164
OM5_C_5A_2	0.00522093997282203	0.00336458867858401	0.0375995401853793	0.021539569852795	0.0159684378377981	0.0214221484732434	0.00494546367169185	0.0108830129495179	0.0274708681756915	0.029738632457031	0.0117045960882435	0	0.0172399735323296	0.0352241034528149	0.0163107131232531	0.0291137027934868	0.0222833633981776	0.0348732385623312	0.00772901107544239	0.0179514627623512	0.0186852788636577	0.02445158205957	0.0314552238775341	0.0151432513427475	0.00232050866017491	0.0164692021594333	0.0225151410439379	0.0181533810588162	0.00283173293940443	0.00821042576482567	0.0186847935613446	0.0324321077378992	0.023890395059728	0.0329766395325972	0.0338074627438868	0.0147504964283112	0.0305057410330966	0.0295264326145922	0.0221695897767772	0.0346566962228059	0.0212108053313056	0.0153723205054312
OM5_C_5A_3	0.0218182910352997	0.0143029547467583	0.0519390786410193	0.0378665258177968	0.0310772646364255	0.0168069993821369	0.01749339192301	0.014482160651057	0.0144369885915313	0.0159771538977978	0.0109034047620561	0.0172399735323296	0	0.051485589936447	0.0317134420246283	0.0453035450357935	0.00820503498047602	0.0193409367848897	0.0113956155396572	0.033031092263785	0.0341877073542148	0.0127279333408555	0.0156062119982731	0.0294105522490711	0.0183183760931168	0.0298605211230121	0.0386167195865828	0.0333011422636509	0.0161995732792999	0.0150763836178163	0.0346060205627202	0.047999855773515	0.0100707502049726	0.0174812882959115	0.0184305653269775	0.0111734625373921	0.0162539017315107	0.0173335321830328	0.00850231696749866	0.0201907742539373	0.0100473954486932	0.00887618946580529
OM5_C_5B_1	0.0300856894869431	0.0384974101742115	0.0110976758992257	0.013714417329275	0.0221299881895256	0.0530516845812476	0.0350731201997057	0.0429655723853322	0.062626740746354	0.0649193536022538	0.0424174550067652	0.0352241034528149	0.051485589936447	0	0.0215824201632508	0.0061891151165515	0.0574442266429575	0.0698248442249729	0.0414887012846915	0.0192458782471803	0.020363807877265	0.0592516819711243	0.0664231335175915	0.0227399822793185	0.0337672847707718	0.0232314655708984	0.0133005170276091	0.0187184974232856	0.0354642348779638	0.0397808271409123	0.0176238186846936	0.0056200232879496	0.0589736320215051	0.0679738817597789	0.0688559244882644	0.048274843950424	0.0655108270590999	0.0638006530222107	0.0569935617263045	0.069779194040954	0.0554902021251222	0.0503610199442094
OM5_C_5B_2	0.0118176437031627	0.0196068874529544	0.0247164037680157	0.00976570732107075	0.00108580772903167	0.0372875510965417	0.0144740282178863	0.0219327010103707	0.0429819665521648	0.0450906845511218	0.0221831701078548	0.0163107131232531	0.0317134420246283	0.0215824201632508	0	0.0158249345025386	0.0375997404309275	0.049270064808012	0.0209432599288436	0.00459975314396977	0.00295973032384432	0.038695082907776	0.0460700023748749	0.00991126918981254	0.0142950683011948	0.00722363232557072	0.00845262820638605	0.00560256860989776	0.016401920284322	0.0186985958252327	0.00426722510777852	0.0181638744109788	0.0386623415051986	0.0475115736039107	0.0492907822018126	0.0272728238825918	0.044990779335352	0.0428150452146928	0.0363939101483305	0.0494836442019983	0.0345248865380043	0.0314389171570384
OM5_C_5B_3	0.0239497846504879	0.0323866953829423	0.0122966114410576	0.00758436556298512	0.0163277180697212	0.0472382327276828	0.0289669097623138	0.0370139784488404	0.0565471189197893	0.0588264026737416	0.0362882232791059	0.0291137027934868	0.0453035450357935	0.0061891151165515	0.0158249345025386	0	0.0513073981042828	0.0636879727710399	0.0353588528001504	0.0132815052809914	0.0150064225815446	0.0531959862487615	0.0602693702070571	0.0166775623637858	0.0276338174091671	0.0173513844202924	0.00738389791894571	0.0126850208243822	0.0292928148873154	0.0337632792524222	0.0116993043771196	0.00489772234133753	0.0528519227165203	0.0618338711499318	0.0627206504826775	0.042263230772511	0.0594080481832356	0.0577852367496077	0.0508678366619463	0.0636790022567718	0.0494186617362151	0.0442941079923653
OM5_C_5D_2	0.027382146471364	0.0190371057940572	0.0588727465323052	0.0437515109791803	0.037112149393526	0.0159724796531418	0.023152616324337	0.017677054886295	0.00626926900861928	0.00798899207970635	0.0183453478181871	0.0222833633981776	0.00820503498047602	0.0574442266429575	0.0375997404309275	0.0513073981042828	0	0.0131100308419161	0.0167897027291823	0.0394348087461835	0.0398324850531732	0.00662222344477742	0.0095951226638743	0.0361067136777048	0.0237767211666376	0.0367796680971189	0.0446016520262595	0.0397364480641594	0.022116110274057	0.019713360126654	0.0405821418008177	0.0543844803238995	0.00328394890592292	0.0111293673348002	0.0117741931606045	0.0128654664453888	0.00925116117773394	0.011664096752557	0.00475079849876907	0.012813522246249	0.00808847327808846	0.00829555541921865
OM5_C_5D_3	0.0399079937180597	0.0317684582409827	0.0709673235336639	0.0561944654074307	0.0487428855007969	0.0268475645263627	0.0349363737827731	0.0281804261601056	0.010243266515386	0.00797866537715676	0.0289426424632062	0.0348732385623312	0.0193409367848897	0.0698248442249729	0.049270064808012	0.0636879727710399	0.0131100308419161	0	0.0284506021081193	0.0513361036193691	0.0513534994217304	0.0118623323183312	0.00389831469489457	0.0484134622214267	0.0361246742627074	0.0484178254241122	0.0567573287531251	0.0517491047281413	0.0345728845211983	0.0307660826388796	0.0525949807033745	0.0665171099300915	0.0111003494244401	0.00198871247540407	0.00745312939437925	0.0226632623025627	0.00521468559037585	0.00972214647642268	0.0129191247018334	0.00408696977711296	0.015196584512426	0.0212380555524734
OM5_C_5E_2	0.0120415320151271	0.00618269985173832	0.0431523342142367	0.0279312887788589	0.020418674167778	0.0213439955099077	0.00650179960191424	0.00576217379803121	0.0224325480994882	0.024401319928569	0.00640714523351665	0.00772901107544239	0.0113956155396572	0.0414887012846915	0.0209432599288436	0.0353588528001504	0.0167897027291823	0.0284506021081193	0	0.0229858866728791	0.0232028886239352	0.0183382116562405	0.0251649742127167	0.0207514607035448	0.00811240873793319	0.0205312608187008	0.0283390951600559	0.023422383744095	0.00717092709784881	0.00413121368292467	0.024163289574136	0.0381664435553794	0.0178251604931065	0.0266477039818292	0.0284715647418745	0.00808407163605869	0.0242754064766686	0.0229044904426888	0.0155845993087999	0.0287304294301962	0.0142625455826644	0.0120987293624191
OM5_C_5F_2	0.012971587368388	0.0212079787043073	0.020908707644886	0.00734744133676467	0.00430878343811884	0.0379920487464536	0.0166110029276381	0.0249183188664237	0.0450117734091432	0.0471384481207045	0.023365434663117	0.0179514627623512	0.033031092263785	0.0192458782471803	0.00459975314396977	0.0132815052809914	0.0394348087461835	0.0513361036193691	0.0229858866728791	0	0.00633019047789586	0.0411795966500926	0.0479695843630541	0.00691358209440253	0.0160080141621612	0.00478050260554938	0.00639280069012018	0.00118482483960659	0.0175821626958604	0.0214112184754445	0.00323224757416134	0.0152968308524309	0.0407681357656685	0.0495393050171786	0.0509477772138084	0.0300117741641928	0.0472472837295866	0.045506899844438	0.038541556050741	0.0516781539305841	0.0369896323552981	0.0332064326654679
OM5_C_5F_3	0.0143516010009934	0.0219748324502776	0.0244265781393745	0.00995544254479611	0.00385714574287309	0.039718104959034	0.0167962932550847	0.0236354477837838	0.0450865842367064	0.0471886209021849	0.0247005558801524	0.0186852788636577	0.0341877073542148	0.020363807877265	0.00295973032384432	0.0150064225815446	0.0398324850531732	0.0513534994217304	0.0232028886239352	0.00633019047789586	0	0.0405896350188783	0.0482466334673323	0.0124689972202117	0.0167295659545794	0.00970149342351512	0.00796408379803945	0.0072839270315005	0.0190035465381591	0.0206294080178157	0.00477078811774536	0.0172311886655493	0.0407652393410772	0.049621419224966	0.0515667724747013	0.029081521515796	0.0469908726956941	0.0445583848104911	0.0384843217296558	0.0515029711327646	0.0364448047040274	0.0336687219044723
OM5_C_5G_1	0.0295589143765371	0.0215144607449127	0.0614248478391155	0.0457094765954485	0.0382906418315816	0.021328041716659	0.0245785602525605	0.0170978152952937	0.00736713710588026	0.00822267386583616	0.0207344258567128	0.02445158205957	0.0127279333408555	0.0592516819711243	0.038695082907776	0.0531959862487615	0.00662222344477742	0.0118623323183312	0.0183382116562405	0.0411795966500926	0.0405896350188783	0	0.00981836928051508	0.0388557318127014	0.0257311211039013	0.0388366823829272	0.046218668230874	0.0416427242195482	0.0246741106279851	0.020089207074242	0.042064484123735	0.056261954140248	0.00379849972370614	0.0102926793290253	0.0137073058465048	0.0117110675020115	0.00679305978152714	0.00589844496480294	0.00460875972162988	0.0111591480600466	0.00542381199676396	0.011984338786228
OM5_C_5G_2	0.0364624099277743	0.0283126485555702	0.0674035999551161	0.0527666385328827	0.0455233378447596	0.0235190140849111	0.0316637008185265	0.0254053409949542	0.00791571028473569	0.00621401571355971	0.0255357067989794	0.0314552238775341	0.0156062119982731	0.0664231335175915	0.0460700023748749	0.0602693702070571	0.0095951226638743	0.00389831469489457	0.0251649742127167	0.0479695843630541	0.0482466334673323	0.00981836928051508	0	0.0448229224072045	0.0327348321136612	0.0449979081286708	0.0534118678053576	0.0483412868350718	0.0310602423304862	0.0277522907099019	0.0492878128136806	0.0631024513022597	0.00803076981140045	0.0021106443243113	0.00630920861725264	0.0199849166924205	0.0043798154819151	0.00959921429553015	0.00989962731198142	0.00579816904315409	0.0127357391282431	0.0178520460573743
OM5_C_5H_2	0.0102881157116019	0.0180356580982735	0.0228221194544359	0.010103919695537	0.00936939663009872	0.0329762068618258	0.0150874760310157	0.0240822936526603	0.0417553069398227	0.0439269287766476	0.0206162445375792	0.0151432513427475	0.0294105522490711	0.0227399822793185	0.00991126918981254	0.0166775623637858	0.0361067136777048	0.0484134622214267	0.0207514607035448	0.00691358209440253	0.0124689972202117	0.0388557318127014	0.0448229224072045	0	0.0136269554884823	0.00579819643031567	0.0112807403757571	0.00621738032551911	0.0142672895687862	0.0204204439678665	0.00901747423978134	0.0190741606075387	0.037887520962942	0.046545623717276	0.0472137484480631	0.0285576493746328	0.0445387549704563	0.0436330373971391	0.0358960770350791	0.0487503280187808	0.034959057752641	0.0297095111392837
OM5_C_5H_3	0.00396497337056771	0.00535721905572188	0.0359837965241539	0.0201039693534509	0.0138909841096349	0.0235907345537479	0.00334440786886875	0.0110945502961075	0.0291289162982695	0.031330784461241	0.0113687916205607	0.00232050866017491	0.0183183760931168	0.0337672847707718	0.0142950683011948	0.0276338174091671	0.0237767211666376	0.0361246742627074	0.00811240873793319	0.0160080141621612	0.0167295659545794	0.0257311211039013	0.0327348321136612	0.0136269554884823	0	0.0144050496536299	0.0208448378535294	0.0162869632154935	0.00283916623249821	0.00788457568818971	0.0168781830792118	0.0307652323843113	0.0252358289942501	0.0342589866638805	0.0353792174323476	0.0154276655386928	0.031817863446438	0.0305819570295272	0.0233132307575295	0.0360891774723439	0.0221318824174566	0.0172588748858063
OM5_C_6A_1	0.0119757949324825	0.0194342444929493	0.0230630960218988	0.0115487575028124	0.00628512178331383	0.0360900999223256	0.0146012570830412	0.0231666785891498	0.0426120493758032	0.0446376644991701	0.0198202548923631	0.0164692021594333	0.0298605211230121	0.0232314655708984	0.00722363232557072	0.0173513844202924	0.0367796680971189	0.0484178254241122	0.0205312608187008	0.00478050260554938	0.00970149342351512	0.0388366823829272	0.0449979081286708	0.00579819643031567	0.0144050496536299	0	0.011005307903075	0.00503812088434313	0.0153904488298619	0.0194539322072108	0.00791080445482004	0.0187968273690877	0.0381451880644001	0.0466441113926302	0.0480952575816325	0.0278643344618137	0.0446039855263608	0.0430822348039832	0.0358225301706237	0.0490498521279321	0.0344284978933303	0.0311097819405908
OM5_C_6B_1	0.0174063667238719	0.0258522485556103	0.0174384613102717	0.00329559136455369	0.00897180165195937	0.0419309620266741	0.0218759620304717	0.0298125051627894	0.0499138531768789	0.0521364495707269	0.0293910247181215	0.0225151410439379	0.0386167195865828	0.0133005170276091	0.00845262820638605	0.00738389791894571	0.0446016520262595	0.0567573287531251	0.0283390951600559	0.00639280069012018	0.00796408379803945	0.046218668230874	0.0534118678053576	0.0112807403757571	0.0208448378535294	0.011005307903075	0	0.00607239740778036	0.0226696714507868	0.0265494762398517	0.00433237800658972	0.0103069074173236	0.0459797855678761	0.0549346074433157	0.0561543643352123	0.0350987042083975	0.0524706780849983	0.0506548310161374	0.0438908968691227	0.0568305621349791	0.0422976675303776	0.0378597490083279
OM5_C_6B_3	0.0130798697832889	0.0213963923843411	0.020216081961452	0.00661849427371231	0.00536482895363125	0.0378383895125166	0.0170873448312831	0.0255417124318334	0.0453107250219543	0.0474584272650168	0.023766438107333	0.0181533810588162	0.0333011422636509	0.0187184974232856	0.00560256860989776	0.0126850208243822	0.0397364480641594	0.0517491047281413	0.023422383744095	0.00118482483960659	0.0072839270315005	0.0416427242195482	0.0483412868350718	0.00621738032551911	0.0162869632154935	0.00503812088434313	0.00607239740778036	0	0.0177654996027322	0.0220097509034474	0.00350765920232264	0.0148109339226027	0.041153548983287	0.0499358361271686	0.0511998526301254	0.0305848447434295	0.0476745876458391	0.0460617901812654	0.0389735716516784	0.0520682341997413	0.037514672962634	0.0334071567103661
OM5_C_6D_1	0.00564477065315909	0.00425265898157323	0.0370038629023429	0.0217747152256748	0.0158868064841302	0.021712867420092	0.00453567993421155	0.0114786138010165	0.0276610201695733	0.0298406761357667	0.00961639205960422	0.00283173293940443	0.0161995732792999	0.0354642348779638	0.016401920284322	0.0292928148873154	0.022116110274057	0.0345728845211983	0.00717092709784881	0.0175821626958604	0.0190035465381591	0.0246741106279851	0.0310602423304862	0.0142672895687862	0.00283916623249821	0.0153904488298619	0.0226696714507868	0.0177654996027322	0	0.00837555433020429	0.0187931311509427	0.0323116570341476	0.0237966102909096	0.0326838753781768	0.0335480819951804	0.0149991300391707	0.0304610798693477	0.0296614380246312	0.0219243984194085	0.0346639404010334	0.0211065607146643	0.0157732899870181
OM5_C_6D_3	0.0116147472412956	0.00804022266940368	0.0421070747125902	0.0264962756896644	0.0182713271779034	0.0247144317335518	0.00536243169880845	0.00379525362956598	0.0249862430207797	0.0269073781367103	0.00894840975385527	0.00821042576482567	0.0150763836178163	0.0397808271409123	0.0186985958252327	0.0337632792524222	0.019713360126654	0.0307660826388796	0.00413121368292467	0.0214112184754445	0.0206294080178157	0.020089207074242	0.0277522907099019	0.0204204439678665	0.00788457568818971	0.0194539322072108	0.0265494762398517	0.0220097509034474	0.00837555433020429	0	0.0222826080010024	0.0365342512155914	0.0202710297096519	0.0290502837770712	0.0314165525718282	0.00861863979390426	0.0263946830982452	0.0241696901100845	0.0179104933355885	0.0309578819124041	0.0158570436246172	0.0150961689796891
OM5_C_6F_1	0.0136919414655232	0.0220329132308216	0.0210093702341127	0.0056098781707845	0.00475492677953535	0.0388068533584446	0.0176764247153166	0.0255736674346037	0.0459423245469723	0.048125576558069	0.0252885765328107	0.0186847935613446	0.0346060205627202	0.0176238186846936	0.00426722510777852	0.0116993043771196	0.0405821418008177	0.0525949807033745	0.024163289574136	0.00323224757416134	0.00477078811774536	0.042064484123735	0.0492878128136806	0.00901747423978134	0.0168781830792118	0.00791080445482004	0.00433237800658972	0.00350765920232264	0.0187931311509427	0.0222826080010024	0	0.0143658869270519	0.0418666293561093	0.0507902192819369	0.0521919296003622	0.0308572041863536	0.0483186108484558	0.0464202228759113	0.0397177868449655	0.0527243209008325	0.0380572309660988	0.0340426480989781
OM5_C_6F_3	0.0272353078660821	0.0357102700476752	0.00863838752784401	0.0114011874718053	0.0185131006660109	0.0509451340181589	0.0317644748855635	0.0399001948812017	0.0598323869532532	0.0620418782665142	0.0384591689455332	0.0324321077378992	0.047999855773515	0.0056200232879496	0.0181638744109788	0.00489772234133753	0.0543844803238995	0.0665171099300915	0.0381664435553794	0.0152968308524309	0.0172311886655493	0.056261954140248	0.0631024513022597	0.0190741606075387	0.0307652323843113	0.0187968273690877	0.0103069074173236	0.0148109339226027	0.0323116570341476	0.0365342512155914	0.0143658869270519	0	0.055859331475144	0.0646964064658517	0.0657963661787149	0.0451299649252481	0.0623870544602212	0.0606657505339536	0.0537279200217011	0.0667490244534142	0.0522109001833925	0.0477117904600455
OM5_H_2H_1	0.028995060631355	0.0207761295231738	0.0605827799536897	0.0453224653006995	0.0381870394521908	0.0190514585094346	0.0242638180693825	0.0178057137441771	0.00599065396736824	0.00706881876551602	0.019445003358754	0.023890395059728	0.0100707502049726	0.0589736320215051	0.0386623415051986	0.0528519227165203	0.00328394890592292	0.0111003494244401	0.0178251604931065	0.0407681357656685	0.0407652393410772	0.00379849972370614	0.00803076981140045	0.037887520962942	0.0252358289942501	0.0381451880644001	0.0459797855678761	0.041153548983287	0.0237966102909096	0.0202710297096519	0.0418666293561093	0.055859331475144	0	0.0092178534955243	0.01158832784258	0.0125179391187253	0.00671802774273947	0.00839927693975475	0.00304466204326322	0.0109338492127555	0.00623399001980465	0.0106079157460532
OM5_H_2H_2	0.0380214342209208	0.0298502153113711	0.0691384951376739	0.0543287303911309	0.0469872133482302	0.0250055574527451	0.0331389177317844	0.026521148971633	0.00852939110862306	0.00643133672254103	0.0272314618551261	0.0329766395325972	0.0174812882959115	0.0679738817597789	0.0475115736039107	0.0618338711499318	0.0111293673348002	0.00198871247540407	0.0266477039818292	0.0495393050171786	0.049621419224966	0.0102926793290253	0.0021106443243113	0.046545623717276	0.0342589866638805	0.0466441113926302	0.0549346074433157	0.0499358361271686	0.0326838753781768	0.0290502837770712	0.0507902192819369	0.0646964064658517	0.0092178534955243	0	0.00664261988947947	0.0210329187636922	0.0038468429651081	0.00902739852338086	0.011151531711167	0.004127634619684	0.0136508784095824	0.019274646751012
OM5_H_2H_3	0.0388597510383024	0.0304956164607959	0.0698840605909499	0.0551725409843404	0.0487776414432566	0.0214947179952755	0.0348472370032249	0.0292257428022459	0.00797859439476461	0.00619864379777627	0.0291657847753589	0.0338074627438868	0.0184305653269775	0.0688559244882644	0.0492907822018126	0.0627206504826775	0.0117741931606045	0.00745312939437925	0.0284715647418745	0.0509477772138084	0.0515667724747013	0.0137073058465048	0.00630920861725264	0.0472137484480631	0.0353792174323476	0.0480952575816325	0.0561543643352123	0.0511998526301254	0.0335480819951804	0.0314165525718282	0.0521919296003622	0.0657963661787149	0.01158832784258	0.00664261988947947	0	0.0240680727548534	0.00860773120955153	0.0145573538704683	0.0142138599241928	0.00674596821299357	0.0175046863015415	0.0190246162978033
OM5_H_6A_1	0.0193589586175992	0.012678932670633	0.0506179100692154	0.0349234115685291	0.0268694672185857	0.02260002393872	0.0136170275364551	0.00554377451707023	0.0175018125383167	0.019158704296145	0.0119630175773329	0.0147504964283112	0.0111734625373921	0.048274843950424	0.0272728238825918	0.042263230772511	0.0128654664453888	0.0226632623025627	0.00808407163605869	0.0300117741641928	0.029081521515796	0.0117110675020115	0.0199849166924205	0.0285576493746328	0.0154276655386928	0.0278643344618137	0.0350987042083975	0.0305848447434295	0.0149991300391707	0.00861863979390426	0.0308572041863536	0.0451299649252481	0.0125179391187253	0.0210329187636922	0.0240680727548534	0	0.018122931896543	0.0155755117058778	0.0101500055319196	0.0227300635058888	0.00755886641118822	0.0110936806825017
OM5_H_6B_2	0.035614992918635	0.0274246742319276	0.0671772319211813	0.0518973487187715	0.0445256513093416	0.0237692448284523	0.0306979407928333	0.023611708542487	0.00652099140069668	0.00498166780628896	0.0256151579067823	0.0305057410330966	0.0162539017315107	0.0655108270590999	0.044990779335352	0.0594080481832356	0.00925116117773394	0.00521468559037585	0.0242754064766686	0.0472472837295866	0.0469908726956941	0.00679305978152714	0.0043798154819151	0.0445387549704563	0.031817863446438	0.0446039855263608	0.0524706780849983	0.0476745876458391	0.0304610798693477	0.0263946830982452	0.0483186108484558	0.0623870544602212	0.00671802774273947	0.0038468429651081	0.00860773120955153	0.018122931896543	0	0.00595044064615638	0.00880005340321	0.00475402053390089	0.0109025912811797	0.0168926588198189
OM5_H_6F_1	0.034493223032416	0.0267763998288034	0.0659382862840033	0.0503986376624424	0.0423987212100474	0.0268792860881821	0.0290332268311222	0.0209798834254548	0.0106813270022846	0.0100800385799515	0.0247223430115801	0.0295264326145922	0.0173335321830328	0.0638006530222107	0.0428150452146928	0.0577852367496077	0.011664096752557	0.00972214647642268	0.0229044904426888	0.045506899844438	0.0445583848104911	0.00589844496480294	0.00959921429553015	0.0436330373971391	0.0305819570295272	0.0430822348039832	0.0506548310161374	0.0460617901812654	0.0296614380246312	0.0241696901100845	0.0464202228759113	0.0606657505339536	0.00839927693975475	0.00902739852338086	0.0145573538704683	0.0155755117058778	0.00595044064615638	0	0.00887526448282064	0.00964005541802889	0.00875712977605016	0.0178681520180305
OM5_H_6F_2	0.0271607974296761	0.0192106962141513	0.0584663239462707	0.0433864054070184	0.0358874547777547	0.020162823921309	0.0220521030847876	0.0155149268234403	0.00902154073296229	0.0100511767494209	0.0169295792139394	0.0221695897767772	0.00850231696749866	0.0569935617263045	0.0363939101483305	0.0508678366619463	0.00475079849876907	0.0129191247018334	0.0155845993087999	0.038541556050741	0.0384843217296558	0.00460875972162988	0.00989962731198142	0.0358960770350791	0.0233132307575295	0.0358225301706237	0.0438908968691227	0.0389735716516784	0.0219243984194085	0.0179104933355885	0.0397177868449655	0.0537279200217011	0.00304466204326322	0.011151531711167	0.0142138599241928	0.0101500055319196	0.00880005340321	0.00887526448282064	0	0.0133604634787208	0.00368101555897146	0.0105401537408152
OM5_H_6F_3	0.0398109260331356	0.0314874262721488	0.0714581927336729	0.0561401251867845	0.049030656971618	0.0254199242947728	0.035147852713111	0.0281690671073345	0.00821149258215456	0.00574633495302597	0.0300506252244683	0.0346566962228059	0.0201907742539373	0.069779194040954	0.0494836442019983	0.0636790022567718	0.012813522246249	0.00408696977711296	0.0287304294301962	0.0516781539305841	0.0515029711327646	0.0111591480600466	0.00579816904315409	0.0487503280187808	0.0360891774723439	0.0490498521279321	0.0568305621349791	0.0520682341997413	0.0346639404010334	0.0309578819124041	0.0527243209008325	0.0667490244534142	0.0109338492127555	0.004127634619684	0.00674596821299357	0.0227300635058888	0.00475402053390089	0.00964005541802889	0.0133604634787208	0	0.0156324715397126	0.0203142384288261
OM5_H_6G_1	0.0260718912543076	0.0185555089825672	0.0572844949114696	0.0420190739206356	0.0340503816453586	0.0224939345539788	0.0205065422477048	0.0130892395006071	0.011889065665841	0.0128916133712546	0.016085506864374	0.0212108053313056	0.0100473954486932	0.0554902021251222	0.0345248865380043	0.0494186617362151	0.00808847327808846	0.015196584512426	0.0142625455826644	0.0369896323552981	0.0364448047040274	0.00542381199676396	0.0127357391282431	0.034959057752641	0.0221318824174566	0.0344284978933303	0.0422976675303776	0.037514672962634	0.0211065607146643	0.0158570436246172	0.0380572309660988	0.0522109001833925	0.00623399001980465	0.0136508784095824	0.0175046863015415	0.00755886641118822	0.0109025912811797	0.00875712977605016	0.00368101555897146	0.0156324715397126	0	0.0117305184769466
OM5_H_6H_2	0.0205093163422502	0.0120456840311964	0.0524529612313713	0.036719822954579	0.0310648764683594	0.0116153061404072	0.0175006062444781	0.0137200272492832	0.0124843931880342	0.0148998687116217	0.0156142555976164	0.0153723205054312	0.00887618946580529	0.0503610199442094	0.0314389171570384	0.0442941079923653	0.00829555541921865	0.0212380555524734	0.0120987293624191	0.0332064326654679	0.0336687219044723	0.011984338786228	0.0178520460573743	0.0297095111392837	0.0172588748858063	0.0311097819405908	0.0378597490083279	0.0334071567103661	0.0157732899870181	0.0150961689796891	0.0340426480989781	0.0477117904600455	0.0106079157460532	0.019274646751012	0.0190246162978033	0.0110936806825017	0.0168926588198189	0.0178681520180305	0.0105401537408152	0.0203142384288261	0.0117305184769466	0
