	OM5_B_B_1	OM5_B_B_2	OM5_B_B_3	OM5_C_4A_1	OM5_C_4A_2	OM5_C_4A_3	OM5_C_4D_1	OM5_C_4D_2	OM5_C_4D_3	OM5_C_4E_1	OM5_C_4E_2	OM5_C_4E_3	OM5_C_4F_1	OM5_C_4F_2	OM5_C_4F_3	OM5_C_4H_1	OM5_C_4H_2	OM5_C_4H_3	OM5_C_5A_1	OM5_C_5A_2	OM5_C_5A_3	OM5_C_5B_1	OM5_C_5B_2	OM5_C_5B_3	OM5_C_5D_1	OM5_C_5D_2	OM5_C_5D_3	OM5_C_5E_1	OM5_C_5E_2	OM5_C_5E_3	OM5_C_5F_1	OM5_C_5F_2	OM5_C_5G_1	OM5_C_5G_2	OM5_C_5G_3	OM5_C_5H_1	OM5_C_5H_2	OM5_C_5H_3	OM5_C_6A_1	OM5_C_6A_2	OM5_C_6A_3	OM5_C_6B_1	OM5_C_6B_2	OM5_C_6B_3	OM5_C_6D_1	OM5_C_6D_2	OM5_C_6D_3	OM5_C_6F_1	OM5_C_6F_2	OM5_C_6F_3	OM5_H_2H_2	OM5_H_2H_3	OM5_H_6A_1	OM5_H_6A_2	OM5_H_6A_3	OM5_H_6B_1	OM5_H_6B_2	OM5_H_6B_3	OM5_H_6C_2	OM5_H_6C_3	OM5_H_6F_1	OM5_H_6F_2	OM5_H_6F_3	OM5_H_6G_1	OM5_H_6G_2	OM5_H_6G_3	OM5_H_6H_1	OM5_H_6H_2	OM5_H_6H_3
OM5_B_B_1	0	0.0251546247120909	0.0134023187343173	0.00820214841021941	0.0130112398027959	0.0207665015598693	0.0272963073272244	0.00367654721670746	0.00496320194588735	0.0271643772422166	0.0132883923729652	0.01343617642814	0.0195219956198312	0.0111323598846444	0.0131149148937485	0.026267941253022	0.00986438966091294	0.00706242552918694	0.00805467602388157	0.0305964490387272	0.0226239285984199	0.0158184998645524	0.0177893914355225	0.0170022967407417	0.0168420359965272	0.0370161365221887	0.0364321492265915	0.00701513641611472	0.0213135880834107	0.0146147898887346	0.0113733688184234	0.0122286120183834	0.0220939836020861	0.0312099026117848	0.0180413443391592	0.00678637619513218	0.0324029661597617	0.0139946155109023	0.0286092480400008	0.00345314957528581	0.00869356661089313	0.0175505404995849	0.00917618982596513	0.0158658964301653	0.0254665933603922	0.0403216604710125	0.0297224271972888	0.00785230231632093	0.00657706172688968	0.0105296684401361	0.00998067052423202	0.0161395836513965	0.014532595400205	0.00426403548786377	0.0107463724527345	0.0280096021212533	0.0158871518459072	0.0154387547797162	0.0128214313942767	0.019469692313045	0.0167883631996621	0.02510750740917	0.0170062320187626	0.0172675304137159	0.00778217133067555	0.0175329325649066	0.0167638564448716	0.00724854056453557	0.0173370357458613
OM5_B_B_2	0.0251546247120909	0	0.0119633284917287	0.0182696136683144	0.0165361550147852	0.0112370250363702	0.0513014768339927	0.0273856459419644	0.0275045998327986	0.0511009116255554	0.0379934097289094	0.0375569878883687	0.0430332784171936	0.0231554425704442	0.036861703604423	0.0501363896739894	0.0208062913311337	0.0270355852331841	0.0287934475307574	0.00652349066991844	0.00689842649582109	0.0376452570763679	0.00739457958951297	0.0174930384579289	0.00840664828817169	0.0120979602293995	0.0125773790030379	0.0290771601963187	0.0114209482915859	0.0153684989441811	0.0349423251345452	0.0143707737338265	0.0464806244516495	0.0551435748707166	0.0423396678008125	0.0185346798477779	0.0139534882738692	0.0161331064705355	0.051573050881153	0.0269524374091739	0.0336150109494411	0.0394307028715553	0.0208510631320449	0.0403668312333223	0.00668757868223709	0.0160334997601866	0.0160873948405808	0.022327796636816	0.0200478097332282	0.0206827291156586	0.0165434909535581	0.0412175328701491	0.0395783676876116	0.0287847041151823	0.0338642047517412	0.0518670250693251	0.0409513010987395	0.0403202993402904	0.0379099772912695	0.0427888074702753	0.0392824978290934	0.0499232957525275	0.0416544329525266	0.0421398412372169	0.0320960360132555	0.0409162257454354	0.041355184606881	0.0295649484404336	0.0423313675123533
OM5_B_B_3	0.0134023187343173	0.0119633284917287	0	0.00702470463152902	0.00960370645276333	0.0117879995032407	0.0394060997827845	0.0155157732809214	0.0156516374764965	0.0392232004199584	0.0262107558963377	0.0256317898643977	0.0311670115493345	0.0146243301598039	0.0250315571230432	0.0384272984881874	0.0119547151597172	0.0153482633833641	0.0176848262275926	0.0178222737276196	0.0111419729502451	0.0261819534761457	0.00465277131054387	0.0131098083345513	0.00356416577357348	0.0240024088322222	0.0238815560965597	0.0172238053677139	0.0121764088947523	0.00909691600548128	0.0230976101645981	0.00591994239364713	0.0346147674278892	0.0433291403477947	0.0304417145304712	0.00717680569796135	0.0218734973012806	0.00983819136711095	0.0399183572141538	0.0150518685167669	0.022016674162259	0.0279239659541975	0.00961093043240952	0.0284420208119386	0.013212444081233	0.0277128543027004	0.0210579753540548	0.0126313598307526	0.00947370597333228	0.0110610164194004	0.00700628564353781	0.0295266476929618	0.0276863676124321	0.0168546787862499	0.0222172422476408	0.0400460426148064	0.0290758223956482	0.0286666102044389	0.0260503826137211	0.0309917518524471	0.0275928971953102	0.0379840420871912	0.0297414103300349	0.0302048411600392	0.0202699132187308	0.0291505226406539	0.0295213426911326	0.0184887899109466	0.0304876928200938
OM5_C_4A_1	0.00820214841021941	0.0182696136683144	0.00702470463152902	0	0.00888475845590452	0.0143582073033643	0.0340035180902776	0.0095292597279996	0.00960650267434016	0.0340062701953352	0.0212627747176242	0.0205317687401452	0.0257931791700189	0.0102085430892815	0.0204389476393139	0.0338854712000344	0.00844766049209256	0.0119429019604865	0.0149625252894736	0.0242585461658352	0.015439867537831	0.0226197110730911	0.011239703614517	0.0119861763698309	0.0101390693501463	0.0299306794608932	0.0292113044401691	0.0129166058461411	0.0143868476046392	0.00783308101861483	0.0170099779944718	0.00610437981793301	0.0296077267025355	0.0384265391226855	0.0253886986095184	0.00493547425465939	0.0256951893517963	0.00897846573730832	0.0354370886185514	0.00921373057681877	0.0161715815001597	0.0241473553003107	0.00842552494057028	0.0232313416145176	0.0201495510602258	0.0337281390635895	0.0237260691841267	0.00903615449088662	0.00610253962276362	0.00503183250610607	0.00583712532699828	0.0236448262282857	0.0220743936789857	0.0113928048238771	0.0156532785315444	0.0351521034795974	0.0231879335344618	0.0234792376610643	0.0204931112135092	0.0262863907137834	0.0232861612203599	0.0323908077881198	0.0237166156636685	0.0246190845572411	0.0140350473037115	0.0246731464017667	0.0245501807635334	0.0148471349368023	0.0251150099539592
OM5_C_4A_2	0.0130112398027959	0.0165361550147852	0.00960370645276333	0.00888475845590452	0	0.00848384710509142	0.0399919408058513	0.0156770785280921	0.0164398867988373	0.0399554541616996	0.0255902491130017	0.0263716783320961	0.0322877655101193	0.00693016960953705	0.0260411888849558	0.0388638220642505	0.00461768780782546	0.0185913870267968	0.018431166617788	0.0211041151903051	0.0118230828764698	0.02845162825702	0.0109464819897085	0.00539121222350169	0.0106321550356875	0.0268499986292075	0.0254426556473484	0.0195494482270112	0.00958669149843071	0.0056169896282074	0.0234132349385123	0.00396690171500886	0.0347352411821562	0.0439807876002079	0.0308402227929354	0.00812901745067907	0.0199570677696153	0.0019577993358403	0.0415843880964561	0.0155412087987185	0.0196543638204168	0.0303580435542168	0.0157102514210405	0.0286200925935311	0.018421011420513	0.0295896863432305	0.0168059862214655	0.00693488900928993	0.00663565578247317	0.0101440032516791	0.00389807820390317	0.0271689986055222	0.0267383368438003	0.0171501495615524	0.0216600151033672	0.0408426195970262	0.0277750877895752	0.0268910015426192	0.0249758000817126	0.032465533976895	0.0297554658024643	0.0373909723125885	0.0290956716177114	0.029657754116685	0.0196145301728058	0.0304753472262894	0.0292487168078648	0.0170286424153283	0.0294217975286588
OM5_C_4A_3	0.0207665015598693	0.0112370250363702	0.0117879995032407	0.0143582073033643	0.00848384710509142	0	0.0477335453672632	0.023086544348041	0.0235282706731821	0.0477371276579745	0.0337861284192155	0.0341230212174652	0.039761879278656	0.0142976282093426	0.0338214039094871	0.0469477109140618	0.0128927474759316	0.0253862654895606	0.0260920121535273	0.0150136175145881	0.00475661187339617	0.0359059182415507	0.00972226259114316	0.00698500414688921	0.0100819983211989	0.0193417293591295	0.0173826684710147	0.0266840185536785	0.00230111713029103	0.00768758137525844	0.0307318395611813	0.00869955002698778	0.0427975693647561	0.0519376579036604	0.0387745046337165	0.0149271158418795	0.0116862303165252	0.00739849095513303	0.0492538929170117	0.0228842551858171	0.0278882409400183	0.0377474627743772	0.020828775873603	0.0365616225969675	0.0152738290394633	0.0221708557009904	0.00949959803735111	0.0154177594596744	0.0145988570978566	0.0149196348132202	0.0109602969521925	0.0354317517552647	0.0348530982800663	0.0247820320267707	0.0288647229978802	0.048737770417004	0.0358573289780242	0.0352691505332305	0.0331272522127074	0.040096122760788	0.0371575491046229	0.0454607611666388	0.0369031733331814	0.0376917475944549	0.0272380408174952	0.0382122465531831	0.0373910609807737	0.025233566436151	0.0376581302157168
OM5_C_4D_1	0.0272963073272244	0.0513014768339927	0.0394060997827845	0.0340035180902776	0.0399919408058513	0.0477335453672632	0	0.0246963981445195	0.0244244951735257	0.00160325766160328	0.0158897645443975	0.0140837221566886	0.00841765651251036	0.0357914939061513	0.0153460707013646	0.00883501381588071	0.0360593388730534	0.0246666484354224	0.0256389010812531	0.0569991995276315	0.0493915206437625	0.0163321960201573	0.0440329892429274	0.0430629888105745	0.0429589123420919	0.0633244235336136	0.0630395689212623	0.0223828726769167	0.0479405731096836	0.0407415135806158	0.0173500192053314	0.0392632580386044	0.00758783556144881	0.00651299031008959	0.00998959977729021	0.0338232402034527	0.0593652599591149	0.0407639772081943	0.00696615797188049	0.0249563943129938	0.0211546535537217	0.0143916393627998	0.0308937629192654	0.0118099856570979	0.0510805850775909	0.0670126073765125	0.0565295866315206	0.0339285692611329	0.0337854542753771	0.0343061754092839	0.0372373554306148	0.0155858716657598	0.0138744973020686	0.0231300919081527	0.0197802437060749	0.00470471255193209	0.0131892145225106	0.0160704034296532	0.015640642625085	0.00937410590926575	0.0131125712492397	0.00552900312961598	0.0114785925674043	0.0108300142493385	0.0206269966587252	0.0117913748006507	0.0124502237973375	0.0258276573872871	0.0123967735690567
OM5_C_4D_2	0.00367654721670746	0.0273856459419644	0.0155157732809214	0.0095292597279996	0.0156770785280921	0.023086544348041	0.0246963981445195	0	0.001550368186146	0.0247013529274341	0.0121446087769733	0.0112613256747075	0.0167070829940283	0.0129780402879474	0.0115189001130395	0.0246877082362492	0.0123924529515308	0.00686295241279249	0.00985414185462765	0.033146909473884	0.0247884376252019	0.0147056538188602	0.0200725913210477	0.0190111953198476	0.0190118095935418	0.0392548198524691	0.0386352813766683	0.0057343786966311	0.0233310776573427	0.0162637448854483	0.00802611304065713	0.0145959967168521	0.0202145232127276	0.0291010878291289	0.016028349930231	0.00973686973526162	0.0347126401766542	0.0163388923797807	0.0264794678900493	0.000653736065964777	0.00766504161640604	0.0160138599641013	0.0100010781389538	0.0138106726358204	0.0281285056659727	0.0428586122882513	0.0320982096969607	0.0108576779159169	0.00970843707673585	0.0106815700534033	0.0127612903091499	0.0145564412583516	0.0125980614456302	0.00236195560565297	0.00733353301732845	0.025864327749221	0.0137436489711332	0.0144835297176326	0.0110948419509106	0.0172868774873394	0.0147773977201905	0.0228698703161931	0.0143128645676449	0.0150931468925521	0.00477767639344427	0.0157494174540066	0.0152457733118645	0.0092945393080487	0.0157101675107543
OM5_C_4D_3	0.00496320194588735	0.0275045998327986	0.0156516374764965	0.00960650267434016	0.0164398867988373	0.0235282706731821	0.0244244951735257	0.001550368186146	0	0.0244721762396681	0.0127426646520175	0.0112546301228455	0.0162774004978433	0.0139008670287127	0.0116826297215978	0.024850158431093	0.0133633291346089	0.00684713570403778	0.0108799196669524	0.0334053129974381	0.0250224684361731	0.0147641199535228	0.0202524007749672	0.0195946454243722	0.0191455268141913	0.0393709021688231	0.0387912103013803	0.00565399858683304	0.0236414308817911	0.0165422045215028	0.00750549902785253	0.0150639695011361	0.0203346662150261	0.0290194561844273	0.0160907551588839	0.0104193410266935	0.0350820073478331	0.016969872993777	0.0262537807787566	0.00156959702881586	0.00867513337921253	0.0158899375140001	0.00973005859414022	0.0139192141371902	0.0284174537123745	0.043127962374873	0.0326218006042916	0.0120676922521938	0.0106754762477145	0.010545421826553	0.0134583325239618	0.0151428770322662	0.0129487488314449	0.00323903610967603	0.00686144922710268	0.0257581596518637	0.0140219512206704	0.0152354158637378	0.0115856456032609	0.0170876593374657	0.0145198313881922	0.0229149814631065	0.0142393735633741	0.0152412483055381	0.00492116143957928	0.0157446684338265	0.0156076664912711	0.0106849814069261	0.0161320899752857
OM5_C_4E_1	0.0271643772422166	0.0511009116255554	0.0392232004199584	0.0340062701953352	0.0399554541616996	0.0477371276579745	0.00160325766160328	0.0247013529274341	0.0244721762396681	0	0.0154786674691461	0.0138062144979916	0.00852895073655174	0.0359294244334895	0.014833866803391	0.00744085090738338	0.03606983406963	0.0242908035521755	0.0250497557711002	0.0567180950757519	0.0493494258597036	0.0154472664421453	0.0438308827331289	0.0431943292397021	0.0427749003223436	0.0631500889677122	0.0629453213090284	0.0220868374761566	0.0480055359409954	0.040857112243549	0.0176114604077526	0.0392117366889332	0.00677298855241341	0.0054533337906086	0.00949700588117128	0.0336273572492362	0.0593732433995854	0.0407911719787713	0.00550468595336375	0.0249319755506921	0.0211786735169179	0.0134922066114726	0.0305962265536125	0.011505031936995	0.050675080198704	0.066777204421458	0.0565786272564977	0.0338411066452095	0.0336564289250913	0.0345404811255936	0.0371329803777283	0.0157179715821683	0.0138184107682085	0.0230259307907916	0.0201863258732956	0.00319023922855523	0.0133518097139107	0.015770578230373	0.0155426606061123	0.0086790082373435	0.0124647874047689	0.00569528175941503	0.0118850532540893	0.0107980367271242	0.0207797626347825	0.011018489218851	0.0119257570361579	0.025396819224131	0.0121509086231389
OM5_C_4E_2	0.0132883923729652	0.0379934097289094	0.0262107558963377	0.0212627747176242	0.0255902491130017	0.0337861284192155	0.0158897645443975	0.0121446087769733	0.0127426646520175	0.0154786674691461	0	0.0048852756987778	0.0104521567504567	0.0219553499920291	0.00446848245320888	0.0133806592044302	0.0216813919256363	0.0125146578665253	0.0107205538717374	0.0431684318528081	0.0358519184209726	0.0083583308796321	0.0306199459159436	0.0293415416690301	0.0297036450747271	0.0499497242408917	0.0495530125774528	0.0104272368101532	0.0344360345641928	0.0276337864693237	0.00939454023397205	0.0254278879694807	0.00934701598560867	0.0186773485726667	0.00618038433574927	0.0196824012450595	0.0454029518770468	0.0267248284333027	0.0170648957914613	0.0123710331707245	0.00743004688410544	0.00938292818939327	0.019060586045874	0.0045494733458402	0.0373229973421681	0.0530499006746375	0.0423438326257659	0.0190626420829017	0.0192579867203074	0.0226014462537156	0.0229661222376083	0.00662721326318368	0.00378687008228377	0.0100137210011855	0.0113480598495412	0.0157262809759466	0.00584469450845553	0.0037745004865764	0.00309836312416146	0.00908974529867811	0.00867848208483554	0.0128218642508723	0.00805434650151128	0.00580318162680719	0.00928272237579782	0.00696462053576465	0.00373175892975762	0.0100502212641911	0.00469030317454094
OM5_C_4E_3	0.01343617642814	0.0375569878883687	0.0256317898643977	0.0205317687401452	0.0263716783320961	0.0341230212174652	0.0140837221566886	0.0112613256747075	0.0112546301228455	0.0138062144979916	0.0048852756987778	0	0.006796929153816	0.0230564715026594	0.00247850368911773	0.0136500111692703	0.0227311259485423	0.0110281520241941	0.0121439461399042	0.0431057438862998	0.0357188873674557	0.00675364345236766	0.0302176521023574	0.0299620907093223	0.0291914358158472	0.0496121347886111	0.0493452221424134	0.00863570456110976	0.0345052641820012	0.0275090071323918	0.0064260665397676	0.0255320055311962	0.00922707393398453	0.0179178870144956	0.00492603178564283	0.0198327988024755	0.0457513866773209	0.0272833231643738	0.0153453347727689	0.0114221032418355	0.00921733087854764	0.00688735887994049	0.0175194204743338	0.00306265293832375	0.0372363173955316	0.0531162733139594	0.0430761764029809	0.0204576556106347	0.0199541950296822	0.0217074382904431	0.0234020777806946	0.00911548939408838	0.00483964531758627	0.00934994182234391	0.00934489918899187	0.0146621451813557	0.00647043836842508	0.00805585302756004	0.00490794529854541	0.00624974876455259	0.00506152721590578	0.0126315498913296	0.00652233286507382	0.00550916507389265	0.00820257790477718	0.00489580611376072	0.0053088640547765	0.0125515145889321	0.00680646763089723
OM5_C_4F_1	0.0195219956198312	0.0430332784171936	0.0311670115493345	0.0257931791700189	0.0322877655101193	0.039761879278656	0.00841765651251036	0.0167070829940283	0.0162774004978433	0.00852895073655174	0.0104521567504567	0.006796929153816	0	0.028573962294934	0.00859841710299616	0.0118236056132442	0.028609960420995	0.016702268265045	0.0188450639514919	0.048840177806396	0.0412003997675573	0.0105988209177574	0.035807488081139	0.0354213182978792	0.0347082514950476	0.0550348128055894	0.0547672937399751	0.0143566448614829	0.0398998570240468	0.0327383964809778	0.009445392848077	0.0312409676818803	0.00762855975742653	0.0136125368114692	0.00543897475999311	0.0258815810211735	0.0513380609846794	0.0329874860423997	0.011124678570935	0.0169176459692289	0.0147151020424114	0.0089667337191939	0.0226898910131473	0.00595780128012853	0.0430608900734898	0.0588353072292898	0.0487460174911166	0.0266292643553047	0.0260802654140529	0.0262638596097299	0.0293625882731651	0.0118304379569599	0.00846789766122985	0.0152678814080604	0.012282449073925	0.0104568708430138	0.00847415044314194	0.0121888310595046	0.00978584728922548	0.00454212836496951	0.00661662382753202	0.00918773811702001	0.00612830942292444	0.00634495682855886	0.0130017484295111	0.00661149364919189	0.00833883711552342	0.0193084437280545	0.00902366607755912
OM5_C_4F_2	0.0111323598846444	0.0231554425704442	0.0146243301598039	0.0102085430892815	0.00693016960953705	0.0142976282093426	0.0357914939061513	0.0129780402879474	0.0139008670287127	0.0359294244334895	0.0219553499920291	0.0230564715026594	0.028573962294934	0	0.0231913487921149	0.035285553020873	0.003238087899084	0.0180242613876392	0.0175746289351477	0.0279559182259962	0.0180131358593403	0.0265330900094878	0.0171856889972764	0.00807695011385146	0.0165925454874328	0.0333585504316292	0.0316500765634816	0.0180324057962512	0.0148361950780109	0.0090619983565476	0.0195602202413071	0.0092466862509686	0.0308495274997105	0.0400549214345776	0.0271721418322498	0.01023477094282	0.025377679520518	0.00719176065406938	0.0382986170847068	0.0131366985969027	0.0150494943945825	0.0282261271440782	0.0173684394067079	0.0248830440737861	0.0251920203449229	0.0361719226469004	0.0214701425737027	0.00531281075008089	0.00736067611214274	0.00920363974289543	0.00802276862157442	0.022076616509002	0.0224103165656747	0.0144966942993117	0.017301796787146	0.0370413738314576	0.0230527771009682	0.022590353786275	0.0207486373794271	0.029303599866826	0.0272221562541867	0.0327678455918661	0.0244631100661111	0.025341529299108	0.0156193674944767	0.0275272541894836	0.0255032422583627	0.0149503382776009	0.0250972033893883
OM5_C_4F_3	0.0131149148937485	0.036861703604423	0.0250315571230432	0.0204389476393139	0.0260411888849558	0.0338214039094871	0.0153460707013646	0.0115189001130395	0.0116826297215978	0.014833866803391	0.00446848245320888	0.00247850368911773	0.00859841710299616	0.0231913487921149	0	0.0135168742080565	0.0225615568362754	0.0100987089058304	0.0104226073304912	0.0422232934696407	0.0353310861951785	0.00475362618424625	0.0295409986960524	0.0299702359774303	0.0285646830651524	0.0489342277864313	0.0488076709715839	0.00803481765372217	0.0343393138001112	0.0275366839666084	0.00832163535559215	0.0251954294873302	0.00969134803326001	0.0184194067740896	0.0056850283059363	0.0192099456418084	0.0453945145029376	0.0270928079709818	0.0156012194052427	0.0115760312230851	0.00973983838503522	0.00562557541060526	0.0167883103490979	0.00431758417332486	0.0361254701625277	0.0522990761707715	0.0428010740902853	0.0200816889044645	0.0194844827592851	0.0221584098232517	0.0229543752968713	0.0102460657946662	0.00617481931301666	0.00934908111548159	0.0110984446505704	0.0151983667455299	0.00813750874029336	0.00812900583386031	0.00587276296403119	0.00671780718818781	0.00474196222607407	0.0138290808642348	0.00876566360437587	0.00706620536424332	0.00929792014738529	0.00443879460251964	0.00536609700865687	0.0113432874833082	0.007530512104256
OM5_C_4H_1	0.026267941253022	0.0501363896739894	0.0384272984881874	0.0338854712000344	0.0388638220642505	0.0469477109140618	0.00883501381588071	0.0246877082362492	0.024850158431093	0.00744085090738338	0.0133806592044302	0.0136500111692703	0.0118236056132442	0.035285553020873	0.0135168742080565	0	0.0350479460053842	0.0233558216716529	0.022185131416644	0.0552484768027424	0.0486901230073304	0.0131421496596766	0.0428579590122496	0.0426837287206903	0.0419271784893109	0.0621790974864591	0.0621333239011103	0.0214906183276026	0.0475656750606345	0.0407290190588864	0.019265132839563	0.0384438789607971	0.00509620639082348	0.00658025258163806	0.00893252817610785	0.0324337082417775	0.0585280868617291	0.0400106507856865	0.00668224465982414	0.0248510553712595	0.0204025979449431	0.0119307687029056	0.0299921500483656	0.0111293333541704	0.0488567213592279	0.065335844652538	0.0556376148087169	0.0323859476339505	0.032407880373771	0.0352333865272169	0.0360429466179295	0.0151252455742053	0.0134106914918719	0.0225896367855122	0.0219611988191008	0.00493336135680905	0.0137110914981526	0.0133543875604312	0.014779216901281	0.00905953638178187	0.0122154222143322	0.00782275749061669	0.0139137890811305	0.0111021851160543	0.0213397980983039	0.00966516977419469	0.00980428061265536	0.0226542970181791	0.0107020837404744
OM5_C_4H_2	0.00986438966091294	0.0208062913311337	0.0119547151597172	0.00844766049209256	0.00461768780782546	0.0128927474759316	0.0360593388730534	0.0123924529515308	0.0133633291346089	0.03606983406963	0.0216813919256363	0.0227311259485423	0.028609960420995	0.003238087899084	0.0225615568362754	0.0350479460053842	0	0.0163865066259804	0.0157992421614983	0.0255785828518431	0.0162579530156502	0.0254446426084926	0.0145528170767649	0.00789803983564327	0.0139929169181261	0.0314156208324192	0.0300109305629238	0.0168214896613858	0.0137211368213066	0.0080629629563369	0.0197537585833719	0.00680963699643407	0.0308053264637765	0.040080790953319	0.0270196224547744	0.00747651606194142	0.0243122582824416	0.00557725086732199	0.0379980387757953	0.0123971484534219	0.0153614121674779	0.0272882814137276	0.0151452532330777	0.0247674802357978	0.0223298378415047	0.0341972045002354	0.02078795126491	0.0031928262491501	0.00462000102498669	0.00906745885337871	0.00505353696558246	0.0227560145027752	0.0226169771841344	0.0137786593694587	0.017890788463143	0.0370017248896538	0.0235383526797817	0.0227024455637955	0.0208690558652279	0.0289299458315823	0.0265277805554779	0.0332097919742956	0.0249886405913808	0.0255761748236567	0.0157798344924016	0.0269817477590177	0.0253308194136837	0.0136805917170845	0.0252725762036662
OM5_C_4H_3	0.00706242552918694	0.0270355852331841	0.0153482633833641	0.0119429019604865	0.0185913870267968	0.0253862654895606	0.0246666484354224	0.00686295241279249	0.00684713570403778	0.0242908035521755	0.0125146578665253	0.0110281520241941	0.016702268265045	0.0180242613876392	0.0100987089058304	0.0233558216716529	0.0163865066259804	0	0.00711454568717238	0.0325187112656372	0.0261489388659632	0.0109785696841492	0.0198281011406371	0.0229113141688195	0.0188334375890659	0.0391231122806851	0.0392098281997695	0.00262869818442031	0.0258509752234379	0.0195944299587155	0.0109792084751319	0.0167498928812361	0.0197672478798372	0.0281582512676896	0.0156448723444707	0.0107157540079681	0.0366253018429169	0.0195614866372066	0.0246143957224426	0.00632393937144115	0.0118878886853603	0.0126097320916578	0.00672399543680246	0.0139434635201549	0.026443160585846	0.0426697287555286	0.0347295508553454	0.014378924793905	0.012256884543072	0.0151381970289737	0.0149137525790577	0.0174775416834647	0.0143036768740798	0.00584462158559613	0.0121666197962819	0.0248810810465197	0.0160687548581014	0.0158846958961753	0.0129950011117943	0.0158063986998621	0.0123116494993838	0.0236419582363	0.0165123484864883	0.0162520809137332	0.00960996777826323	0.0139241943935207	0.0151582820149698	0.00963828616611091	0.0167634752286318
OM5_C_5A_1	0.00805467602388157	0.0287934475307574	0.0176848262275926	0.0149625252894736	0.018431166617788	0.0260920121535273	0.0256389010812531	0.00985414185462765	0.0108799196669524	0.0250497557711002	0.0107205538717374	0.0121439461399042	0.0188450639514919	0.0175746289351477	0.0104226073304912	0.022185131416644	0.0157992421614983	0.00711454568717238	0	0.033449049164007	0.0276190042110233	0.0113032758035829	0.0216492996496634	0.0232897415330336	0.0209194836500608	0.040638031661446	0.0406236763399002	0.00757680678222791	0.0271034393210384	0.0213227697533476	0.0141125209497122	0.0178923741160509	0.0191630413203551	0.0280172429896824	0.0157016635218514	0.0115879188799856	0.037269092056851	0.0199250846488588	0.0252301999895483	0.00957800304281949	0.0107431754211359	0.0136761027468814	0.0116737406954282	0.0141103489107016	0.0272133323620784	0.0434237514634382	0.0347895437119182	0.012880864322153	0.0120379175714003	0.0183525729737411	0.0153118848718338	0.0159859162042638	0.0137904058598157	0.00811917121372208	0.0151519348399187	0.0249828573910282	0.0157791133415518	0.0132426619189774	0.0122185506207911	0.0169328656547302	0.0141280732665712	0.0233567093448681	0.0174988414240463	0.0161703095966288	0.011714107247698	0.0143047220862004	0.0139250943350329	0.00421933642119641	0.0153959735059437
OM5_C_5A_2	0.0305964490387272	0.00652349066991844	0.0178222737276196	0.0242585461658352	0.0211041151903051	0.0150136175145881	0.0569991995276315	0.033146909473884	0.0334053129974381	0.0567180950757519	0.0431684318528081	0.0431057438862998	0.048840177806396	0.0279559182259962	0.0422232934696407	0.0552484768027424	0.0255785828518431	0.0325187112656372	0.033449049164007	0	0.0113336199956634	0.0427824507002642	0.0131933166515982	0.0218299274530449	0.0143574419683471	0.0078272896884629	0.00933747690876214	0.0346627280191707	0.0155919463989526	0.0208214337658033	0.0408801442384946	0.0197353639858462	0.051811286237095	0.0605285949274402	0.0477756837798541	0.023830216130483	0.0130844776979607	0.0208726514641641	0.0569785257193107	0.0327135690934317	0.0389291534462116	0.0447035942458799	0.0265408620059292	0.045839571627913	0.00742387460770815	0.0102665785099179	0.0164309966622956	0.027003309360257	0.0251106007092992	0.0267494372124327	0.0216418881641137	0.0465130840727558	0.0450152684919629	0.034392891397981	0.039850488038686	0.0572926931081061	0.04646144004381	0.0453651451722286	0.0432962921692919	0.0483018450665607	0.044770760270546	0.0554290563319616	0.0473875320100187	0.0476491622046138	0.0378652060194344	0.0462704361629522	0.0465938266460781	0.0341919102392421	0.0476086197031846
OM5_C_5A_3	0.0226239285984199	0.00689842649582109	0.0111419729502451	0.015439867537831	0.0118230828764698	0.00475661187339617	0.0493915206437625	0.0247884376252019	0.0250224684361731	0.0493494258597036	0.0358519184209726	0.0357188873674557	0.0412003997675573	0.0180131358593403	0.0353310861951785	0.0486901230073304	0.0162579530156502	0.0261489388659632	0.0276190042110233	0.0113336199956634	0	0.0369601396373998	0.00769316552018718	0.0112305401762733	0.0083122483417589	0.01550151895686	0.0140575310654708	0.0277414387514623	0.00455517176272538	0.0100436403641654	0.0324015933574515	0.0105239316432949	0.0446445470995155	0.0536008251918712	0.0405075338773897	0.0163315508969675	0.0108651246032395	0.0108773017787911	0.0505215307481938	0.024488857819922	0.0304458382971767	0.0387373365955457	0.0206805769151656	0.0383633312554318	0.0121695127942669	0.0190411103654531	0.0110563320328713	0.0184883338572648	0.01688588351387	0.0165804128706137	0.013103483024104	0.0380808892647047	0.0370289550606628	0.026476484084531	0.0307809391992453	0.0503408914722813	0.0381512958830995	0.0377304456620949	0.0353345229833607	0.0414365091069266	0.0382459536480964	0.0475615054950803	0.0389602022653538	0.0397447611167761	0.0292229141412277	0.0396140075542912	0.0393590687332827	0.0274435377228469	0.0398984099050019
OM5_C_5B_1	0.0158184998645524	0.0376452570763679	0.0261819534761457	0.0226197110730911	0.02845162825702	0.0359059182415507	0.0163321960201573	0.0147056538188602	0.0147641199535228	0.0154472664421453	0.0083583308796321	0.00675364345236766	0.0105988209177574	0.0265330900094878	0.00475362618424625	0.0131421496596766	0.0254446426084926	0.0109785696841492	0.0113032758035829	0.0427824507002642	0.0369601396373998	0	0.0305284458096776	0.0327888143927313	0.0296053089888904	0.0496799223654296	0.049934576818097	0.00980044748308652	0.036511802584211	0.0300579609003664	0.0123713651120775	0.0272694698502904	0.0108709693549669	0.0182132087088238	0.00796832362381343	0.0210020929034817	0.0472443458862592	0.0296103526103775	0.0144902962089251	0.0145817938566156	0.0141171648984319	0.00250394116884543	0.0173110485675843	0.00789168530605707	0.0362325340861001	0.0529882955646019	0.0450312628641421	0.0228506188654378	0.0218231107656485	0.0250586962963412	0.0250739021999625	0.0145376112276739	0.0105797151680764	0.012534422954112	0.0153154434375938	0.0151223886627993	0.0124592083496256	0.0117454782375372	0.0104692955018008	0.00708834429043309	0.00424566309994558	0.0158101537324765	0.0127991458376636	0.0107201164169192	0.0134933269217157	0.00479055473413352	0.00823211675408297	0.0135765024008497	0.010981888863021
OM5_C_5B_2	0.0177893914355225	0.00739457958951297	0.00465277131054387	0.011239703614517	0.0109464819897085	0.00972226259114316	0.0440329892429274	0.0200725913210477	0.0202524007749672	0.0438308827331289	0.0306199459159436	0.0302176521023574	0.035807488081139	0.0171856889972764	0.0295409986960524	0.0428579590122496	0.0145528170767649	0.0198281011406371	0.0216492996496634	0.0131933166515982	0.00769316552018718	0.0305284458096776	0	0.0135180646126457	0.0012364030714887	0.0194276861328564	0.0194242910085202	0.021795169293649	0.0102289139914907	0.0103322542659929	0.0277184712846467	0.00797051335070877	0.0391345119705316	0.0478697353126881	0.0349948840687849	0.0112125066533402	0.018127525681561	0.0109212428057977	0.0444249038221668	0.019628809339222	0.0263167061811428	0.0323310145277005	0.0139268851899643	0.0330033034525433	0.00929653845697731	0.0230673835738114	0.0181078285442256	0.0156755873084199	0.0130055322026197	0.0144776947237328	0.00978739545108798	0.0338906811198205	0.0321946445927466	0.0214116157908197	0.026738169926814	0.0445963095495993	0.0335873454145589	0.0329735849645318	0.0305261742085273	0.0355514824807255	0.0321128809451714	0.0425547250586508	0.0343346622531757	0.0347627394276138	0.0248098405443563	0.0336543341582243	0.0339857168870582	0.0223873595495376	0.0349459494067585
OM5_C_5B_3	0.0170022967407417	0.0174930384579289	0.0131098083345513	0.0119861763698309	0.00539121222350169	0.00698500414688921	0.0430629888105745	0.0190111953198476	0.0195946454243722	0.0431943292397021	0.0293415416690301	0.0299620907093223	0.0354213182978792	0.00807695011385146	0.0299702359774303	0.0426837287206903	0.00789803983564327	0.0229113141688195	0.0232897415330336	0.0218299274530449	0.0112305401762733	0.0327888143927313	0.0135180646126457	0	0.0133031534794903	0.0262695601234242	0.0241352032892082	0.0235896826370065	0.00728539600216161	0.00515694354984292	0.026166431046761	0.00753795736464372	0.0382877058342991	0.0474668460314179	0.0344055754786507	0.012915247475057	0.017473686218634	0.00380545329313069	0.0452943414651574	0.0189847338017483	0.0227383873449096	0.0345297672082586	0.0198837816881688	0.032119311074779	0.0209026021320017	0.0290673703917247	0.0137306274829997	0.010994459710407	0.0113150695017534	0.0110338545275576	0.00878074563771766	0.0299902782396906	0.0299625357784147	0.0208066800104228	0.0239149292197666	0.0443541950935107	0.0307017216158289	0.0303541990741885	0.028285579366511	0.0361447591266906	0.0336423643334319	0.0404195709007288	0.0318403663475525	0.0328406716578649	0.0224921518542614	0.0343729830541719	0.0329219929066915	0.0215206847689825	0.0327725819020009
OM5_C_5D_1	0.0168420359965272	0.00840664828817169	0.00356416577357348	0.0101390693501463	0.0106321550356875	0.0100819983211989	0.0429589123420919	0.0190118095935418	0.0191455268141913	0.0427749003223436	0.0297036450747271	0.0291914358158472	0.0347082514950476	0.0165925454874328	0.0285646830651524	0.0419271784893109	0.0139929169181261	0.0188334375890659	0.0209194836500608	0.0143574419683471	0.0083122483417589	0.0296053089888904	0.0012364030714887	0.0133031534794903	0	0.0204404370154902	0.0203898068798039	0.0207657410895142	0.0104512180513165	0.0097523010226165	0.0265982328845793	0.00735228917499858	0.0381566207849589	0.0468664038980491	0.0339937369712952	0.0103821474909493	0.0189585081306083	0.010581479098205	0.0434138668970289	0.0185655935687145	0.0253929998478534	0.0313665795931304	0.0128893365071492	0.0319970118539294	0.0103827194174946	0.0241930184471585	0.0187820793818726	0.015089773386218	0.0122862733870881	0.0134347585157629	0.00916918059749948	0.0329531811225816	0.0312085542075191	0.0203900131971647	0.0256180173145222	0.0435850321280947	0.0325840499412057	0.0320966763175789	0.0295576017371807	0.0345236012727405	0.0310927352141588	0.0415362263355001	0.0332685616137916	0.0337507306896441	0.0237462910348017	0.0326707029302255	0.0330422308172813	0.0216773691019068	0.033997508540836
OM5_C_5D_2	0.0370161365221887	0.0120979602293995	0.0240024088322222	0.0299306794608932	0.0268499986292075	0.0193417293591295	0.0633244235336136	0.0392548198524691	0.0393709021688231	0.0631500889677122	0.0499497242408917	0.0496121347886111	0.0550348128055894	0.0333585504316292	0.0489342277864313	0.0621790974864591	0.0314156208324192	0.0391231122806851	0.040638031661446	0.0078272896884629	0.01550151895686	0.0496799223654296	0.0194276861328564	0.0262695601234242	0.0204404370154902	0	0.00406453693895676	0.0411595634193844	0.0192242514332026	0.0254873120775217	0.0467905254637629	0.0255193763622535	0.0585315782312777	0.0672144777981734	0.0543975036432583	0.0303641198600753	0.012725243185748	0.0261853196196418	0.0636246252836778	0.0388553258418893	0.0452881889360979	0.0514740141873021	0.0328791392231548	0.052404028450532	0.0149340828414115	0.00554724989041887	0.0178195734144716	0.033298236967926	0.0315028305085684	0.0315489904909542	0.0278299148601774	0.0529275328576146	0.05150175777815	0.040742150377224	0.0455110983660745	0.0639402156421254	0.0528132671611547	0.0521308281922315	0.0498144632502594	0.0548646518509808	0.0513512940793505	0.0619092429407664	0.0535359792911821	0.0541111356656457	0.0438974286142665	0.0529963305330688	0.0533624147482756	0.0412331481903198	0.0542622533485609
OM5_C_5D_3	0.0364321492265915	0.0125773790030379	0.0238815560965597	0.0292113044401691	0.0254426556473484	0.0173826684710147	0.0630395689212623	0.0386352813766683	0.0387912103013803	0.0629453213090284	0.0495530125774528	0.0493452221424134	0.0547672937399751	0.0316500765634816	0.0488076709715839	0.0621333239011103	0.0300109305629238	0.0392098281997695	0.0406236763399002	0.00933747690876214	0.0140575310654708	0.049934576818097	0.0194242910085202	0.0241352032892082	0.0203898068798039	0.00406453693895676	0	0.0410749313301013	0.0171063346909064	0.0238907624465522	0.0461832344275404	0.0244920653250413	0.0582896071296668	0.0671263260204216	0.0541471643547617	0.0298894688474588	0.00916063336278645	0.0245927245873129	0.0637614138370485	0.0382914038174111	0.0444201585611129	0.0517316207290991	0.0331571592656064	0.0520701103307624	0.0165186314172284	0.00700801418904905	0.0145190613505357	0.0321671815344879	0.0306705545740841	0.030287819596809	0.0269134261538292	0.0520613237322247	0.0509150242705312	0.0402511755974839	0.0446526174960354	0.0638526649102716	0.0521061734374828	0.0515268568688897	0.0492162651466761	0.054832544998327	0.0514488387641001	0.0614134935296961	0.052869961514978	0.0535958910526413	0.0431544653784616	0.052986358474051	0.0530379715303631	0.0408182763662224	0.0537335216449303
OM5_C_5E_1	0.00701513641611472	0.0290771601963187	0.0172238053677139	0.0129166058461411	0.0195494482270112	0.0266840185536785	0.0223828726769167	0.0057343786966311	0.00565399858683304	0.0220868374761566	0.0104272368101532	0.00863570456110976	0.0143566448614829	0.0180324057962512	0.00803481765372217	0.0214906183276026	0.0168214896613858	0.00262869818442031	0.00757680678222791	0.0346627280191707	0.0277414387514623	0.00980044748308652	0.021795169293649	0.0235896826370065	0.0207657410895142	0.0411595634193844	0.0410749313301013	0	0.0270774423210206	0.0204634639729682	0.00844441434618684	0.0179878472757258	0.0176169795245323	0.0261286480435794	0.0134050030906538	0.0120941220587907	0.0381099853933926	0.0204571782282782	0.0228029585822833	0.00537494606953109	0.0099186703391205	0.0112364381899768	0.00892796260147284	0.0115892886226289	0.0287741181940972	0.0447437786178646	0.0359596608303472	0.0147767412931885	0.0131091527201653	0.0153648505878281	0.0160765638108801	0.0151133098435171	0.0118561139721878	0.00423486574601954	0.0098651259779823	0.0228362661510384	0.0135505463630427	0.0138044355325354	0.0106078531022839	0.0137823485329403	0.0105263011018334	0.0212543424479237	0.0139050433872044	0.013787045174595	0.00735059712410585	0.0120127176817776	0.0130057388738241	0.00933999028882625	0.0144606585638146
OM5_C_5E_2	0.0213135880834107	0.0114209482915859	0.0121764088947523	0.0143868476046392	0.00958669149843071	0.00230111713029103	0.0479405731096836	0.0233310776573427	0.0236414308817911	0.0480055359409954	0.0344360345641928	0.0345052641820012	0.0398998570240468	0.0148361950780109	0.0343393138001112	0.0475656750606345	0.0137211368213066	0.0258509752234379	0.0271034393210384	0.0155919463989526	0.00455517176272538	0.036511802584211	0.0102289139914907	0.00728539600216161	0.0104512180513165	0.0192242514332026	0.0171063346909064	0.0270774423210206	0	0.00731978167444234	0.0307667392102537	0.00929729768239579	0.0432988838913294	0.0523591439524534	0.0392183864154696	0.0156930717762561	0.0115939873983796	0.00815287428264954	0.0496361531111214	0.023141122194027	0.0284115965632331	0.0382483230463102	0.0211249732522561	0.0369899158408395	0.0162530719582564	0.022453754321663	0.00979493990043497	0.0164287957822422	0.0154642650302793	0.0143919499005422	0.0118436675076558	0.0359307057628741	0.0353010707878577	0.025169444811318	0.0287961711017258	0.0491397151413608	0.0362293883082459	0.0359769348901449	0.0336194982470533	0.0404584400557445	0.0375328268301753	0.0458240786093318	0.0370976905335918	0.0380797751217884	0.0274239290161612	0.0386998409975994	0.0379805033355789	0.0262812908531142	0.0382108773972279
