	OM5_B_B_1	OM5_B_B_2	OM5_B_B_3	OM5_C_4A_1	OM5_C_4A_2	OM5_C_4A_3	OM5_C_4D_1	OM5_C_4D_2	OM5_C_4D_3	OM5_C_4E_1	OM5_C_4E_2	OM5_C_4E_3	OM5_C_4F_1	OM5_C_4F_2	OM5_C_4F_3	OM5_C_4H_1	OM5_C_4H_2	OM5_C_4H_3	OM5_C_5A_1	OM5_C_5A_2	OM5_C_5A_3	OM5_C_5B_1	OM5_C_5B_2	OM5_C_5B_3	OM5_C_5D_1	OM5_C_5D_2	OM5_C_5D_3	OM5_C_5E_1	OM5_C_5E_2	OM5_C_5E_3	OM5_C_5F_1	OM5_C_5F_2	OM5_C_5F_3	OM5_C_5G_1	OM5_C_5G_2	OM5_C_5G_3	OM5_C_5H_1	OM5_C_5H_2	OM5_C_5H_3	OM5_C_6A_1	OM5_C_6A_2	OM5_C_6A_3	OM5_C_6B_1	OM5_C_6B_2	OM5_C_6B_3	OM5_C_6D_1	OM5_C_6D_2	OM5_C_6D_3	OM5_C_6F_1	OM5_C_6F_2	OM5_H_2H_2	OM5_H_2H_3	OM5_H_6A_1	OM5_H_6A_2	OM5_H_6A_3	OM5_H_6B_1	OM5_H_6B_2	OM5_H_6B_3	OM5_H_6C_2	OM5_H_6C_3	OM5_H_6F_1	OM5_H_6F_2	OM5_H_6F_3	OM5_H_6G_1	OM5_H_6G_2	OM5_H_6H_1	OM5_H_6H_2	OM5_H_6H_3
OM5_B_B_1	0	0.0212831634647135	0.0296314514538349	0.0184675792266186	0.0286363742242801	0.0269483172686829	0.0491980124250569	0.047911547756443	0.054828958458657	0.0465510249505472	0.0293613749398501	0.0584578869731806	0.117835480683569	0.116961659707155	0.119862874971059	0.0612392123180201	0.0556886048258366	0.0618263009846008	0.0508330897674881	0.0338512074045957	0.0471979842284806	0.119042410026627	0.0895101405267537	0.0997699813929214	0.0120538669144514	0.0278678415676679	0.0316810741946651	0.0173970860227248	0.0369701695567694	0.0238739830006719	0.052620035578229	0.0358639007563594	0.0473831152178546	0.0831150990586925	0.0773671168593855	0.0680439194658872	0.0401957608870702	0.0483900458926448	0.0687334657976352	0.0126644557886939	0.0402223207164786	0.0251005726722389	0.0134663703117252	0.0127257151729031	0.0237112153300743	0.0301104677047374	0.0285158202113859	0.0407936423624857	0.0265936345938024	0.0345056777656105	0.0488618688661966	0.0444492456030947	0.0338201577837806	0.0328742646095127	0.0351731075770899	0.0487922663627792	0.116609583398531	0.0599684818763411	0.0441430147242477	0.0539894717511018	0.0323959548082809	0.0507915884965493	0.0469705261040638	0.0271341564606124	0.093388997708588	0.0498523126604961	0.04010910824951	0.0715046514732994
OM5_B_B_2	0.0212831634647135	0	0.0128730064262508	0.033170498776709	0.0253435433151483	0.0232101940360589	0.0527378960635671	0.0464943886985568	0.0517954292526238	0.052188796051109	0.0245421119160791	0.0536201176509153	0.114022788362407	0.110656538682755	0.111259246871366	0.0627241126717774	0.0503367787841101	0.0539904486392485	0.0530083953403993	0.0312254561508608	0.0339642651975175	0.115622425402668	0.0830298884273957	0.0926407901877752	0.0193769008954015	0.00938296349490841	0.0121309176368371	0.02068178289792	0.0225102707001714	0.0103302033703121	0.0561897172079735	0.0303879375162787	0.0405473552794222	0.0765639981972688	0.0693888696439136	0.0562424603790827	0.0430522020436961	0.0430640877221104	0.0661211381695792	0.019043261858815	0.0359860009921202	0.0100785622962319	0.0175101102079636	0.0141916724626593	0.0134479265501739	0.0317389114928924	0.0198023004469931	0.0251076314221447	0.0363274124927784	0.0231462877495725	0.0435108491248795	0.0375540784748574	0.0393787171971018	0.0282640933429938	0.026493678026166	0.0507189652051357	0.112800158431369	0.055613843330399	0.0399862249207171	0.0471605149509456	0.0346076221576448	0.0485998694997633	0.043452271818607	0.0333715237029465	0.0923926620624395	0.050551684930096	0.0339065927531304	0.0675712693580228
OM5_B_B_3	0.0296314514538349	0.0128730064262508	0	0.0364137699349026	0.0213676547548795	0.01762898373921	0.0464054784428331	0.038985074985734	0.0424388340132755	0.0482230120255346	0.0202001988495619	0.043731640267589	0.123192044438118	0.119249510637969	0.118745899177168	0.0740552693990793	0.0604278503020267	0.0626817214466062	0.0639012832056633	0.0416503856905711	0.0411367043439802	0.125236343396712	0.0919927240180975	0.101096694811731	0.0255349042914736	0.0164523104215084	0.00867011816008985	0.0309241682849498	0.0301993863654883	0.0185801817258477	0.0498276353032893	0.0224875902699509	0.0306333178980453	0.0855462341495298	0.0776543941729724	0.0627740979373187	0.0375793315433009	0.0331070665729548	0.0566682949053429	0.0229541246565822	0.0274746405958973	0.0119982173720663	0.0281846182261438	0.0217873935748837	0.0221629987135907	0.0435662116567622	0.0294652645041831	0.0315503453612798	0.035254582467868	0.0134621079232695	0.0335476658889802	0.0267193890312556	0.036284614433471	0.0204782518948229	0.0173628309325371	0.0442627974566037	0.102582015226942	0.0461093232333782	0.0311893721298764	0.0362052909539799	0.0303746000453611	0.0396845817731068	0.0341438958131827	0.031033209967098	0.0831161332076052	0.04378738681017	0.0243431823541748	0.0576855890707242
OM5_C_4A_1	0.0184675792266186	0.033170498776709	0.0364137699349026	0	0.0233949277304508	0.025727580675978	0.0354159637416597	0.0369358095005019	0.0448782288160712	0.0303249607927075	0.0253838404037678	0.0490519152988967	0.135602376550181	0.134384902595611	0.137502376042617	0.0784692166371521	0.0732858426430367	0.0792644712310727	0.0674930117240723	0.0512261912133475	0.0637643577738435	0.136578993154086	0.106892275651111	0.117113036502092	0.0247518654638727	0.0413042280497095	0.0412720807244184	0.0347653703340182	0.052318052200165	0.0385256979953198	0.0383889260572808	0.0304519632886927	0.040674665339119	0.100731223403064	0.094698404058194	0.0852800712571019	0.0286918503912555	0.0409441053909475	0.0575340523545742	0.0145140838116829	0.0334219292990596	0.0351951788917606	0.0310928931591613	0.0248735100110702	0.039038860522948	0.048023760045423	0.0454364611386479	0.0565295066495093	0.0148823382976622	0.0345348897873911	0.0414824590334483	0.0401407023514042	0.0196698654249846	0.0286959283871207	0.03247820269271	0.0351647583982458	0.10419884914912	0.0500781271874739	0.0360819783938995	0.047272589128442	0.0223425142356852	0.0410902301727141	0.0388922439363989	0.016206540500512	0.0797175102980572	0.0366993573614103	0.0346604606607556	0.0605817884241734
OM5_C_4A_2	0.0286363742242801	0.0253435433151483	0.0213676547548795	0.0233949277304508	0	0.0135359942134134	0.0301650612749574	0.023184154123677	0.0303758131383013	0.0283633891632507	0.00508490375652199	0.0324530572452543	0.138599315225878	0.134892181048446	0.135798851489202	0.0853007188228775	0.0743933058142534	0.078308218590678	0.0741773037373871	0.0537738088006088	0.0584005473182026	0.139976222788135	0.107170326544205	0.116727538973755	0.0295285144386434	0.0331725670796908	0.027727595422817	0.0393975631989001	0.046132466676621	0.0336602587787276	0.0333869903052757	0.0104856930083675	0.020824327673033	0.100968482893741	0.0935569033744942	0.0807861927063295	0.0229218108539559	0.0235104797462749	0.0444401527097674	0.0162104905597317	0.0162128966787276	0.0258291623443607	0.0353808031283286	0.0255101839943137	0.0359533876188701	0.0535128220904158	0.0437571916539043	0.0493149720378524	0.022501047919262	0.0133624549637075	0.0239670725208093	0.0227054248261459	0.0173418068395554	0.0117209582830746	0.0106682990468576	0.026606835800484	0.091120529941385	0.0339977767613269	0.0188031607404249	0.0290475001804753	0.0147951466721575	0.027728432864688	0.0238133510937494	0.0163305678724046	0.0692991571601635	0.026157801158047	0.015310430458518	0.0457056772281802
OM5_C_4A_3	0.0269483172686829	0.0232101940360589	0.01762898373921	0.025727580675978	0.0135359942134134	0	0.0317580217357816	0.0282416189961494	0.0321667606023881	0.0335627256543085	0.011533978860896	0.0358613757565573	0.134059693450648	0.130943174092322	0.131777400378527	0.0819162480943611	0.0704765974379468	0.0738184940171223	0.0694585077619352	0.048707272433493	0.0543901714256015	0.136009080946339	0.10314811514869	0.112668780173963	0.0232159092385367	0.0292491727659235	0.0232763822695117	0.0340217297830881	0.0425315767976767	0.0280153576563623	0.0348322142267368	0.0119129416649854	0.0228676144820593	0.0971031576471019	0.0892849077640693	0.0760181028016567	0.0212920554706866	0.023957812483344	0.0477290244237613	0.0166822563293632	0.0156559002585589	0.0192925761225329	0.0308361255017394	0.0206991607338848	0.0299009661421183	0.0504700220656376	0.0390473876427199	0.0453484843629598	0.0194415777864976	0.0138417591730162	0.0247159867861527	0.0197667959783743	0.0227782152110252	0.00791791351307527	0.0133290550673881	0.0311053032968094	0.0946261226724848	0.0377890478869832	0.0216934000754206	0.0286161212678019	0.0139217402220096	0.0284649551546213	0.0231646464219891	0.0153627618678959	0.072559313499167	0.0322788874706216	0.0157401885045467	0.0487048889536224
OM5_C_4D_1	0.0491980124250569	0.0527378960635671	0.0464054784428331	0.0354159637416597	0.0301650612749574	0.0317580217357816	0	0.0143803538931084	0.0166120828086857	0.0130132978892991	0.0316660549799306	0.0226101927766181	0.163945006407944	0.161698970533989	0.162799684264694	0.109679158940785	0.100820107697959	0.104902287323305	0.097553377982624	0.0785281969836577	0.0856043245658269	0.165628444758918	0.133966417531452	0.143652040183433	0.0497264874309076	0.0601788417977889	0.0535020843102535	0.0621475823749232	0.0737051103396872	0.0590156058875975	0.00489313324795451	0.0261620085686508	0.0245159502791745	0.127834614471264	0.120435441016893	0.107391764787323	0.0135266333597742	0.0209896561883484	0.0257362736529374	0.0391143008720914	0.0214150607839826	0.0507577218211097	0.0582549265353804	0.0489364262197445	0.0608574319433259	0.0780952173437526	0.0696034509813249	0.0763153418448016	0.0252087259445205	0.0364993676925829	0.0211321641391457	0.0263791452551365	0.0175147510236265	0.0265086125595556	0.0315437941314548	0.00759548962964781	0.070742810569221	0.022515725457341	0.0193960668496392	0.0254990044448782	0.0213746187079821	0.01429290026015	0.0175845736565278	0.0226040167053023	0.0455270647466956	0.0123120224237269	0.0247670640973452	0.0287903602704106
OM5_C_4D_2	0.047911547756443	0.0464943886985568	0.038985074985734	0.0369358095005019	0.023184154123677	0.0282416189961494	0.0143803538931084	0	0.0103263552539502	0.0186091636191736	0.0249564766890065	0.0133655363591775	0.159774633228832	0.156550152824229	0.156799065550192	0.106815403053129	0.0962278818600308	0.0998885866293683	0.0955700656954351	0.075349875838511	0.0792393618836509	0.161318420098604	0.128888458462644	0.138357527433474	0.0488042334316665	0.0539091890869114	0.0461353479124564	0.060053650350303	0.0674461702105373	0.054149095469433	0.0168353492280895	0.0188329816059467	0.0141606386327321	0.122687909072797	0.11518626285371	0.101163006720897	0.0177142593768893	0.0124923060206959	0.0220538728199421	0.0363418070651639	0.0146485117005912	0.0453398931018897	0.0556577757131584	0.0461450400808792	0.056609757026599	0.0749484099400568	0.065112792199304	0.0694850395892382	0.029636017308114	0.0277725350000502	0.0120616693785698	0.019338369220735	0.0179364420306004	0.0209658104524057	0.0227437020465574	0.00893141615150501	0.0692512159885318	0.0133478034285232	0.00898018731298788	0.0177995216008074	0.0213120317616558	0.00946641878579261	0.0116667115895463	0.0240367561878378	0.0467706089404391	0.00775813045694469	0.0164215646324969	0.0243333544185601
OM5_C_4D_3	0.054828958458657	0.0517954292526238	0.0424388340132755	0.0448782288160712	0.0303758131383013	0.0321667606023881	0.0166120828086857	0.0103263552539502	0	0.0254189909918044	0.0312634595657689	0.00725103188973952	0.164300598090212	0.160923944775405	0.160591043980304	0.112718167109846	0.101296515186048	0.104238955703064	0.101075401176975	0.0803894323518665	0.0832173846684242	0.16622098239268	0.133451763438087	0.142666517597008	0.0539628776778642	0.0582072981005272	0.0494601855652054	0.0654452743906055	0.0717918536837426	0.0584936729860458	0.0179278397573584	0.023083819291555	0.0141823313025974	0.127286562396964	0.11937962060755	0.104569985847577	0.0212279336315038	0.0099720212771726	0.0159186043471096	0.0434795641988859	0.0172165550972612	0.0493223623278751	0.0614745600898893	0.0518999833728314	0.0610530146497736	0.0809779377660791	0.069816371774615	0.0733929527778895	0.0352924717659671	0.0313324367854107	0.0094245625482718	0.0176021977444294	0.0263607949256739	0.0246903696485739	0.0267053126663456	0.0144741210313926	0.0629539003753065	0.00805611841157252	0.012100047973732	0.0118083515286288	0.0267603890958901	0.00499497524918048	0.00949380329475307	0.0304218605666065	0.0411404977881094	0.0142179729825029	0.0186020029816827	0.0173362427449967
OM5_C_4E_1	0.0465510249505472	0.052188796051109	0.0482230120255346	0.0303249607927075	0.0283633891632507	0.0335627256543085	0.0130132978892991	0.0186091636191736	0.0254189909918044	0	0.030101660076902	0.0297202898310318	0.162771725014673	0.160181061332525	0.162115153947631	0.107242828453991	0.0990762749030052	0.103847508987046	0.0952096524860982	0.077098796196328	0.0854132442475966	0.163909405597144	0.132302610045214	0.142188717477593	0.0491440591470654	0.0602462470818598	0.0548499052185577	0.0609305481177261	0.0730647614610202	0.0592259381460184	0.0133054281715472	0.0279257011936945	0.0292200569838605	0.126401000046223	0.119307457489701	0.107544672057894	0.016981729888393	0.0279984315842717	0.0338273033204882	0.036402747144808	0.0257723429726928	0.0513212162422312	0.056864700589033	0.0474355489032858	0.060742407645909	0.0759686661374303	0.0690763151033454	0.0765290296395542	0.0243038872027019	0.038280436386096	0.0283294560268856	0.0337992268650913	0.0141815446099708	0.0294340695273787	0.0334456096422593	0.0115477388361515	0.076339855063009	0.0291869064982964	0.0245083013700953	0.0333632508145533	0.0206769127297056	0.0237248846402921	0.0257618483116857	0.0218617598609135	0.0511236703383545	0.0144993652959629	0.0291327849070952	0.0359502384162919
OM5_C_4E_2	0.0293613749398501	0.0245421119160791	0.0202001988495619	0.0253838404037678	0.00508490375652199	0.011533978860896	0.0316660549799306	0.0249564766890065	0.0312634595657689	0.030101660076902	0	0.0335598853609768	0.137334696933938	0.133253985592154	0.134176411804567	0.0846843978158606	0.0728751382186318	0.0765178417576402	0.0727966894166228	0.0522713005027399	0.0566852856132877	0.138796517735539	0.105393466318085	0.114886403252783	0.0288787285241638	0.0316257176193559	0.0256554150897654	0.0384501756471518	0.0442526126474862	0.0321154801015031	0.0345020550088106	0.0092149991267564	0.0204675434712217	0.0994356276662469	0.0917331956649062	0.0788944937577617	0.0229166833837726	0.0236499921832869	0.0459898745756554	0.0169155014812131	0.0155587052203033	0.023353532830789	0.0347210999894224	0.0241579248922822	0.0341987792623865	0.0531630029289398	0.0424470904318403	0.0475960119065289	0.0232017082412761	0.0118407664776424	0.0242338297216958	0.0226056490192196	0.0202079821899802	0.0107706403417834	0.0104240222963295	0.0284929422709723	0.0920790204925405	0.0350567491873204	0.01985186553102	0.0286771359907517	0.0141873858137741	0.0286149776106635	0.0241113544019507	0.0173692650253678	0.0704433108810777	0.0284984914328137	0.0152551248150145	0.0464013639780264
OM5_C_4E_3	0.0584578869731806	0.0536201176509153	0.043731640267589	0.0490519152988967	0.0324530572452543	0.0358613757565573	0.0226101927766181	0.0133655363591775	0.00725103188973952	0.0297202898310318	0.0335598853609768	0	0.16626886361039	0.162369706324973	0.16158081830243	0.115383825458089	0.103393942549344	0.10604032731664	0.104315931801446	0.0832026205309846	0.0844905717900358	0.168123331081752	0.135122474168278	0.144159241101581	0.0578105927536905	0.0598109614263158	0.0507734491377751	0.06884410044846	0.0732382567564376	0.0608531858144455	0.0237666919429245	0.0256314603695396	0.0149822254097066	0.128891968247472	0.120921918628693	0.105753786904367	0.0273550212474374	0.0125758395277066	0.014045090769536	0.0468385047827633	0.0209429367704295	0.0517519741917699	0.0648440456714118	0.0553552357987291	0.0636986201330447	0.0836702196590355	0.0721038587209449	0.0746469409240894	0.0408569120764452	0.0323744818269127	0.0119411732603715	0.0199558741042745	0.0305864970665847	0.0280598627180266	0.0278606436515347	0.0188331209874149	0.0597990432172018	0.00426377436805559	0.0146525884287872	0.0125193962559986	0.0314883533169431	0.0115942916045071	0.0144839754315802	0.0354872181406421	0.0398016206943484	0.0166077912700996	0.0207660786777352	0.014899106377139
OM5_C_4F_1	0.117835480683569	0.114022788362407	0.123192044438118	0.135602376550181	0.138599315225878	0.134059693450648	0.163945006407944	0.159774633228832	0.164300598090212	0.162771725014673	0.137334696933938	0.16626886361039	0	0.0210283796846877	0.0293553837104516	0.0590818655435542	0.0652252106816801	0.0626692592409417	0.0717474799076405	0.0868299923307233	0.0839566504311959	0.00889932146264428	0.0366755446065663	0.0322735322486795	0.11583071716967	0.107454808855566	0.116819440866709	0.102965793982721	0.0952310443128523	0.106613111484867	0.167208079038887	0.143352165523704	0.153079181420726	0.0406096172514568	0.0501887400421383	0.0651926469131028	0.153075157680277	0.155323588131419	0.178406493402606	0.126920815905398	0.148428399410495	0.116200441317904	0.106749579014131	0.116273531703403	0.104428505855153	0.088114412279574	0.0958784051113345	0.0934581202842196	0.141924372563265	0.135428784967785	0.155796530966779	0.148386892213703	0.150154116129488	0.140668865355548	0.139658279318219	0.163305411021859	0.223513996169098	0.168364266526976	0.15312732155901	0.158266211818415	0.14504614969135	0.160778835404703	0.155433004756714	0.142479933301579	0.204591088968118	0.163656624628605	0.146656562387114	0.179840937996582
OM5_C_4F_2	0.116961659707155	0.110656538682755	0.119249510637969	0.134384902595611	0.134892181048446	0.130943174092322	0.161698970533989	0.156550152824229	0.160923944775405	0.160181061332525	0.133253985592154	0.162369706324973	0.0210283796846877	0	0.0155210942986997	0.0617211139823382	0.0619455412443962	0.0574521918935561	0.0715797385596987	0.0846196367783986	0.078598230058968	0.023416576537403	0.0285925585670329	0.0193705237598055	0.114234675950814	0.103378562305374	0.11227901248245	0.10166134916979	0.0899916889836113	0.103552268895439	0.164847516523437	0.139372997703401	0.148715020580035	0.0344354100727272	0.0422980425049669	0.0586399701562015	0.150673115762785	0.151591085896721	0.175174139425463	0.124670595089124	0.144814410541892	0.112497320285033	0.105653912219697	0.113856718681132	0.101501988460234	0.0876831499132656	0.0928418969438444	0.0886519674575613	0.140590402907405	0.130880644401921	0.152079220018351	0.144946889048535	0.147945403225384	0.137305379067564	0.135469949315865	0.160434421814166	0.219189047187975	0.164515919708619	0.14964499905829	0.154018794195072	0.142056660117806	0.157806559653484	0.152220815751177	0.140520764213937	0.201064178470002	0.160501716955014	0.14283016957763	0.175732197492516
OM5_C_4F_3	0.119862874971059	0.111259246871366	0.118745899177168	0.137502376042617	0.135798851489202	0.131777400378527	0.162799684264694	0.156799065550192	0.160591043980304	0.162115153947631	0.134176411804567	0.16158081830243	0.0293553837104516	0.0155210942986997	0	0.0682688943878807	0.065270569848661	0.0593436981019065	0.0778890094623454	0.087711322497056	0.0781501764963754	0.0328746992560203	0.0337216707396688	0.0242953386994692	0.116645770399715	0.103535581565725	0.111696226648532	0.104450212634398	0.0903067287038475	0.104325435799759	0.166049463186746	0.139707225020152	0.148248064955794	0.0378777195771422	0.0441868693721488	0.0567206479432075	0.152041066289326	0.151143152370844	0.174393186758257	0.126767594494642	0.14500369033192	0.113029511221873	0.108168746922945	0.116035657188294	0.102737220512052	0.0911029569935289	0.0941997987768338	0.0879665477475782	0.143008501949476	0.13056599594256	0.151568072141489	0.1442015636818	0.149632762236295	0.137689251312661	0.135321552694723	0.161328527616129	0.217396047302391	0.16382396275541	0.149524180203896	0.153101392446411	0.143639343337962	0.157697946343144	0.152053578478258	0.142398827844699	0.200503511272072	0.161123015543792	0.142638661378745	0.174873957379567
OM5_C_4H_1	0.0612392123180201	0.0627241126717774	0.0740552693990793	0.0784692166371521	0.0853007188228775	0.0819162480943611	0.109679158940785	0.106815403053129	0.112718167109846	0.107242828453991	0.0846843978158606	0.115383825458089	0.0590818655435542	0.0617211139823382	0.0682688943878807	0	0.022619389741447	0.0295525916868459	0.0197280348193291	0.0350396045427679	0.0433529505050973	0.0598070595353274	0.0388606522450111	0.0486746382805157	0.0612770005545244	0.0587190616463487	0.0692128081382229	0.0484817879476533	0.0494055106469599	0.0564480463349261	0.113031270815166	0.0916000317385957	0.102588537563546	0.0332566267352461	0.035126243432789	0.0417782540268914	0.099465599382387	0.104559296856975	0.1269175508384	0.0716721827591085	0.0967797069651329	0.0663969870590242	0.0520517677765937	0.0622539567037904	0.0538780746049868	0.0321753749064277	0.0455035855784655	0.0501401355703414	0.0864808052331776	0.0852619484382583	0.105015011502506	0.0984820970268138	0.0947045581976581	0.0887858662870919	0.0886803576411971	0.109127676677795	0.174101525233323	0.117244799562353	0.101339462446147	0.108695932784348	0.0912177676148844	0.108892474531334	0.104055018627171	0.0875046850569021	0.152743601412166	0.109737703519284	0.095550455556834	0.129068910069201
OM5_C_4H_2	0.0556886048258366	0.0503367787841101	0.0604278503020267	0.0732858426430367	0.0743933058142534	0.0704765974379468	0.100820107697959	0.0962278818600308	0.101296515186048	0.0990762749030052	0.0728751382186318	0.103393942549344	0.0652252106816801	0.0619455412443962	0.065270569848661	0.022619389741447	0	0.0098865552600771	0.0203649234891926	0.0236441211954631	0.0237623935867844	0.0668593689737637	0.0340114132091898	0.0443513119953873	0.0533251992945571	0.0441181521130744	0.0539601362669861	0.0404428596782924	0.0318608531595623	0.0432767336427174	0.104008251103196	0.07940710622103	0.0896581925329503	0.0279480646304895	0.0231135463634373	0.0227822864002888	0.089819970217792	0.0923035552868002	0.115919725010255	0.0632313993046081	0.0848169816293442	0.0525285092409316	0.0440751211480355	0.0523328269845638	0.040863344862855	0.0277346936672095	0.0323504604017674	0.0321277187135569	0.0793654798591698	0.071832766936361	0.0927797296543425	0.0860727284808254	0.0867052916375168	0.077094271108386	0.0760827780618785	0.0996794396469987	0.161869016498641	0.105328731526725	0.0898004538254006	0.0955905417962193	0.0811858110418911	0.0978757838873751	0.0924805605393695	0.0791757575251522	0.141872926395142	0.100046224022461	0.0833014552136157	0.116887224057484
OM5_C_4H_3	0.0618263009846008	0.0539904486392485	0.0626817214466062	0.0792644712310727	0.078308218590678	0.0738184940171223	0.104902287323305	0.0998885866293683	0.104238955703064	0.103847508987046	0.0765178417576402	0.10604032731664	0.0626692592409417	0.0574521918935561	0.0593436981019065	0.0295525916868459	0.0098865552600771	0	0.0275922271391967	0.0289672350828118	0.0229606982227777	0.0650901680208919	0.0298021769113235	0.0391829996556023	0.0580521398471276	0.0465514679191201	0.0557190594520141	0.0458893885177676	0.0333270148966676	0.0464361018841156	0.108069305411926	0.0824784685088271	0.0921514966389197	0.0237156720109918	0.0159433313943932	0.0146515775181353	0.0938419427134458	0.0949151377926458	0.118883271252259	0.0683761350007743	0.0878629966925835	0.0553461915621028	0.04985275653629	0.0571611199031471	0.0443197833129306	0.0350992850903219	0.0358918327558541	0.0328531513236059	0.0843408596774632	0.0742766962996054	0.0954175635633609	0.0883630540225566	0.091536766125234	0.080271258212893	0.0788284914112374	0.103704045984986	0.164070112222091	0.108165420703656	0.0929238659955328	0.0976041832614471	0.0852159623315636	0.101020844342045	0.0953932275252175	0.0838736803817098	0.144831684322255	0.103942413412071	0.0860396779306355	0.119461137521468
OM5_C_5A_1	0.0508330897674881	0.0530083953403993	0.0639012832056633	0.0674930117240723	0.0741773037373871	0.0694585077619352	0.097553377982624	0.0955700656954351	0.101075401176975	0.0952096524860982	0.0727966894166228	0.104315931801446	0.0717474799076405	0.0715797385596987	0.0778890094623454	0.0197280348193291	0.0203649234891926	0.0275922271391967	0	0.0228398181803184	0.0370112639954206	0.0734520578008483	0.0457637239863617	0.0556604180071356	0.0487464392353085	0.0488908213563644	0.0585859916265251	0.0364498809499186	0.039911754099482	0.0457279461789409	0.100627069559493	0.0795929111514075	0.0908231885283099	0.0409164513401089	0.0379721004539073	0.0410777508462042	0.086714750616924	0.0928804152498021	0.115989118925469	0.060488599362067	0.0845308172759367	0.0545319656598774	0.0410548564838443	0.0496884465067939	0.0423312720163531	0.0255967217711574	0.0352342579416017	0.0423180793172546	0.0739263576480453	0.0739640570610239	0.0933470468383756	0.0870501864993987	0.0834009733964176	0.0767845249140671	0.0776177115343489	0.0974014146335627	0.163017033687029	0.106045728994634	0.0900651889009426	0.0966838940697308	0.0784006057066593	0.0972098956924611	0.0921735422501241	0.0752639486112801	0.141039927200872	0.0985741282777899	0.083968830965118	0.117276132108078
OM5_C_5A_2	0.0338512074045957	0.0312254561508608	0.0416503856905711	0.0512261912133475	0.0537738088006088	0.048707272433493	0.0785281969836577	0.075349875838511	0.0803894323518665	0.077098796196328	0.0522713005027399	0.0832026205309846	0.0868299923307233	0.0846196367783986	0.087711322497056	0.0350396045427679	0.0236441211954631	0.0289672350828118	0.0228398181803184	0	0.0220530697295312	0.0887195917742701	0.0569090854665739	0.0669922315706433	0.0300631849482191	0.0264748822681541	0.0364975775081419	0.0173895209103363	0.0197670093080279	0.0233274576162959	0.081690469206494	0.0586151967787699	0.0695666646909092	0.0508671352650116	0.04445690724169	0.037479585301875	0.0675156473032978	0.0717105143848951	0.0953983216189879	0.0414737642738505	0.0638006180978962	0.0326006704268811	0.0221958089598857	0.0300703339005791	0.0200814825516077	0.013086350477533	0.0131529155532852	0.023397109378135	0.0563720422770395	0.0523947536692695	0.0722862897199866	0.0656739328739138	0.0648085809408098	0.0558689461655578	0.0560754726468888	0.0779654984218714	0.142215663963079	0.0851881617232008	0.069130376144065	0.0754273975082553	0.0589609880346094	0.0766932142296867	0.0714044050068963	0.0566663767172853	0.120899037314325	0.0787646170299664	0.0627047149926242	0.0966123620469733
OM5_C_5A_3	0.0471979842284806	0.0339642651975175	0.0411367043439802	0.0637643577738435	0.0584005473182026	0.0543901714256015	0.0856043245658269	0.0792393618836509	0.0832173846684242	0.0854132442475966	0.0566852856132877	0.0844905717900358	0.0839566504311959	0.078598230058968	0.0781501764963754	0.0433529505050973	0.0237623935867844	0.0229606982227777	0.0370112639954206	0.0220530697295312	0	0.0863161893895796	0.0516222518521912	0.0603066680702767	0.0427727032265408	0.0257648207072527	0.0339674085307074	0.0330463485690483	0.0128027137010367	0.0274452266065733	0.0889252823338332	0.0619894072158668	0.0708528670704961	0.0451225139844449	0.0370327427728129	0.0226892005364133	0.0751771221862199	0.0737898575313299	0.0974619337205593	0.0509706374143939	0.0673443924923079	0.0355667551145284	0.0355871948968575	0.040602136859504	0.0266899397599947	0.0286393500571782	0.0193726019599788	0.0105144016585315	0.0676351192520212	0.0528637748625801	0.0741820456599246	0.0671205913972015	0.0729093847579382	0.0600027911107083	0.0576647724795818	0.0838683130425863	0.142322033548882	0.0866740269055366	0.0719462857680604	0.0761794850121048	0.0667019346976512	0.080312484460941	0.0746492161272137	0.0659144244060536	0.123773115880866	0.0837000315470918	0.0650133670846847	0.0979809418866559
OM5_C_5B_1	0.119042410026627	0.115622425402668	0.125236343396712	0.136578993154086	0.139976222788135	0.136009080946339	0.165628444758918	0.161318420098604	0.16622098239268	0.163909405597144	0.138796517735539	0.168123331081752	0.00889932146264428	0.023416576537403	0.0328746992560203	0.0598070595353274	0.0668593689737637	0.0650901680208919	0.0734520578008483	0.0887195917742701	0.0863161893895796	0	0.038601185924914	0.0350751263325573	0.117798087204851	0.109393428987891	0.118992857815268	0.10474138507131	0.0972785139027728	0.108627458447431	0.168823405227526	0.145115848583072	0.154982659657206	0.0429499162236022	0.0530246987953106	0.0682543369649258	0.154710882955951	0.157309769523453	0.180253830625252	0.128185710516866	0.150333085471642	0.118181009715807	0.108243482185992	0.117897432900255	0.106444930709903	0.0892986973465574	0.0979749684545817	0.095701863159756	0.14348244231447	0.137384697139602	0.157820316939547	0.150662309447481	0.151437745843773	0.142576080990067	0.141463835218544	0.164821665278768	0.225290257585229	0.170141310293707	0.154888208664033	0.160531754871848	0.146606633401354	0.162696518485311	0.157446196039722	0.14402018838081	0.206324065883694	0.165096120685943	0.148605464200157	0.181776761658628
OM5_C_5B_2	0.0895101405267537	0.0830298884273957	0.0919927240180975	0.106892275651111	0.107170326544205	0.10314811514869	0.133966417531452	0.128888458462644	0.133451763438087	0.132302610045214	0.105393466318085	0.135122474168278	0.0366755446065663	0.0285925585670329	0.0337216707396688	0.0388606522450111	0.0340114132091898	0.0298021769113235	0.0457637239863617	0.0569090854665739	0.0516222518521912	0.038601185924914	0	0.0112083937292592	0.0867600491347803	0.0758863289879619	0.0849334933436786	0.0740740671544785	0.0624839176699445	0.0758669279659228	0.137031054483911	0.111655504211701	0.121256693807486	0.00898345068460409	0.0161205275203642	0.0335986676184858	0.122721715725385	0.12414872637563	0.14794596848249	0.0968612539713904	0.117092799308628	0.0846384786101844	0.0779008624289257	0.0858664168774148	0.0736645653075314	0.0608296338838353	0.065299120596563	0.0615176729609645	0.11282937444503	0.103482618793423	0.124654535841889	0.117729631140612	0.12020110481397	0.109595574147035	0.108035261705072	0.132711165264878	0.192470586860159	0.137149706743651	0.12209539030268	0.12682147490529	0.114103250851262	0.130252608517934	0.124676944078378	0.11265668055528	0.173745075201991	0.132916819714829	0.115347342071813	0.148436013281308
OM5_C_5B_3	0.0997699813929214	0.0926407901877752	0.101096694811731	0.117113036502092	0.116727538973755	0.112668780173963	0.143652040183433	0.138357527433474	0.142666517597008	0.142188717477593	0.114886403252783	0.144159241101581	0.0322735322486795	0.0193705237598055	0.0242953386994692	0.0486746382805157	0.0443513119953873	0.0391829996556023	0.0556604180071356	0.0669922315706433	0.0603066680702767	0.0350751263325573	0.0112083937292592	0	0.0966088651152326	0.0851924318285947	0.0938634125538935	0.0841848433203564	0.0715142259174233	0.0854688023810287	0.146748693332201	0.120977184356803	0.130283893942639	0.0176145061282487	0.0238692059618536	0.0407989506769478	0.132516873124537	0.133283241068884	0.157076566311497	0.106883360384159	0.126401641037301	0.0940892365433281	0.0881667941093023	0.0958190987208943	0.0833750433075126	0.0712196727836084	0.0749010042589576	0.0703386826564516	0.122869370636122	0.112472238308244	0.133748761785209	0.12673998487719	0.130091586582358	0.119000895894503	0.117200284394516	0.142314585290698	0.201129684169115	0.146240180377539	0.131415872528038	0.135613752713811	0.123847683403599	0.139598454673566	0.133947195759878	0.122581423504929	0.182872564982249	0.142441269938607	0.124524198302323	0.157351184959755
OM5_C_5D_1	0.0120538669144514	0.0193769008954015	0.0255349042914736	0.0247518654638727	0.0295285144386434	0.0232159092385367	0.0497264874309076	0.0488042334316665	0.0539628776778642	0.0491440591470654	0.0288787285241638	0.0578105927536905	0.11583071716967	0.114234675950814	0.116645770399715	0.0612770005545244	0.0533251992945571	0.0580521398471276	0.0487464392353085	0.0300631849482191	0.0427727032265408	0.117798087204851	0.0867600491347803	0.0966088651152326	0	0.0232217899481002	0.0264305320010801	0.0134463975839458	0.0323272476497742	0.0182697853153872	0.053105921587837	0.0340733969876675	0.0455267477682559	0.0804161027145383	0.0736064873934539	0.0634947369819531	0.0397649191428985	0.0465392155418574	0.0688434030174545	0.0161983172176516	0.038314870252288	0.0193421828411583	0.01291148005001	0.00914264138913118	0.0176728374173593	0.0305787654967372	0.0237182157353947	0.0364053810725304	0.0273656337535785	0.031552228170124	0.0470981018056429	0.041321703083119	0.0367259015223874	0.03049960956617	0.0332676387271501	0.0499493828507072	0.116580152958562	0.0597364984459952	0.043546387257001	0.0510602538840044	0.031710626122109	0.0499371262747808	0.0452617336224759	0.0280648591228958	0.0936267626545911	0.0513346038586854	0.0380046294131516	0.0707725468610135
OM5_C_5D_2	0.0278678415676679	0.00938296349490841	0.0164523104215084	0.0413042280497095	0.0331725670796908	0.0292491727659235	0.0601788417977889	0.0539091890869114	0.0582072981005272	0.0602462470818598	0.0316257176193559	0.0598109614263158	0.107454808855566	0.103378562305374	0.103535581565725	0.0587190616463487	0.0441181521130744	0.0465514679191201	0.0488908213563644	0.0264748822681541	0.0257648207072527	0.109393428987891	0.0758863289879619	0.0851924318285947	0.0232217899481002	0	0.0111299752925212	0.0208682461067448	0.0144282645637958	0.00671313289682292	0.0635073778938418	0.0367241034247005	0.0462290357753266	0.069493582584618	0.0617252302890227	0.0479086408301905	0.0500355329451182	0.0489231599548703	0.0727273390142615	0.0273806979079113	0.0422368717877048	0.0115398159558201	0.020160379490493	0.0193582578476152	0.00982089126484302	0.0298067130305541	0.0142128134631577	0.0170468073389795	0.0436866176468395	0.0283386170899295	0.0494351632172622	0.0427225323804901	0.047793060932796	0.03464435144667	0.0325421543220062	0.0583641082014035	0.118630302545708	0.062025487113822	0.0466940420127483	0.052133259069759	0.0416017831736972	0.0551715503650589	0.0496273364050924	0.0411483641490121	0.0989295587995411	0.0582205587265349	0.0399071449663641	0.0736271943760846
OM5_C_5D_3	0.0316810741946651	0.0121309176368371	0.00867011816008985	0.0412720807244184	0.027727595422817	0.0232763822695117	0.0535020843102535	0.0461353479124564	0.0494601855652054	0.0548499052185577	0.0256554150897654	0.0507734491377751	0.116819440866709	0.11227901248245	0.111696226648532	0.0692128081382229	0.0539601362669861	0.0557190594520141	0.0585859916265251	0.0364975775081419	0.0339674085307074	0.118992857815268	0.0849334933436786	0.0938634125538935	0.0264305320010801	0.0111299752925212	0	0.0286647359409874	0.0230913904426499	0.0145175104209173	0.0567580113643314	0.0289437256747139	0.0370445054946	0.0787041485088563	0.0705374121625931	0.0554731187670024	0.0438873077462148	0.0399701858542684	0.063842162878139	0.0270042040182012	0.0339161260246961	0.00934805349880184	0.0268110946177925	0.0218030772536292	0.0177822703845066	0.0401868225370825	0.0243394483057243	0.0242057411203788	0.0407655639484083	0.019497687218834	0.0403162391791611	0.0335775317829501	0.0431031789385392	0.0271608363633037	0.0244901608155877	0.0514331481986483	0.109073167328509	0.0529373523272402	0.0384112836041856	0.0424226581837771	0.0362850752292121	0.0467736772071067	0.0410448042330512	0.0370283702876004	0.0900507507184713	0.0511872375641049	0.0313727767906866	0.0641711877301245
OM5_C_5E_1	0.0173970860227248	0.02068178289792	0.0309241682849498	0.0347653703340182	0.0393975631989001	0.0340217297830881	0.0621475823749232	0.060053650350303	0.0654452743906055	0.0609305481177261	0.0384501756471518	0.06884410044846	0.102965793982721	0.10166134916979	0.104450212634398	0.0484817879476533	0.0404428596782924	0.0458893885177676	0.0364498809499186	0.0173895209103363	0.0330463485690483	0.10474138507131	0.0740740671544785	0.0841848433203564	0.0134463975839458	0.0208682461067448	0.0286647359409874	0	0.0246583320254982	0.0152495172453572	0.065434190034718	0.044566844534365	0.0559679408163823	0.0678157291975306	0.0615374329282274	0.0524767781400282	0.051603434791069	0.0574731954807376	0.0803060937929354	0.0255550911193395	0.0493027515775465	0.0222899234240799	0.0067994387287357	0.0148262484962316	0.0125598448299118	0.0181105110757253	0.0142417467842535	0.028624425093237	0.0395062090458471	0.0401291216634875	0.0580247289401624	0.0518368593134501	0.0483928184848294	0.041305894679859	0.0428230195237921	0.0619921448314534	0.127869611083891	0.070711566908692	0.0544590940618055	0.0618742932469395	0.0434237257582237	0.0614693337376974	0.0565783494615416	0.0400816510870059	0.105583644531876	0.0630929797748295	0.0486569437588188	0.0821372031591655
OM5_C_5E_2	0.0369701695567694	0.0225102707001714	0.0301993863654883	0.052318052200165	0.046132466676621	0.0425315767976767	0.0737051103396872	0.0674461702105373	0.0717918536837426	0.0730647614610202	0.0442526126474862	0.0732382567564376	0.0952310443128523	0.0899916889836113	0.0903067287038475	0.0494055106469599	0.0318608531595623	0.0333270148966676	0.039911754099482	0.0197670093080279	0.0128027137010367	0.0972785139027728	0.0624839176699445	0.0715142259174233	0.0323272476497742	0.0144282645637958	0.0230913904426499	0.0246583320254982	0	0.0168087036465953	0.0769429430482777	0.0499463227860827	0.0593034100642314	0.0562504786443144	0.0481237190143257	0.0351372534194835	0.0632495057276742	0.062419517466863	0.0863339786890701	0.0391618592748721	0.0555567183100193	0.0239720695618271	0.0264982687959143	0.0291287271966442	0.0163577207563917	0.0263140840450253	0.0115895527618491	0.00784161443119468	0.0559933294598675	0.041198073168595	0.0628554460035129	0.0562595247304229	0.0608527636699038	0.048197891522946	0.0459325707614007	0.0718051690147622	0.131600435433036	0.0753540810103094	0.0603570795367451	0.0651074936665437	0.0544338403880714	0.0688974987196501	0.0632538954711408	0.0539915542848209	0.112346457722988	0.0717010699753969	0.0534190165558497	0.0866991087466047
OM5_C_5E_3	0.0238739830006719	0.0103302033703121	0.0185801817258477	0.0385256979953198	0.0336602587787276	0.0280153576563623	0.0590156058875975	0.054149095469433	0.0584936729860458	0.0592259381460184	0.0321154801015031	0.0608531858144455	0.106613111484867	0.103552268895439	0.104325435799759	0.0564480463349261	0.0432767336427174	0.0464361018841156	0.0457279461789409	0.0233274576162959	0.0274452266065733	0.108627458447431	0.0758669279659228	0.0854688023810287	0.0182697853153872	0.00671313289682292	0.0145175104209173	0.0152495172453572	0.0168087036465953	0	0.0623320188670907	0.037184878587947	0.0473596391678923	0.0695301065901652	0.062043726326755	0.0489900595209029	0.0484129060123548	0.0494732191206213	0.0733190156421985	0.0252340241300972	0.0422657845062903	0.0106968677490362	0.0147312489282787	0.01535978484834	0.00408482830041239	0.026726564075224	0.0120196855483471	0.0195087729964813	0.0405972522360763	0.0301750302022677	0.0500243218737158	0.0431252511949272	0.0466023264558178	0.0343607375934614	0.0339092178713143	0.057949929949394	0.119888361584237	0.0629820968081375	0.0471732025794595	0.053057384100405	0.040245835156277	0.0550270677552405	0.0495574349463281	0.0389528648330929	0.0993694237790607	0.0583342751171449	0.0405534285791645	0.0745303374888871
OM5_C_5F_1	0.052620035578229	0.0561897172079735	0.0498276353032893	0.0383889260572808	0.0333869903052757	0.0348322142267368	0.00489313324795451	0.0168353492280895	0.0179278397573584	0.0133054281715472	0.0345020550088106	0.0237666919429245	0.167208079038887	0.164847516523437	0.166049463186746	0.113031270815166	0.104008251103196	0.108069305411926	0.100627069559493	0.081690469206494	0.0889252823338332	0.168823405227526	0.137031054483911	0.146748693332201	0.053105921587837	0.0635073778938418	0.0567580113643314	0.065434190034718	0.0769429430482777	0.0623320188670907	0	0.028949312492078	0.0266022601058683	0.131078648321059	0.123591019741486	0.110600336615521	0.0150354321654693	0.0231186032713808	0.0256172812374681	0.0424469935073416	0.0240839988440461	0.0538037582787882	0.0615615176478548	0.0521004263372897	0.0640707797589266	0.0815338816330064	0.0730271352659141	0.0796621500355252	0.0279206170135395	0.0397068345607093	0.0234418410935711	0.029314657534838	0.0209479450915957	0.0296641701347118	0.0347138794601217	0.00994735580740249	0.0684482808037323	0.0232781468961397	0.0222093666968212	0.0271789157537573	0.0236460165929571	0.0162931132578151	0.0199864425213299	0.0257761520497316	0.042927783745182	0.0144579597824796	0.0277543461693507	0.0279793873094754
