	OM5_B_B_1	OM5_B_B_3	OM5_C_4A_2	OM5_C_4A_3	OM5_C_4D_3	OM5_C_4E_1	OM5_C_4E_2	OM5_C_4F_2	OM5_C_4F_3	OM5_C_4H_1	OM5_C_4H_2	OM5_C_5A_2	OM5_C_5A_3	OM5_C_5B_1	OM5_C_5B_3	OM5_C_5D_1	OM5_C_5D_2	OM5_C_5D_3	OM5_C_5E_1	OM5_C_5F_2	OM5_C_5F_3	OM5_C_5G_1	OM5_C_5G_2	OM5_C_5H_2	OM5_C_5H_3	OM5_C_6A_1	OM5_C_6B_1	OM5_C_6B_2	OM5_C_6B_3	OM5_C_6D_1	OM5_C_6D_2	OM5_C_6F_1	OM5_C_6F_2	OM5_C_6F_3	OM5_H_2H_1	OM5_H_2H_2	OM5_H_6A_2	OM5_H_6B_2	OM5_H_6C_1	OM5_H_6F_1	OM5_H_6F_2	OM5_H_6F_3	OM5_H_6G_1	OM5_H_6H_2
OM5_B_B_1	0	0.0187850118105251	0.0083687370592389	0.0188297778380737	0.0350839324387654	0.0283951225874381	0.0273361362777	0.0190544547718812	0.0290222532858547	0.0229256892541669	0.0301173956280976	0.00214187347085902	0.00908596332268176	0.0222367723465145	0.03668993177068	0.00624664297051214	0.0262295594427657	0.0150285838578435	0.0185475978835121	0.011458857064189	0.0153115256647433	0.0236867725229455	0.0297789096896745	0.0337681074334356	0.0320877134360138	0.0343863604856576	0.0147179613134148	0.0194399824248728	0.0317945310428771	0.0243026306733755	0.0287437875531149	0.0105447626902404	0.00994788185767029	0.0110308290102521	0.027638508740735	0.0410089738915134	0.0285853657927178	0.0252729570821432	0.0343473714066561	0.0322924105902678	0.0290801598927614	0.0342750095677696	0.0448795425156908	0.0322320194290872
OM5_B_B_3	0.0187850118105251	0	0.0104934576763354	0.00111448992545247	0.0181463666439316	0.0122441172452899	0.00909435656880574	0.00509165154041744	0.011115031779701	0.00445410541907391	0.0115719082185925	0.0166676804742007	0.0239547326420591	0.00684538469225325	0.0194817803568292	0.0131298976177033	0.00871715008645321	0.00480242900520172	0.000280246492174969	0.00883359231845694	0.00432978756115288	0.00683447382922766	0.0128437099054251	0.0149925671290933	0.0147552202021792	0.0164885010151821	0.00453689192622636	0.00162984082545998	0.0140233756234505	0.00933886213737967	0.0117929660435626	0.00961784935673545	0.00914573576443933	0.00877100700277097	0.0100703200913049	0.0235016577055487	0.00996797436603532	0.00803454698943459	0.0163577363146636	0.0150246783157308	0.0112080995549676	0.0159168703661135	0.0272813806453486	0.0143743556406
OM5_C_4A_2	0.0083687370592389	0.0104934576763354	0	0.0106526369578499	0.0276248243104329	0.0210843192589002	0.0193045115394295	0.0116546599103924	0.0211289177974159	0.0147693236404008	0.0219781510819791	0.00622932193893188	0.0141405068369035	0.0148477419856971	0.0291432346230236	0.00393454713076241	0.0184224404313837	0.00735488758177087	0.0102451241694477	0.00386196514177534	0.00750938268584678	0.0159906475606132	0.0222370527430796	0.0254775066393439	0.024441744986432	0.0265450458301445	0.0068081448771253	0.0113043415364793	0.0239813087270162	0.0171863674474519	0.021174857689511	0.00321998989554521	0.00294422979476502	0.00319851837591016	0.0198415858406865	0.0333726734109289	0.0204067519688624	0.0175245131915351	0.0264682690037074	0.0246730669212456	0.0212001094970416	0.0262369000222377	0.0372236733414019	0.0243897214228988
OM5_C_4A_3	0.0188297778380737	0.00111448992545247	0.0106526369578499	0	0.0174990218538014	0.0114223476073329	0.00868701709026638	0.00398331113599819	0.0106127928531086	0.00411732625346252	0.0113281425683208	0.0167367829437074	0.0243742931898675	0.00581881143124917	0.0188885741343645	0.0130006483956028	0.0080742718122065	0.00429643591552137	0.00128680681891659	0.00937706692091413	0.00385873868867572	0.00600080889129406	0.0121463799232743	0.0149841245149767	0.0141511273011607	0.0160250787637567	0.00423868244647158	0.00070936142192387	0.0135107560416931	0.00834040698815541	0.0110844140885076	0.0101047136847506	0.00901642093504032	0.00923541981215287	0.00946407634539743	0.0229831737528894	0.00976779366964345	0.00731319699665318	0.0159185157553989	0.0144103874087562	0.0106966524136942	0.0155979786791071	0.0267935235619698	0.0138867651256924
OM5_C_4D_3	0.0350839324387654	0.0181463666439316	0.0276248243104329	0.0174990218538014	0	0.00671653924481569	0.00945628886034158	0.0160711025725706	0.00727818300706095	0.0138294238939469	0.00853055528281537	0.0331727468948859	0.0416880230117623	0.012865513789939	0.00173985587889391	0.0288495217881796	0.00943428631830942	0.0202920968600492	0.0184257223475243	0.0268710762719524	0.0201172777943624	0.0116640504188569	0.00539606398873911	0.010251019047381	0.00345438960464316	0.00360361670708515	0.0208251127920356	0.0167898948089363	0.00462544434388377	0.0108576130802645	0.00646346445225234	0.0275746639235522	0.0252740912455399	0.0266968688920403	0.00808250111451949	0.00608545047444128	0.00983657750157369	0.0102040414081981	0.00400593066024407	0.0031609988612823	0.0071589091199093	0.00587402477043482	0.00991637944162139	0.00454443346563022
OM5_C_4E_1	0.0283951225874381	0.0122441172452899	0.0210843192589002	0.0114223476073329	0.00671653924481569	0	0.00548309740294808	0.00944766394015504	0.00419062455874846	0.00840763177036321	0.00698473060014223	0.0265056104513103	0.0352052486873835	0.00624012864516447	0.00838345417338758	0.0221542107887535	0.00404699242884936	0.0137303501317059	0.0125125869118349	0.0206567870635112	0.0135973205739274	0.00542251143410558	0.00197367542238224	0.011094051689268	0.00424690021366401	0.00707045102440398	0.0143288414480664	0.0107256044931554	0.00485999925079295	0.00414429814409406	0.00167562180618319	0.0212940032465751	0.0186382384553703	0.0204097912632394	0.00341831836883865	0.0127562779035003	0.00715987990640401	0.00433032169785248	0.00723641853660474	0.00433044319394068	0.00408569036930004	0.0082620861703286	0.0166145649496006	0.00535475655840509
OM5_C_4E_2	0.0273361362777	0.00909435656880574	0.0193045115394295	0.00868701709026638	0.00945628886034158	0.00548309740294808	0	0.00882212613480462	0.00217823634996875	0.00464037209744267	0.00299454222316887	0.0252841471633255	0.0330309987061585	0.00635286150083127	0.0105877688253015	0.0212941807517519	0.00213197639304179	0.0123389969398674	0.00937213316554089	0.0179261111109869	0.0120314255768462	0.00430535033231324	0.00480208156831939	0.00741453677922336	0.00600491249342283	0.00740253434061324	0.0126243953218279	0.00801187110148446	0.00501485931886658	0.00637540799149702	0.00406183385801746	0.0187092031724345	0.0174004805175795	0.0178569422110984	0.00206506995620515	0.0144482701357284	0.00205775448310851	0.00297169920304591	0.00726407949285042	0.00630448703820077	0.00229912679430326	0.00694538336327964	0.0181997310452397	0.00531913113070839
OM5_C_4F_2	0.0190544547718812	0.00509165154041744	0.0116546599103924	0.00398331113599819	0.0160711025725706	0.00944766394015504	0.00882212613480462	0	0.0101646250234431	0.00555036478194594	0.0118035255367585	0.0171129485906069	0.0257915585897199	0.00321123542003953	0.0176519193231941	0.0128476599162613	0.00732240023200643	0.00431237758909881	0.0052254367970322	0.011654827374831	0.00424322223320713	0.00472387429436522	0.0107309558529628	0.0160634606432733	0.0130387925019483	0.0154125685015501	0.00499943453601163	0.00369917536841906	0.0128160255773302	0.00555786931658717	0.00969196364833628	0.0121693853101829	0.00920513574527889	0.0112929804865527	0.00869124956672877	0.0219628623770176	0.0105267123395296	0.00632249968038806	0.01540618245987	0.0132417080124337	0.0102032563969448	0.0155609995012014	0.0258353474389808	0.0132738461616798
OM5_C_4F_3	0.0290222532858547	0.011115031779701	0.0211289177974159	0.0106127928531086	0.00727818300706095	0.00419062455874846	0.00217823634996875	0.0101646250234431	0	0.00668715823315032	0.00280932423334082	0.0270035124169543	0.0349824016495235	0.00729058208963364	0.00843608500632452	0.0229001473856452	0.00284304912433436	0.0139972714911862	0.0113948689903014	0.0199395971087107	0.0137310546952448	0.0054432697581062	0.00292307319177623	0.00713315546524638	0.00382693863462063	0.00542149234707448	0.0143690516334737	0.00991755760812945	0.00290855405096569	0.00651095612945557	0.00252983338973485	0.0206994901653444	0.0190781964337044	0.0198371780793467	0.00155998760560038	0.0123886247803015	0.00312350155437122	0.0038520171900314	0.00534265171069192	0.00412723937689291	0.000134461542652805	0.00541785543324811	0.0161843034981412	0.0032745583116381
OM5_C_4H_1	0.0229256892541669	0.00445410541907391	0.0147693236404008	0.00411732625346252	0.0138294238939469	0.00840763177036321	0.00464037209744267	0.00555036478194594	0.00668715823315032	0	0.00721115235715072	0.0208415418915519	0.0283997411435116	0.00480991388374291	0.0150989481424575	0.0170169615648904	0.00451501652645505	0.0081102753215347	0.00473185646391283	0.0132864503812085	0.00773892699224557	0.00351083552860643	0.00865400909113522	0.0109908985657204	0.0103995759976793	0.0120376975101247	0.00824505500197341	0.003486490905739	0.00959289812645769	0.00662580916676178	0.00764632432388907	0.0140704731074536	0.0130554151735474	0.0132202370854504	0.00576336687722782	0.0190643379891506	0.00566149919714398	0.00408215062063503	0.0119041911302912	0.0106797483707495	0.00678572537225138	0.0114971151957431	0.0228333291428237	0.00993179157210611
OM5_C_4H_2	0.0301173956280976	0.0115719082185925	0.0219781510819791	0.0113281425683208	0.00853055528281537	0.00698473060014223	0.00299454222316887	0.0118035255367585	0.00280932423334082	0.00721115235715072	0	0.0280421730780341	0.0354856657517138	0.00931885517441385	0.0092293905430809	0.0241433863688033	0.00490947207743484	0.0151885152195681	0.0118400136265218	0.0203167214816128	0.0148554494745338	0.00728773822150806	0.00550116361045688	0.00450517445283491	0.00541910603309695	0.00558513281928628	0.0154102692048256	0.0106910836526359	0.0039708909857949	0.00904137921796823	0.00531181442707214	0.0211423771528509	0.0202134041513766	0.020314481514807	0.00409306916571114	0.0125536914560501	0.0016401231399187	0.00586727679877069	0.00531916832512011	0.00571739795919554	0.00290462601911153	0.0044116348224798	0.0161223329828466	0.00398634877805345
OM5_C_5A_2	0.00214187347085902	0.0166676804742007	0.00622932193893188	0.0167367829437074	0.0331727468948859	0.0265056104513103	0.0252841471633255	0.0171129485906069	0.0270035124169543	0.0208415418915519	0.0280421730780341	0	0.0098865604962488	0.0203118607185007	0.034760194536699	0.004490734748261	0.0242263368359939	0.0130130935540051	0.0164276504566597	0.00936749470960875	0.0132764583787441	0.0217024275360155	0.0278406861165258	0.0316554092789086	0.0301293154341761	0.0323849259218721	0.0126619531260088	0.0173562869625453	0.0297972107337619	0.0224427182993314	0.0267976520125203	0.00846318616109096	0.00793848220755199	0.00891648501162356	0.0256397167822906	0.0390619352877417	0.026499860311153	0.0232808335095327	0.0323369618965471	0.0303404055678739	0.0270645104438427	0.0322264900297503	0.0429304931112279	0.0302283907391951
OM5_C_5A_3	0.00908596332268176	0.0239547326420591	0.0141405068369035	0.0243742931898675	0.0416880230117623	0.0352052486873835	0.0330309987061585	0.0257915585897199	0.0349824016495235	0.0283997411435116	0.0354856657517138	0.0098865604962488	0	0.0289768393280042	0.0431654052189681	0.014189002288879	0.0323755969475858	0.0214860526798007	0.0236803131374216	0.0151797347142604	0.0216134149403609	0.0300312281076062	0.0362955148097387	0.0384705216283954	0.0384407224832926	0.0403919668928308	0.0208880901483117	0.0250687814866609	0.0378744487230478	0.0313227809161224	0.0352291536215893	0.014348762686207	0.0167948464866188	0.0151856093429975	0.0337865756707196	0.0473278115634105	0.0338608152236625	0.0315235613309265	0.0402803073499029	0.0386841966502971	0.0350648434438692	0.0398569227995237	0.0511484811781524	0.0382549513194057
OM5_C_5B_1	0.0222367723465145	0.00684538469225325	0.0148477419856971	0.00581881143124917	0.012865513789939	0.00624012864516447	0.00635286150083127	0.00321123542003953	0.00729058208963364	0.00480991388374291	0.00931885517441385	0.0203118607185007	0.0289768393280042	0	0.0144586592171165	0.0160131366238268	0.00449787060044584	0.00749388024539534	0.00707255705550261	0.0146105669961204	0.00737699831801804	0.00206429419698233	0.00754772092852563	0.0137665120972048	0.00988614322661858	0.0123555616727487	0.00811838895948437	0.00521557896270804	0.00977174928955506	0.00254909726454597	0.00652428644463723	0.0151912820364045	0.0124144441520021	0.0143079890101432	0.00575054103116863	0.0187851870457469	0.00829782376896658	0.00348798782064985	0.0123791174416027	0.0100770844355656	0.00730770115175433	0.0127030611523495	0.0226588309307288	0.0102471925324581
OM5_C_5B_3	0.03668993177068	0.0194817803568292	0.0291432346230236	0.0188885741343645	0.00173985587889391	0.00838345417338758	0.0105877688253015	0.0176519193231941	0.00843608500632452	0.0150989481424575	0.0092293905430809	0.034760194536699	0.0431654052189681	0.0144586592171165	0	0.030463995643611	0.0108187150577963	0.0218334799199555	0.0197619300908029	0.0282614742603307	0.0216411622001909	0.0131564728758277	0.00692490784947526	0.010177426703265	0.00473834074363564	0.00374817825034941	0.0223373608404685	0.0181815282550967	0.00558774554469832	0.0125271305813023	0.00797779390259187	0.0289870647899564	0.0268455497784118	0.0281137762647417	0.00942616875626948	0.00437537976681473	0.0106796146388193	0.0116487979645756	0.00410297317688722	0.0044858309927652	0.00832874430025847	0.0058179345677105	0.00823252445614586	0.00536331546007174
OM5_C_5D_1	0.00624664297051214	0.0131298976177033	0.00393454713076241	0.0130006483956028	0.0288495217881796	0.0221542107887535	0.0212941807517519	0.0128476599162613	0.0229001473856452	0.0170169615648904	0.0241433863688033	0.004490734748261	0.014189002288879	0.0160131366238268	0.030463995643611	0	0.0200848750267435	0.00895942414453003	0.012921489320252	0.00779621595509513	0.0092919419104705	0.0175185951888984	0.0235594585214044	0.0279752936392584	0.0258828781078677	0.0282299048564389	0.00877860332593806	0.0135561363590903	0.0256340778513763	0.0180574043264032	0.02253047756458	0.00712715253030355	0.00398957962831556	0.00712409478652767	0.0214847264384885	0.0347935034862862	0.0226572664721162	0.0191128894134013	0.0282048490777551	0.0260821451130968	0.0229522749283051	0.028210954191601	0.0386655144622606	0.0260805182209372
OM5_C_5D_2	0.0262295594427657	0.00871715008645321	0.0184224404313837	0.0080742718122065	0.00943428631830942	0.00404699242884936	0.00213197639304179	0.00732240023200643	0.00284304912433436	0.00451501652645505	0.00490947207743484	0.0242263368359939	0.0323755969475858	0.00449787060044584	0.0108187150577963	0.0200848750267435	0	0.0112151296165936	0.00899598677101868	0.0174507596127492	0.0109696751100878	0.00260024408018393	0.00415092604386581	0.009409885620657	0.00608068118477384	0.00816170200017133	0.0116301945282198	0.00736608509213665	0.00557417640580041	0.00424424593243949	0.00313158829528883	0.0181710071900612	0.0162919311055613	0.0172973007271775	0.00141951363236723	0.0149683456444253	0.00418873080027166	0.00101639464870116	0.00812346255188427	0.00633696233323565	0.00288131515652198	0.00825328034489017	0.0188108409341666	0.00600503153200592
OM5_C_5D_3	0.0150285838578435	0.00480242900520172	0.00735488758177087	0.00429643591552137	0.0202920968600492	0.0137303501317059	0.0123389969398674	0.00431237758909881	0.0139972714911862	0.0081102753215347	0.0151885152195681	0.0130130935540051	0.0214860526798007	0.00749388024539534	0.0218334799199555	0.00895942414453003	0.0112151296165936	0	0.00469342145798796	0.00759108317667712	0.0004823036171127	0.0087066981814152	0.0149139032774366	0.0190999427963764	0.0171579849480315	0.0193756151756557	0.00090761850677561	0.00473224806072357	0.0167880602722145	0.00986626780233239	0.0138568926216789	0.00799898177235992	0.00508156885686836	0.00714331484599065	0.0126297498050069	0.02609931777785	0.013717748348169	0.0102751372624424	0.0193286370400807	0.0173794091400652	0.0140563912870628	0.0192670602442475	0.0299630359524999	0.0172183811338927
OM5_C_5E_1	0.0185475978835121	0.000280246492174969	0.0102451241694477	0.00128680681891659	0.0184257223475243	0.0125125869118349	0.00937213316554089	0.0052254367970322	0.0113948689903014	0.00473185646391283	0.0118400136265218	0.0164276504566597	0.0236803131374216	0.00707255705550261	0.0197619300908029	0.012921489320252	0.00899598677101868	0.00469342145798796	0	0.00855514775966581	0.00421606901583715	0.0070997785073826	0.0131211021143898	0.0152361395966372	0.0150352368764263	0.0167671483405182	0.00438171751932579	0.00186207031719694	0.0143032138317285	0.0095758036492705	0.0120697172133866	0.00934157523349234	0.00894147863508973	0.0084961819954442	0.0103501291492907	0.0237813157189054	0.0102334370110311	0.0083098276191911	0.0166356305294305	0.0153045726754442	0.0114880537340538	0.0161890213598927	0.0275602909032223	0.0146537307583143
OM5_C_5F_2	0.011458857064189	0.00883359231845694	0.00386196514177534	0.00937706692091413	0.0268710762719524	0.0206567870635112	0.0179261111109869	0.011654827374831	0.0199395971087107	0.0132864503812085	0.0203167214816128	0.00936749470960875	0.0151797347142604	0.0146105669961204	0.0282614742603307	0.00779621595509513	0.0174507596127492	0.00759108317667712	0.00855514775966581	0	0.00749746850577441	0.015286349509218	0.0215060241458256	0.0233586804479239	0.0235255073194676	0.0253204312794707	0.00674649163441092	0.0100855075325754	0.0228464851032497	0.0171245346306671	0.0204405791691929	0.000931414137090039	0.00559691912874128	0.000727250947885691	0.0188374494737528	0.0323243570964603	0.0186884070575311	0.016674881716102	0.0251887671484639	0.0237857904706314	0.0200299617182335	0.0247000619796966	0.0361103120522372	0.0232037160745198
OM5_C_5F_3	0.0153115256647433	0.00432978756115288	0.00750938268584678	0.00385873868867572	0.0201172777943624	0.0135973205739274	0.0120314255768462	0.00424322223320713	0.0137310546952448	0.00773892699224557	0.0148554494745338	0.0132764583787441	0.0216134149403609	0.00737699831801804	0.0216411622001909	0.0092919419104705	0.0109696751100878	0.0004823036171127	0.00421606901583715	0.00749746850577441	0	0.00849332080152935	0.0147297423474271	0.0187230198508302	0.016949446708565	0.0191246291247454	0.000759877581419563	0.00432392153156899	0.0165428516726785	0.00979734045402041	0.0136684142805603	0.00795610178871001	0.00536958352926667	0.0070878958554691	0.0123875377578208	0.02588846078361	0.0133677786857597	0.0100456945200195	0.0190691519414891	0.0171762684821031	0.0137936546244915	0.0189692081079295	0.0297475683190448	0.0169665711114415
OM5_C_5G_1	0.0236867725229455	0.00683447382922766	0.0159906475606132	0.00600080889129406	0.0116640504188569	0.00542251143410558	0.00430535033231324	0.00472387429436522	0.0054432697581062	0.00351083552860643	0.00728773822150806	0.0217024275360155	0.0300312281076062	0.00206429419698233	0.0131564728758277	0.0175185951888984	0.00260024408018393	0.0087066981814152	0.0070997785073826	0.015286349509218	0.00849332080152935	0	0.00626840733688998	0.0117133687927149	0.00845667904029174	0.010713839564735	0.00918294200774006	0.00530322293477004	0.00811717594580051	0.00313575069462885	0.00520075565530978	0.0159545550925743	0.0137652341615317	0.0150725169326438	0.00397249816943099	0.0173976327826105	0.00623379005453501	0.00159976193342405	0.0106946251730916	0.00868449521723723	0.00548000809616184	0.0108502205267479	0.0212598028084286	0.00856576704590977
OM5_C_5G_2	0.0297789096896745	0.0128437099054251	0.0222370527430796	0.0121463799232743	0.00539606398873911	0.00197367542238224	0.00480208156831939	0.0107309558529628	0.00292307319177623	0.00865400909113522	0.00550116361045688	0.0278406861165258	0.0362955148097387	0.00754772092852563	0.00692490784947526	0.0235594585214044	0.00415092604386581	0.0149139032774366	0.0131211021143898	0.0215060241458256	0.0147297423474271	0.00626840733688998	0	0.00931837400286965	0.00239963446677688	0.00514894348344047	0.0154336712187086	0.0114373279732554	0.00288863977214483	0.00581882952450186	0.00106840980930736	0.022197106388697	0.0199223965981198	0.0213174983991366	0.00294863537438045	0.0112382238039805	0.00604625802613493	0.00483374597220872	0.00529105468868335	0.00255106218832053	0.00279231142432439	0.00629281957267249	0.0151123137783618	0.00338156610496671
OM5_C_5H_2	0.0337681074334356	0.0149925671290933	0.0254775066393439	0.0149841245149767	0.010251019047381	0.011094051689268	0.00741453677922336	0.0160634606432733	0.00713315546524638	0.0109908985657204	0.00450517445283491	0.0316554092789086	0.0384705216283954	0.0137665120972048	0.010177426703265	0.0279752936392584	0.009409885620657	0.0190999427963764	0.0152361395966372	0.0233586804479239	0.0187230198508302	0.0117133687927149	0.00931837400286965	0	0.008227341570036	0.00664999145518919	0.0191998168096195	0.014423071115667	0.00680555477367377	0.0135359965007111	0.00944393547253853	0.0242389399866806	0.0239971115351636	0.023465216777491	0.00855665918565006	0.0120738378467986	0.00554025409667969	0.0103519846870617	0.00624900260460617	0.00844473728126593	0.00719711064754052	0.00439697342235567	0.0149824510477156	0.00648363855363111
OM5_C_5H_3	0.0320877134360138	0.0147552202021792	0.024441744986432	0.0141511273011607	0.00345438960464316	0.00424690021366401	0.00600491249342283	0.0130387925019483	0.00382693863462063	0.0103995759976793	0.00541910603309695	0.0301293154341761	0.0384407224832926	0.00988614322661858	0.00473834074363564	0.0258828781078677	0.00608068118477384	0.0171579849480315	0.0150352368764263	0.0235255073194676	0.016949446708565	0.00845667904029174	0.00239963446677688	0.008227341570036	0	0.00284973180828908	0.0176356784155394	0.0134438631196027	0.0015040523452345	0.00821791155595037	0.00336527854020269	0.0242501406525724	0.022198908248706	0.0233768629726832	0.00468997265103478	0.00894313858520867	0.00653670562470045	0.00692436435835223	0.00306450346886196	0.000308826038955941	0.0037061933519907	0.00444732041727359	0.0128102669869035	0.00174448059946682
OM5_C_6A_1	0.0343863604856576	0.0164885010151821	0.0265450458301445	0.0160250787637567	0.00360361670708515	0.00707045102440398	0.00740253434061324	0.0154125685015501	0.00542149234707448	0.0120376975101247	0.00558513281928628	0.0323849259218721	0.0403919668928308	0.0123555616727487	0.00374817825034941	0.0282299048564389	0.00816170200017133	0.0193756151756557	0.0167671483405182	0.0253204312794707	0.0191246291247454	0.010713839564735	0.00514894348344047	0.00664999145518919	0.00284973180828908	0	0.0197742258387413	0.0153331263832229	0.0025973566874243	0.0109185598895491	0.00597945503034484	0.0260938985063449	0.0244521253926522	0.0252362327080789	0.00675087295234071	0.00707062052989959	0.00712254344069042	0.0091201333292023	0.000402619338393942	0.00284672621070711	0.00534689432038454	0.00227308239536142	0.0107978562801112	0.00215840700897636
OM5_C_6B_1	0.0147179613134148	0.00453689192622636	0.0068081448771253	0.00423868244647158	0.0208251127920356	0.0143288414480664	0.0126243953218279	0.00499943453601163	0.0143690516334737	0.00824505500197341	0.0154102692048256	0.0126619531260088	0.0208880901483117	0.00811838895948437	0.0223373608404685	0.00877860332593806	0.0116301945282198	0.00090761850677561	0.00438171751932579	0.00674649163441092	0.000759877581419563	0.00918294200774006	0.0154336712187086	0.0191998168096195	0.0176356784155394	0.0197742258387413	0	0.00477784198388757	0.0171990874634751	0.0105504946859303	0.0143701385461043	0.00719691901766564	0.00481077157810746	0.00632970382246587	0.0130494368909347	0.0265702941114848	0.0138980731410437	0.0107208948652557	0.019710532423513	0.0178663366041288	0.0144350894831104	0.0195683069602114	0.0304250898834646	0.0176164434932811
OM5_C_6B_2	0.0194399824248728	0.00162984082545998	0.0113043415364793	0.00070936142192387	0.0167898948089363	0.0107256044931554	0.00801187110148446	0.00369917536841906	0.00991755760812945	0.003486490905739	0.0106910836526359	0.0173562869625453	0.0250687814866609	0.00521557896270804	0.0181815282550967	0.0135561363590903	0.00736608509213665	0.00473224806072357	0.00186207031719694	0.0100855075325754	0.00432392153156899	0.00530322293477004	0.0114373279732554	0.014423071115667	0.0134438631196027	0.0153331263832229	0.00477784198388757	0	0.0128125401532961	0.00771381855120082	0.0103755980551704	0.0108099063415422	0.00958287201936801	0.00993930453579584	0.00875767825391451	0.0222823416617069	0.00914779304477814	0.00660428132399323	0.0152306554404298	0.0137025273392182	0.0100000110135649	0.0149357149422626	0.026096074176594	0.0131919129045499
OM5_C_6B_3	0.0317945310428771	0.0140233756234505	0.0239813087270162	0.0135107560416931	0.00462544434388377	0.00485999925079295	0.00501485931886658	0.0128160255773302	0.00290855405096569	0.00959289812645769	0.0039708909857949	0.0297972107337619	0.0378744487230478	0.00977174928955506	0.00558774554469832	0.0256340778513763	0.00557417640580041	0.0167880602722145	0.0143032138317285	0.0228464851032497	0.0165428516726785	0.00811717594580051	0.00288863977214483	0.00680555477367377	0.0015040523452345	0.0025973566874243	0.0171990874634751	0.0128125401532961	0	0.00844553012997965	0.00352331935152576	0.0236034465068043	0.0218625336341501	0.022739707056594	0.00415895175988011	0.00948086600084464	0.00521140080952165	0.00652476448600915	0.00260920997474422	0.00178097338216129	0.0028172006045422	0.00340469764475722	0.0132855280085284	0.000505119595873452
OM5_C_6D_1	0.0243026306733755	0.00933886213737967	0.0171863674474519	0.00834040698815541	0.0108576130802645	0.00414429814409406	0.00637540799149702	0.00555786931658717	0.00651095612945557	0.00662580916676178	0.00904137921796823	0.0224427182993314	0.0313227809161224	0.00254909726454597	0.0125271305813023	0.0180574043264032	0.00424424593243949	0.00986626780233239	0.0095758036492705	0.0171245346306671	0.00979734045402041	0.00313575069462885	0.00581882952450186	0.0135359965007111	0.00821791155595037	0.0109185598895491	0.0105504946859303	0.00771381855120082	0.00844553012997965	0	0.00494207651967524	0.0176833812382002	0.0146321545210933	0.016802144647645	0.00499679743373358	0.0168986354900551	0.00843275819391105	0.00351924697130381	0.0110149112944397	0.00835415757850289	0.00648089137492419	0.0116791350890993	0.0207581053236574	0.00894760273699529
OM5_C_6D_2	0.0287437875531149	0.0117929660435626	0.021174857689511	0.0110844140885076	0.00646346445225234	0.00167562180618319	0.00406183385801746	0.00969196364833628	0.00252983338973485	0.00764632432388907	0.00531181442707214	0.0267976520125203	0.0352291536215893	0.00652428644463723	0.00797779390259187	0.02253047756458	0.00313158829528883	0.0138568926216789	0.0120697172133866	0.0204405791691929	0.0136684142805603	0.00520075565530978	0.00106840980930736	0.00944393547253853	0.00336527854020269	0.00597945503034484	0.0143701385461043	0.0103755980551704	0.00352331935152576	0.00494207651967524	0	0.0211298796879064	0.0188744435099557	0.0202500689870067	0.00206024806769012	0.0122721242730245	0.00556908507775973	0.0037714832715539	0.00607351907245299	0.00355320702042234	0.00241981678141169	0.00685267819186814	0.0161452254770191	0.00402821269099125
OM5_C_6F_1	0.0105447626902404	0.00961784935673545	0.00321998989554521	0.0101047136847506	0.0275746639235522	0.0212940032465751	0.0187092031724345	0.0121693853101829	0.0206994901653444	0.0140704731074536	0.0211423771528509	0.00846318616109096	0.014348762686207	0.0151912820364045	0.0289870647899564	0.00712715253030355	0.0181710071900612	0.00799898177235992	0.00934157523349234	0.000931414137090039	0.00795610178871001	0.0159545550925743	0.022197106388697	0.0242389399866806	0.0242501406525724	0.0260938985063449	0.00719691901766564	0.0108099063415422	0.0236034465068043	0.0176833812382002	0.0211298796879064	0	0.00536375570372795	0.000884587142240677	0.0195665570937075	0.0330790560867222	0.0195186219020443	0.0173728494639179	0.0259698694070053	0.0245062792227517	0.0207871806757538	0.0255153616505959	0.0368771064339812	0.0239687635312677
OM5_C_6F_2	0.00994788185767029	0.00914573576443933	0.00294422979476502	0.00901642093504032	0.0252740912455399	0.0186382384553703	0.0174004805175795	0.00920513574527889	0.0190781964337044	0.0130554151735474	0.0202134041513766	0.00793848220755199	0.0167948464866188	0.0124144441520021	0.0268455497784118	0.00398957962831556	0.0162919311055613	0.00508156885686836	0.00894147863508973	0.00559691912874128	0.00536958352926667	0.0137652341615317	0.0199223965981198	0.0239971115351636	0.022198908248706	0.0244521253926522	0.00481077157810746	0.00958287201936801	0.0218625336341501	0.0146321545210933	0.0188744435099557	0.00536375570372795	0	0.00487736395538206	0.01770435571321	0.0311365248940407	0.0187076585001018	0.0153438162018127	0.0244079763901288	0.0224129221560537	0.0191370713931932	0.0243367318441887	0.0350044816013197	0.0222957539630928
OM5_C_6F_3	0.0110308290102521	0.00877100700277097	0.00319851837591016	0.00923541981215287	0.0266968688920403	0.0204097912632394	0.0178569422110984	0.0112929804865527	0.0198371780793467	0.0132202370854504	0.020314481514807	0.00891648501162356	0.0151856093429975	0.0143079890101432	0.0281137762647417	0.00712409478652767	0.0172973007271775	0.00714331484599065	0.0084961819954442	0.000727250947885691	0.0070878958554691	0.0150725169326438	0.0213174983991366	0.023465216777491	0.0233768629726832	0.0252362327080789	0.00632970382246587	0.00993930453579584	0.022739707056594	0.016802144647645	0.0202500689870067	0.000884587142240677	0.00487736395538206	0	0.0186948432900172	0.0322139440620783	0.0186945476999287	0.016494731081675	0.025115527498634	0.0236320185587587	0.0199238902065742	0.0246795932495845	0.0360162361417361	0.0231079507861058
OM5_H_2H_1	0.027638508740735	0.0100703200913049	0.0198415858406865	0.00946407634539743	0.00808250111451949	0.00341831836883865	0.00206506995620515	0.00869124956672877	0.00155998760560038	0.00576336687722782	0.00409306916571114	0.0256397167822906	0.0337865756707196	0.00575054103116863	0.00942616875626948	0.0214847264384885	0.00141951363236723	0.0126297498050069	0.0103501291492907	0.0188374494737528	0.0123875377578208	0.00397249816943099	0.00294863537438045	0.00855665918565006	0.00468997265103478	0.00675087295234071	0.0130494368909347	0.00875767825391451	0.00415895175988011	0.00499679743373358	0.00206024806769012	0.0195665570937075	0.01770435571321	0.0186948432900172	0	0.0135531178153914	0.00384911427853603	0.00237359439244355	0.00672317766001749	0.00495547142131064	0.00156263693956633	0.00695379549140642	0.0173929847868933	0.00459729209600318
OM5_H_2H_2	0.0410089738915134	0.0235016577055487	0.0333726734109289	0.0229831737528894	0.00608545047444128	0.0127562779035003	0.0144482701357284	0.0219628623770176	0.0123886247803015	0.0190643379891506	0.0125536914560501	0.0390619352877417	0.0473278115634105	0.0187851870457469	0.00437537976681473	0.0347935034862862	0.0149683456444253	0.02609931777785	0.0237813157189054	0.0323243570964603	0.02588846078361	0.0173976327826105	0.0112382238039805	0.0120738378467986	0.00894313858520867	0.00707062052989959	0.0265702941114848	0.0222823416617069	0.00948086600084464	0.0168986354900551	0.0122721242730245	0.0330790560867222	0.0311365248940407	0.0322139440620783	0.0135531178153914	0	0.0141445427179713	0.0158522342110466	0.00726992542362758	0.00872641842025503	0.0122978126813372	0.00835397484900298	0.00387440107030672	0.00913399752371124
OM5_H_6A_2	0.0285853657927178	0.00996797436603532	0.0204067519688624	0.00976779366964345	0.00983657750157369	0.00715987990640401	0.00205775448310851	0.0105267123395296	0.00312350155437122	0.00566149919714398	0.0016401231399187	0.026499860311153	0.0338608152236625	0.00829782376896658	0.0106796146388193	0.0226572664721162	0.00418873080027166	0.013717748348169	0.0102334370110311	0.0186884070575311	0.0133677786857597	0.00623379005453501	0.00604625802613493	0.00554025409667969	0.00653670562470045	0.00712254344069042	0.0138980731410437	0.00914779304477814	0.00521140080952165	0.00843275819391105	0.00556908507775973	0.0195186219020443	0.0187076585001018	0.0186945476999287	0.00384911427853603	0.0141445427179713	0	0.00500876744287489	0.00688357395170518	0.00684486157508391	0.00325397017152028	0.00605169030920996	0.0177444520339247	0.00533644039908729
OM5_H_6B_2	0.0252729570821432	0.00803454698943459	0.0175245131915351	0.00731319699665318	0.0102040414081981	0.00433032169785248	0.00297169920304591	0.00632249968038806	0.0038520171900314	0.00408215062063503	0.00586727679877069	0.0232808335095327	0.0315235613309265	0.00348798782064985	0.0116487979645756	0.0191128894134013	0.00101639464870116	0.0102751372624424	0.0083098276191911	0.016674881716102	0.0100456945200195	0.00159976193342405	0.00483374597220872	0.0103519846870617	0.00692436435835223	0.0091201333292023	0.0107208948652557	0.00660428132399323	0.00652476448600915	0.00351924697130381	0.0037714832715539	0.0173728494639179	0.0153438162018127	0.016494731081675	0.00237359439244355	0.0158522342110466	0.00500876744287489	0	0.00909661397029671	0.0071646054163323	0.00388473924141651	0.0092666113639149	0.0197071343651078	0.00696934285654203
OM5_H_6C_1	0.0343473714066561	0.0163577363146636	0.0264682690037074	0.0159185157553989	0.00400593066024407	0.00723641853660474	0.00726407949285042	0.01540618245987	0.00534265171069192	0.0119041911302912	0.00531916832512011	0.0323369618965471	0.0402803073499029	0.0123791174416027	0.00410297317688722	0.0282048490777551	0.00812346255188427	0.0193286370400807	0.0166356305294305	0.0251887671484639	0.0190691519414891	0.0106946251730916	0.00529105468868335	0.00624900260460617	0.00306450346886196	0.000402619338393942	0.019710532423513	0.0152306554404298	0.00260920997474422	0.0110149112944397	0.00607351907245299	0.0259698694070053	0.0244079763901288	0.025115527498634	0.00672317766001749	0.00726992542362758	0.00688357395170518	0.00909661397029671	0	0.00309575541920787	0.0052765304293516	0.00187056971185734	0.0109507033316946	0.00213421368011029
OM5_H_6F_1	0.0322924105902678	0.0150246783157308	0.0246730669212456	0.0144103874087562	0.0031609988612823	0.00433044319394068	0.00630448703820077	0.0132417080124337	0.00412723937689291	0.0106797483707495	0.00571739795919554	0.0303404055678739	0.0386841966502971	0.0100770844355656	0.0044858309927652	0.0260821451130968	0.00633696233323565	0.0173794091400652	0.0153045726754442	0.0237857904706314	0.0171762684821031	0.00868449521723723	0.00255106218832053	0.00844473728126593	0.000308826038955941	0.00284672621070711	0.0178663366041288	0.0137025273392182	0.00178097338216129	0.00835415757850289	0.00355320702042234	0.0245062792227517	0.0224129221560537	0.0236320185587587	0.00495547142131064	0.00872641842025503	0.00684486157508391	0.0071646054163323	0.00309575541920787	0	0.00400539298225947	0.00457483773733468	0.0125976073302935	0.00197653454920896
OM5_H_6F_2	0.0290801598927614	0.0112080995549676	0.0212001094970416	0.0106966524136942	0.0071589091199093	0.00408569036930004	0.00229912679430326	0.0102032563969448	0.000134461542652805	0.00678572537225138	0.00290462601911153	0.0270645104438427	0.0350648434438692	0.00730770115175433	0.00832874430025847	0.0229522749283051	0.00288131515652198	0.0140563912870628	0.0114880537340538	0.0200299617182335	0.0137936546244915	0.00548000809616184	0.00279231142432439	0.00719711064754052	0.0037061933519907	0.00534689432038454	0.0144350894831104	0.0100000110135649	0.0028172006045422	0.00648089137492419	0.00241981678141169	0.0207871806757538	0.0191370713931932	0.0199238902065742	0.00156263693956633	0.0122978126813372	0.00325397017152028	0.00388473924141651	0.0052765304293516	0.00400539298225947	0	0.00539594699928594	0.0160989761639591	0.00319484780273931
OM5_H_6F_3	0.0342750095677696	0.0159168703661135	0.0262369000222377	0.0155979786791071	0.00587402477043482	0.0082620861703286	0.00694538336327964	0.0155609995012014	0.00541785543324811	0.0114971151957431	0.0044116348224798	0.0322264900297503	0.0398569227995237	0.0127030611523495	0.0058179345677105	0.028210954191601	0.00825328034489017	0.0192670602442475	0.0161890213598927	0.0247000619796966	0.0189692081079295	0.0108502205267479	0.00629281957267249	0.00439697342235567	0.00444732041727359	0.00227308239536142	0.0195683069602114	0.0149357149422626	0.00340469764475722	0.0116791350890993	0.00685267819186814	0.0255153616505959	0.0243367318441887	0.0246795932495845	0.00695379549140642	0.00835397484900298	0.00605169030920996	0.0092666113639149	0.00187056971185734	0.00457483773733468	0.00539594699928594	0	0.0117752653944024	0.00291997155278626
OM5_H_6G_1	0.0448795425156908	0.0272813806453486	0.0372236733414019	0.0267935235619698	0.00991637944162139	0.0166145649496006	0.0181997310452397	0.0258353474389808	0.0161843034981412	0.0228333291428237	0.0161223329828466	0.0429304931112279	0.0511484811781524	0.0226588309307288	0.00823252445614586	0.0386655144622606	0.0188108409341666	0.0299630359524999	0.0275602909032223	0.0361103120522372	0.0297475683190448	0.0212598028084286	0.0151123137783618	0.0149824510477156	0.0128102669869035	0.0107978562801112	0.0304250898834646	0.026096074176594	0.0132855280085284	0.0207581053236574	0.0161452254770191	0.0368771064339812	0.0350044816013197	0.0360162361417361	0.0173929847868933	0.00387440107030672	0.0177444520339247	0.0197071343651078	0.0109507033316946	0.0125976073302935	0.0160989761639591	0.0117752653944024	0	0.0129132539412184
OM5_H_6H_2	0.0322320194290872	0.0143743556406	0.0243897214228988	0.0138867651256924	0.00454443346563022	0.00535475655840509	0.00531913113070839	0.0132738461616798	0.0032745583116381	0.00993179157210611	0.00398634877805345	0.0302283907391951	0.0382549513194057	0.0102471925324581	0.00536331546007174	0.0260805182209372	0.00600503153200592	0.0172183811338927	0.0146537307583143	0.0232037160745198	0.0169665711114415	0.00856576704590977	0.00338156610496671	0.00648363855363111	0.00174448059946682	0.00215840700897636	0.0176164434932811	0.0131919129045499	0.000505119595873452	0.00894760273699529	0.00402821269099125	0.0239687635312677	0.0222957539630928	0.0231079507861058	0.00459729209600318	0.00913399752371124	0.00533644039908729	0.00696934285654203	0.00213421368011029	0.00197653454920896	0.00319484780273931	0.00291997155278626	0.0129132539412184	0
