	OM5_B_B_1	OM5_B_B_2	OM5_B_B_3	OM5_C_4A_1	OM5_C_4A_2	OM5_C_4A_3	OM5_C_4D_1	OM5_C_4D_2	OM5_C_4D_3	OM5_C_4E_1	OM5_C_4E_2	OM5_C_4E_3	OM5_C_4F_1	OM5_C_4F_2	OM5_C_4F_3	OM5_C_4H_1	OM5_C_4H_2	OM5_C_4H_3	OM5_C_5A_1	OM5_C_5B_3	OM5_C_5D_1	OM5_C_5D_2	OM5_C_5D_3	OM5_C_5E_1	OM5_C_5E_2	OM5_C_5E_3	OM5_C_5F_1	OM5_C_5F_2	OM5_C_5F_3	OM5_C_5G_1	OM5_C_5G_2	OM5_C_5G_3	OM5_C_5H_1	OM5_C_5H_2	OM5_C_5H_3	OM5_C_6A_1	OM5_C_6A_2	OM5_C_6A_3	OM5_C_6B_1	OM5_C_6B_2	OM5_C_6B_3	OM5_C_6D_1	OM5_C_6D_3	OM5_C_6F_1	OM5_C_6F_2	OM5_C_6F_3	OM5_H_2H_2	OM5_H_2H_3	OM5_H_6A_1	OM5_H_6A_2	OM5_H_6A_3	OM5_H_6B_1	OM5_H_6B_2	OM5_H_6B_3	OM5_H_6C_2	OM5_H_6C_3	OM5_H_6F_1	OM5_H_6F_2	OM5_H_6F_3	OM5_H_6G_1	OM5_H_6G_2	OM5_H_6G_3	OM5_H_6H_1	OM5_H_6H_2	OM5_H_6H_3
OM5_B_B_1	0	0.0298521141428796	0.0229330877439549	0.00916066164622946	0.0323350118685673	0.0180262205797805	0.0116863613054714	0.016648695908768	0.00969094378101808	0.0141956041145526	0.00934567683624287	0.0116282877102835	0.0165113342384675	0.0158759631772197	0.0201106614764941	0.0201509182097162	0.0104476723151171	0.0164523132367005	0.0175121548689353	0.0245339513700462	0.0240495371621491	0.0132024115398929	0.0157636500798602	0.0171078259046358	0.0157487008387782	0.0148698567592259	0.0193656794131289	0.0134432121818274	0.00822429684869589	0.0207400072414128	0.0126747832126247	0.00955048684142768	0.0172159949240063	0.023201832594268	0.0226762403008354	0.0424777507218872	0.0159410329612104	0.00858662934625214	0.0192190587637327	0.0127169490987393	0.0204380227044524	0.00593546912003968	0.0122229818717109	0.0192791295314594	0.0298733086685066	0.0148844660966544	0.0124170502474525	0.00989528611984968	0.0390218628082407	0.0428333228776545	0.037567592211738	0.0172038158902673	0.0152153714037184	0.0082769626340993	0.010551222517598	0.016079768508771	0.022921629660759	0.00953523778400011	0.0194554085910706	0.0126652256890042	0.013370410178479	0.0227210623841246	0.0114619203839921	0.0119502311169604	0.0165628575868461
OM5_B_B_2	0.0298521141428796	0	0.0103726974263832	0.0276653940625178	0.00862389491910253	0.0182971851381912	0.0309819726331392	0.0140204790816594	0.0230416871713663	0.0418793598204182	0.0293694011944003	0.0383683261999782	0.0439352986541726	0.0403572858978605	0.0497240552883247	0.0493845167587583	0.0393988679060776	0.0197113604119684	0.0454509846982724	0.00612059691859886	0.0141894340798661	0.0180080989864352	0.017024031963794	0.0461598178690865	0.0177678119488832	0.0165835946563747	0.0478012669763263	0.0410715546169654	0.034351694726852	0.0497759725983559	0.0406561630744995	0.0384622280772777	0.0457843330235419	0.0525592335417564	0.0493433792634919	0.0715851567268218	0.0429545742239231	0.0355880699669806	0.047071307400129	0.0237519146950374	0.0463867432348082	0.0322927020497804	0.0184081343132261	0.0130289855886455	0.00388507003091262	0.0216637978997482	0.0251913117577997	0.0387925944423714	0.00989818172679077	0.0139110580944788	0.00890217304320158	0.0457090627683269	0.0269466658501032	0.034358230141825	0.0308375188653649	0.0448541327161007	0.0492978314450846	0.0300084359481611	0.0190885679690921	0.0317538593565466	0.0410676355304294	0.048359748171871	0.0323881732512007	0.0212982571445834	0.0456937431483255
OM5_B_B_3	0.0229330877439549	0.0103726974263832	0	0.0188614908992081	0.0099438905435775	0.00806507195313878	0.0214276575726862	0.007822989132991	0.0147802743492471	0.033538690754114	0.0206549691291786	0.0301106049803659	0.0355627114603931	0.0310367717707513	0.0418213853284955	0.0412624094371324	0.0319153750967313	0.0096255042777228	0.0369664103722783	0.00476378886444911	0.00503564152736578	0.00996611774285059	0.0104706090751974	0.039084340674293	0.00912351343018108	0.00896813044646246	0.0404984610771391	0.0333453569432509	0.0265908375611699	0.0418366375515579	0.0326781281972444	0.0303323680049483	0.0376423976106566	0.0450057440110487	0.0411465042686052	0.0635251350496122	0.0348775011769792	0.0270338018596824	0.038262417009472	0.014091687583956	0.0369572618133412	0.0239119732574079	0.0113425344426268	0.00393464471364417	0.00825737349370283	0.0122699550713317	0.0169547598401861	0.0307306969412141	0.0170618436101268	0.0214484473594934	0.016223976180056	0.0388458018062559	0.0169739196694476	0.0267571106566933	0.0220278386633405	0.0377234957976371	0.0404186751674436	0.0207830708334374	0.00949292852903856	0.0221748409978919	0.0327312534183964	0.0399838633177471	0.0236694716712434	0.0127986522212885	0.0376031599591448
OM5_C_4A_1	0.00916066164622946	0.0276653940625178	0.0188614908992081	0	0.028661374799343	0.0120654973383817	0.00507392760170829	0.0154265972626998	0.00481183069891021	0.0147495747796894	0.00194343631322976	0.0113415937183637	0.0167195062358545	0.0128421490084671	0.0242478489948013	0.0227843650676154	0.014037938948327	0.0104403109330979	0.0181689803785392	0.021907702624532	0.0192160279301669	0.0109887514864745	0.0117992852154205	0.0212730335017974	0.0103390227080908	0.0111556625799759	0.0222677545035961	0.0149052919397375	0.0085007788549225	0.0232364770407976	0.0140849289533459	0.0127160932587866	0.0189487455627908	0.0266562166537959	0.0224562699087843	0.0447629732938882	0.0161623197789605	0.010226598433533	0.0196961443712095	0.00611534694954687	0.0194085896519838	0.00685778796499037	0.00984307197768497	0.0151188216580174	0.0267945335226851	0.0112395613889566	0.00514177350537344	0.012701332081916	0.0357293296205035	0.0402080583018786	0.0349216918129546	0.0211966911818523	0.00664526683464192	0.00890311893689137	0.0035904176232515	0.0198372160009933	0.0217350105974793	0.00384769593680622	0.0122550541093249	0.00548749698961429	0.0139684851578974	0.0214506579202606	0.0054061438783889	0.0100295886562416	0.0191744355977928
OM5_C_4A_2	0.0323350118685673	0.00862389491910253	0.0099438905435775	0.028661374799343	0	0.017132353473707	0.0307589990783541	0.0159872936813421	0.0246698354629876	0.0433078758349638	0.0304799126968562	0.0399444629825653	0.0453532036219629	0.040462900233373	0.0511332501733502	0.0508892193288045	0.0416786411298754	0.0187919020838291	0.0466742040844285	0.00897828514380425	0.0104929773976916	0.0192118630344253	0.0200248528799244	0.0488482394015113	0.0190234865074775	0.0188023968758751	0.0503639088810262	0.0432305928516074	0.0364844569423897	0.0515831563784072	0.0425058908250482	0.0398193345333102	0.0473973625481935	0.0547419166875801	0.0509973023089055	0.073240166546709	0.0447527661619061	0.0363096364835039	0.0477802718783138	0.0234624443916106	0.0460198196508329	0.0334243014574004	0.0210316984526533	0.0138653898803906	0.00504563509096921	0.0204942673086346	0.0268088512062097	0.0403494905410786	0.00887451800466998	0.012326370786455	0.00770704073065575	0.0486541750756462	0.026045824489265	0.0366591214882518	0.0318224223886732	0.047530398948491	0.0500546027194743	0.0302559837338312	0.0184080614530165	0.0315460693204308	0.0424935247857411	0.0497857476567019	0.0334720317166596	0.0215622765194046	0.0472525488526227
OM5_C_4A_3	0.0180262205797805	0.0182971851381912	0.00806507195313878	0.0120654973383817	0.017132353473707	0	0.0137348866558986	0.00907717381138591	0.00924793238702189	0.0266269967432489	0.0138413023107303	0.0233516779831104	0.0285802780047953	0.0233755964259866	0.0352475245424949	0.0344281610506747	0.0258224123375625	0.00183976511979416	0.0298776202317023	0.0123685986187251	0.00726929037324341	0.00693233752334781	0.00909541190920479	0.0331302488370624	0.00530450935433802	0.00696565412166987	0.0343045584644956	0.026965279392339	0.0204373888619989	0.0351156508350743	0.0261001555449032	0.0237802115338254	0.0308226328004156	0.0385494405768384	0.0342277449860608	0.0565112252408283	0.028155463909113	0.0202601526080358	0.0309247163224998	0.00660539821787256	0.0292364247914188	0.0173738185756311	0.00872566201144307	0.00570767799566003	0.0162981154601807	0.00654904322958612	0.0111959172201802	0.024187558522642	0.0248387333260532	0.0291996206971708	0.0240758708284609	0.0330665262839781	0.00903012014899084	0.020751659188948	0.0150466124604275	0.0317495093424121	0.0329874300785865	0.0134522839303073	0.0043728221112297	0.0144297384190942	0.0258429193922568	0.0329599613931159	0.0167227215330711	0.00805122330195241	0.0308528767359488
OM5_C_4D_1	0.0116863613054714	0.0309819726331392	0.0214276575726862	0.00507392760170829	0.0307589990783541	0.0137348866558986	0	0.0184398374529099	0.00920449138124111	0.0137262691402973	0.00507785017864235	0.0110829408384237	0.0155833639822143	0.00975075740167767	0.0226380486060014	0.0213169326911385	0.0145232646848883	0.0119937166558209	0.016584778691134	0.0249921091956499	0.0206095098743557	0.0138731326730809	0.0161264623250185	0.0215156098999318	0.0138085738142906	0.0150240960808917	0.022321852905364	0.0151583829832053	0.0101832213158128	0.0221702063630937	0.0138599271671796	0.011776416631955	0.0178643579984438	0.0258876814629807	0.0215248327097643	0.0430738018796186	0.0157550851069567	0.00853190298425359	0.0173043770365951	0.00737141991856733	0.0156905280821919	0.0068379784011066	0.0140249263373939	0.0180676440158809	0.0296276172078332	0.0117577190597898	0.00944287893460854	0.0120812116799552	0.0384378000865082	0.0427309976415909	0.0375350137529569	0.0218332277389225	0.00595229790505128	0.0108291884729989	0.00513475715988103	0.0202183224481347	0.0196175767234311	0.00221750196461801	0.0143522332016689	0.00170758826913233	0.0130018557940289	0.0204054738831745	0.00634847092287997	0.0117259638278375	0.0179536181336022
OM5_C_4D_2	0.016648695908768	0.0140204790816594	0.007822989132991	0.0154265972626998	0.0159872936813421	0.00907717381138591	0.0184398374529099	0	0.0109805007401979	0.0290690983036118	0.0172766956946111	0.0258131745589134	0.0312931179302731	0.0276912587192173	0.0360613192177033	0.0361277972024043	0.0265738247558728	0.00928727162589291	0.0325264346442037	0.00840821912229811	0.0101998546928277	0.00457568824014875	0.00915101890680461	0.0335539849542283	0.00852009401848473	0.00657261946704458	0.0354412755719752	0.0286907318204429	0.0220441380909183	0.0368093568393028	0.0279616354970354	0.0249367584036982	0.0328545201336444	0.0396355316424328	0.0372945010713493	0.0586457924966154	0.0306567937407242	0.0218768211715365	0.0338639695014856	0.0116653419664563	0.0331107633222277	0.0188204281485755	0.00691482826225329	0.00596490961050288	0.0136053579612633	0.00919399353223261	0.0149308624294065	0.02548581528376	0.0227257344977849	0.0262698834865349	0.0210190578464478	0.033432195580365	0.0159877400999272	0.0221662962891672	0.0189600267717355	0.0323592380831403	0.0368481785237971	0.0171047535059769	0.0119809276992474	0.019565787439549	0.0282173378282784	0.0365677921015648	0.0207024967298264	0.00762422007959816	0.0324693322578946
OM5_C_4D_3	0.00969094378101808	0.0230416871713663	0.0147802743492471	0.00481183069891021	0.0246698354629876	0.00924793238702189	0.00920449138124111	0.0109805007401979	0	0.0189474109037645	0.00648100779478664	0.0154590467870838	0.0209949788119272	0.0176167429829888	0.0278207845607156	0.0267581800889697	0.0172497783088053	0.00790301113832645	0.0224833670584958	0.0173831365373768	0.0159562660245977	0.0068582156350133	0.00748796850923332	0.0244363410768802	0.00638920281834176	0.00653244224505716	0.0257413314543298	0.0185765716036313	0.0118198391691859	0.0271620083150777	0.0179420611846741	0.0162137653418486	0.0229976995765368	0.0303185400456612	0.0266741290660391	0.0489036815451443	0.0202195802443076	0.0136521307630479	0.0241382930614985	0.00531893797230389	0.0239681217738041	0.0100238304150599	0.00503453135648646	0.0109085416151074	0.022417371208634	0.00929298504098328	0.00493091797533573	0.0163164519114034	0.0314379136059628	0.0358671647655523	0.0305543106901088	0.0242133543204931	0.00829453207741227	0.0120093186561019	0.00812910657988888	0.0230323409950756	0.026348685602119	0.00779493145670378	0.00985210655347876	0.00990194119589453	0.0181413302259139	0.025768870971668	0.00979159811806366	0.00733326910836612	0.0230787233098848
OM5_C_4E_1	0.0141956041145526	0.0418793598204182	0.033538690754114	0.0147495747796894	0.0433078758349638	0.0266269967432489	0.0137262691402973	0.0290690983036118	0.0189474109037645	0	0.0130867274070214	0.00368929362160917	0.00240099862515358	0.00697787796209931	0.0118843833338308	0.00851034234199196	0.00545796496666697	0.0249072240526494	0.00365817064492971	0.0362767520279019	0.0336930631063025	0.0247786486542913	0.0255768440254529	0.00898489912745842	0.0249444442746338	0.0254167583591675	0.00899662448265131	0.00378638480526605	0.00796088761906368	0.00866518126370641	0.00234853423793902	0.00654018169891349	0.00430681822350564	0.0124305449937789	0.00910561752171605	0.0300321179998494	0.00334383786416155	0.00959084230762879	0.00637502367216971	0.0201908480831954	0.0102227408660837	0.0107730674181884	0.0235008040617322	0.0297588716505094	0.0413431217589178	0.0243148058314708	0.0180676085208824	0.00511688149995328	0.0503483496575175	0.0547346903292011	0.0494308584046871	0.0095639270799285	0.0191193994064573	0.00824874471386766	0.0121024902832572	0.00783585425131338	0.00883418201194667	0.0135193661568618	0.0266503526178891	0.013271686513433	0.000869897336716096	0.0092837452291403	0.0109529604233678	0.022941164795645	0.00533470594810175
OM5_C_4E_2	0.00934567683624287	0.0293694011944003	0.0206549691291786	0.00194343631322976	0.0304799126968562	0.0138413023107303	0.00507785017864235	0.0172766956946111	0.00648100779478664	0.0130867274070214	0	0.00961888864000475	0.014972266759062	0.0113761207437899	0.0230707849489742	0.0212843013847412	0.0126754521633963	0.0122470413994235	0.0165155651135257	0.0236822915285864	0.0210431394407511	0.0128786540879855	0.0131496343666446	0.0197979020499273	0.011954608799918	0.0128069771602376	0.0206093047723656	0.0132087357874283	0.00698233323663797	0.0216272064968867	0.0124499551659797	0.011715029808898	0.0173229648374609	0.0250937161889562	0.0205751720760691	0.0430651741858944	0.014346534468143	0.00970514987508205	0.0181808019557628	0.00792269126920101	0.0182022981243181	0.00651620363128758	0.0114558288079752	0.0168901222884846	0.028555216982835	0.0131006816416208	0.00567800087286561	0.0114920197673077	0.0374475502713046	0.0420037651324302	0.0367172075287859	0.0196819663304424	0.00762020080571101	0.00741815657736067	0.00177438311438819	0.0183189878924959	0.0199594830692112	0.00416209633028161	0.0136943639283349	0.00502803468988085	0.0123355158096423	0.0195392370060528	0.00352088319624843	0.0119074839427976	0.0177074816683371
OM5_C_4E_3	0.0116282877102835	0.0383683261999782	0.0301106049803659	0.0113415937183637	0.0399444629825653	0.0233516779831104	0.0110829408384237	0.0258131745589134	0.0154590467870838	0.00368929362160917	0.00961888864000475	0	0.00557713165587185	0.00696166890436112	0.0149264594527772	0.0120588452572155	0.00518035336011784	0.0216763287155646	0.00729648124168026	0.0328173897173887	0.0304800635428416	0.0215368331025309	0.0219350885361618	0.0110074685820495	0.0213975958175939	0.0218774033240557	0.0113399721831681	0.00413132168945094	0.00450281685543277	0.0120913190517841	0.00307314784293094	0.00639275672096699	0.00781723700959347	0.0156331567425364	0.0116143655669765	0.0335389249053583	0.00501266335636558	0.00839876664851286	0.00978259222372059	0.0170530208560906	0.0124151782440936	0.00830517959158755	0.0200149362111691	0.026292600758974	0.0378646158890456	0.0214707410591534	0.0144302089614992	0.00493629208269821	0.046835749254831	0.0513065050430125	0.0459979487031737	0.0111253405389885	0.0161386877503595	0.00488378258485289	0.0086768326862205	0.00955621117152738	0.0116579034179711	0.0106814664168637	0.023230052104588	0.0106078564823752	0.00304719387554661	0.011267588367075	0.00754662034316273	0.0199909766410928	0.00864455035443285
OM5_C_4F_1	0.0165113342384675	0.0439352986541726	0.0355627114603931	0.0167195062358545	0.0453532036219629	0.0285802780047953	0.0155833639822143	0.0312931179302731	0.0209949788119272	0.00240099862515358	0.014972266759062	0.00557713165587185	0	0.00778425049606697	0.0119519124229259	0.00764220633501562	0.00724310855833773	0.0268864651033662	0.00234453827647621	0.0383619174636457	0.0357024634679089	0.0269849253831066	0.0274516813848547	0.00884409483997925	0.0268613020470982	0.0274301125519626	0.00797722444877497	0.00457967467604398	0.00988331073524568	0.00736209283315632	0.00407692042063565	0.00880348938564838	0.0033561180519226	0.0112609999617885	0.00676143763850415	0.0281195359432229	0.00248961770544484	0.0118784017364251	0.00559589066338271	0.0222024314168381	0.0102465422555795	0.0131217202003108	0.0255872927058236	0.0317778017351979	0.0433859187056551	0.0264856872357414	0.019743948365409	0.00742278080063759	0.0523381037702754	0.0568146955436787	0.0515129245732126	0.00935998815499403	0.0208110108483695	0.0101004592734083	0.0138286949648264	0.00780598100093775	0.00672919478697534	0.0155714687688014	0.0283848280025754	0.0149575164814169	0.00325669011861175	0.00704356984363144	0.0124913303030944	0.0252045587754135	0.00532482715665506
OM5_C_4F_2	0.0158759631772197	0.0403572858978605	0.0310367717707513	0.0128421490084671	0.040462900233373	0.0233755964259866	0.00975075740167767	0.0276912587192173	0.0176167429829888	0.00697787796209931	0.0113761207437899	0.00696166890436112	0.00778425049606697	0	0.0161523737267203	0.0134663604370336	0.0112170875440926	0.0216807322535466	0.0082487831857418	0.0344733067565469	0.0303003872463395	0.0231371975530298	0.0244743128011705	0.0158969182298539	0.0228639655961097	0.0239650953644122	0.0156880876738193	0.0101123736053464	0.010315280558842	0.0142640300625446	0.00866412088823073	0.00923949299271611	0.0102831005952844	0.0182955088593418	0.0130601421427905	0.0338146069055283	0.00903203855581898	0.00919290236144853	0.00843505201894914	0.0170754608600092	0.00753116209769833	0.0104590544335823	0.022605786028404	0.0275426768426843	0.0391969428174447	0.0212647774780649	0.0164982888624292	0.00885724841050783	0.0479971857286418	0.0524075957035526	0.0471930546173112	0.0165383211288754	0.0148525239642234	0.0109411987670798	0.0100910887106901	0.0148107208638611	0.0100798523092388	0.0106335085817607	0.0233686543195736	0.00896674460989828	0.00677136846833489	0.0120059776836371	0.00917152322031116	0.0209160460039138	0.0109214146664002
OM5_C_4F_3	0.0201106614764941	0.0497240552883247	0.0418213853284955	0.0242478489948013	0.0511332501733502	0.0352475245424949	0.0226380486060014	0.0360613192177033	0.0278207845607156	0.0118843833338308	0.0230707849489742	0.0149264594527772	0.0119519124229259	0.0161523737267203	0	0.00551973509488075	0.0123057128190913	0.0334245992221657	0.0100615800792228	0.0441288106145711	0.0416688491219774	0.0321634330549693	0.0348304163081621	0.00985485711235562	0.0341402086115455	0.0340926764859379	0.011361093372411	0.0133859096312036	0.0179071788136336	0.00769881525711114	0.0124811130129941	0.0116327548221119	0.00894262144020862	0.00833819703639538	0.0149390414421804	0.0242664142671533	0.0135643051584862	0.0150525100064241	0.0091517912410255	0.0287099266772741	0.0127714866548668	0.0180184983634329	0.0317709442838465	0.0382323765655381	0.0493536700572245	0.031190094394945	0.0284271219318071	0.0117052677893292	0.0585191210716713	0.0622317434321679	0.0570049480173365	0.0118832130492939	0.0285714559372096	0.0180934583966304	0.0225910989638776	0.0108306860429585	0.0142854253391285	0.0221119140641999	0.0363286229918932	0.0228037394893677	0.0121542575605409	0.016753682886158	0.021948047815901	0.0296359890754081	0.00676317634245037
OM5_C_4H_1	0.0201509182097162	0.0493845167587583	0.0412624094371324	0.0227843650676154	0.0508892193288045	0.0344281610506747	0.0213169326911385	0.0361277972024043	0.0267581800889697	0.00851034234199196	0.0212843013847412	0.0120588452572155	0.00764220633501562	0.0134663604370336	0.00551973509488075	0	0.0105289552864569	0.0326457198987053	0.00575621224221008	0.0437960031109718	0.0412686387458308	0.0319995316326624	0.0335347540211096	0.00741482537874527	0.0329660721976087	0.0331979468012085	0.00731544619380884	0.0099487986369665	0.0157492436367228	0.00262042910813941	0.00945428276349625	0.0113266409256077	0.00451476970942851	0.005482832222681	0.00943520459052131	0.0226453186069271	0.00923401678021698	0.0151044229473046	0.00576729556275697	0.0278652294189525	0.0112894605555806	0.0175260716455063	0.0310506097495898	0.0375308588926236	0.0489716845072678	0.0312585688309132	0.0264117238165289	0.010654017409959	0.0580780086216356	0.0621942014099651	0.0569052139071643	0.00911612635894799	0.0270513530045788	0.0158974306535547	0.0204545725639352	0.00798445201725478	0.0093512840110602	0.0210607834950706	0.0348543587787081	0.0210808833035844	0.00910460057673273	0.0113396814499106	0.019421870312365	0.0298001762113372	0.00369800640982275
OM5_C_4H_2	0.0104476723151171	0.0393988679060776	0.0319153750967313	0.014037938948327	0.0416786411298754	0.0258224123375625	0.0145232646848883	0.0265738247558728	0.0172497783088053	0.00545796496666697	0.0126754521633963	0.00518035336011784	0.00724310855833773	0.0112170875440926	0.0123057128190913	0.0105289552864569	0	0.0241289513739486	0.00820275060432899	0.0340448100609687	0.0326689370063555	0.0226631810072061	0.023573821749518	0.00733553060902703	0.0235313832082374	0.0234232185579705	0.00909607845183443	0.00394518593767952	0.00616617156448495	0.0105556028303809	0.00341148425774014	0.00529271622504319	0.00721645212202515	0.0131950106731153	0.0128179334900163	0.0323464947224604	0.00663306568128137	0.00900670708495204	0.010759525352287	0.0195846769429866	0.0145521527493724	0.00933656690611845	0.0211261338731218	0.0280735518571585	0.0392936287735057	0.0232290083070836	0.0172343289291567	0.00378367227988168	0.0483800065835341	0.0525791213151701	0.0472706843694091	0.00762895633752996	0.0197365992484442	0.00612677638508274	0.0123308359871185	0.00610461684674357	0.0139277208332259	0.0134821679094958	0.0261928478352164	0.0145295166077359	0.00501901040315483	0.0134931818651641	0.0116422780878208	0.0211302173057997	0.00705476424358055
OM5_C_4H_3	0.0164523132367005	0.0197113604119684	0.0096255042777228	0.0104403109330979	0.0187919020838291	0.00183976511979416	0.0119937166558209	0.00928727162589291	0.00790301113832645	0.0249072240526494	0.0122470413994235	0.0216763287155646	0.0268864651033662	0.0216807322535466	0.0334245992221657	0.0326457198987053	0.0241289513739486	0	0.0281410925002355	0.0136958086026542	0.00884002889475288	0.00627800671099198	0.00918896210514591	0.0314493471291709	0.00533269922419137	0.0069389521358613	0.0326506032273906	0.0253225353098326	0.0188383280095998	0.0333712379424054	0.0244054752978566	0.0219775876287186	0.029085309576202	0.0368081376910592	0.0326288003960262	0.0547709861567463	0.0265182769021981	0.0184279934758465	0.0291530472231189	0.00479726382202521	0.0274807033178187	0.015581072080209	0.00816079493032391	0.00689094065087031	0.0178752279839552	0.00535287272477241	0.0101395702413948	0.022410795002511	0.0265382662707448	0.0308238863077128	0.0256727885630988	0.0314353705940876	0.00762149354823339	0.0191790210546022	0.0134845116143991	0.030087299112582	0.0313393933253917	0.0116572225729463	0.00515981258870244	0.0127678267762962	0.0241173352266572	0.0314103239136771	0.0152029610608823	0.00677205836785784	0.0290761090560054
OM5_C_5A_1	0.0175121548689353	0.0454509846982724	0.0369664103722783	0.0181689803785392	0.0466742040844285	0.0298776202317023	0.016584778691134	0.0325264346442037	0.0224833670584958	0.00365817064492971	0.0165155651135257	0.00729648124168026	0.00234453827647621	0.0082487831857418	0.0100615800792228	0.00575621224221008	0.00820275060432899	0.0281410925002355	0	0.0397980395433392	0.0369049931868555	0.0282024467366021	0.0291812872580183	0.00885792031862442	0.028435218119037	0.0289789795149747	0.00816093147806247	0.00636427770931728	0.0116117768560631	0.0060407990033461	0.00554797406637773	0.00890888958059177	0.00240112898130486	0.0100880984492267	0.0071612441486035	0.0266609768824832	0.0047069222193776	0.0120947680523837	0.00344028733280306	0.0233924638539401	0.00879965909808294	0.0139551163687881	0.0270884695588047	0.0332284781828694	0.0448412649676557	0.0273732056226953	0.0215462413377025	0.00783462618924325	0.0538412226797535	0.0581996380401977	0.0529056555910073	0.00982071935518574	0.0220515054507796	0.0118750611449432	0.0154390000117982	0.00822526806228186	0.00614460408530597	0.01661058285555	0.0299190371308292	0.0160755831609831	0.00443226928811924	0.00786515327355451	0.0142297065845333	0.0261727537563477	0.00392886455508756
OM5_C_5B_3	0.0245339513700462	0.00612059691859886	0.00476378886444911	0.021907702624532	0.00897828514380425	0.0123685986187251	0.0249921091956499	0.00840821912229811	0.0173831365373768	0.0362767520279019	0.0236822915285864	0.0328173897173887	0.0383619174636457	0.0344733067565469	0.0441288106145711	0.0437960031109718	0.0340448100609687	0.0136958086026542	0.0397980395433392	0	0.00909767206061616	0.0121014329823821	0.0121691471567949	0.0410054064555296	0.0121910208333024	0.0110802489649024	0.0426277398167088	0.0357300549128876	0.028965157853668	0.0442992559125852	0.0351795022955779	0.0327830981905698	0.0402377569934423	0.0472195155626565	0.0439543806463427	0.0661212751632235	0.0375295928394387	0.0297333953058814	0.0412716548636446	0.0177132037177321	0.0403790926124495	0.0265111660205181	0.0129982958611789	0.00715027257556894	0.00536560141661504	0.015586497511257	0.0198641857308233	0.0331738544694614	0.0144997407386661	0.0186013107490915	0.0132809133302085	0.0406788050176562	0.021049429448036	0.0290397777934239	0.0251740711099224	0.0396966892341891	0.0436224823284973	0.0240488238977995	0.0137174106084993	0.025821731478901	0.0354554888075197	0.0429587537208904	0.0267997203375055	0.0153198934803067	0.0401093296858519
OM5_C_5D_1	0.0240495371621491	0.0141894340798661	0.00503564152736578	0.0192160279301669	0.0104929773976916	0.00726929037324341	0.0206095098743557	0.0101998546928277	0.0159562660245977	0.0336930631063025	0.0210431394407511	0.0304800635428416	0.0357024634679089	0.0303003872463395	0.0416688491219774	0.0412686387458308	0.0326689370063555	0.00884002889475288	0.0369049931868555	0.00909767206061616	0	0.0111750991471448	0.0136687522895404	0.0399806668550865	0.0109939118859267	0.0116283790265795	0.0413403919734323	0.0340631444528049	0.0274829166419827	0.0420835944698826	0.0331546139080389	0.0303737285745662	0.0378308610098107	0.045451813531452	0.0414565837168848	0.0634951955349223	0.0353400300246546	0.0266524776589302	0.0377811497960777	0.0135212194254261	0.0357049966923382	0.0239778979194562	0.0137766174317597	0.0070244079621846	0.0111802209569968	0.010767538697043	0.0181925367359208	0.0309440054928898	0.0189230970460553	0.0227862041919914	0.0179198949679234	0.0399572823237181	0.0158898791272249	0.0277757370634865	0.0222946679437963	0.0386579082704292	0.0400753641203008	0.0203290184427019	0.00965782293382036	0.0214110451608264	0.0328924038321538	0.0401987082396382	0.0239859690939696	0.0126660414300432	0.0377027005116154
OM5_C_5D_2	0.0132024115398929	0.0180080989864352	0.00996611774285059	0.0109887514864745	0.0192118630344253	0.00693233752334781	0.0138731326730809	0.00457568824014875	0.0068582156350133	0.0247786486542913	0.0128786540879855	0.0215368331025309	0.0269849253831066	0.0231371975530298	0.0321634330549693	0.0319995316326624	0.0226631810072061	0.00627800671099198	0.0282024467366021	0.0121014329823821	0.0111750991471448	0	0.00794420099587844	0.0298177087657574	0.00624606397335137	0.00497018687336891	0.0315586860030729	0.024626681719247	0.0179784630579361	0.0327087686195585	0.0238056755097197	0.0208363822981259	0.0286591579144945	0.0357054714678715	0.0330331052387336	0.0545123353225143	0.0264450716239062	0.0176588465510825	0.0294793570563078	0.00731152700281599	0.0286457808598133	0.0145541120857995	0.00446505834399687	0.0067750880780581	0.0172305637356025	0.00603335596242664	0.0111895704636948	0.0213640260014061	0.0263997569666739	0.0302447278798174	0.0249664914745247	0.0297660952657264	0.0118129613054796	0.0181757725775162	0.0145579754092745	0.0285818050444535	0.0323888241646905	0.0125388366226682	0.00991585638009332	0.0150138559495473	0.0239295087360654	0.0322517573088888	0.0163410486200309	0.00382946126537139	0.0283396236796117
OM5_C_5D_3	0.0157636500798602	0.017024031963794	0.0104706090751974	0.0117992852154205	0.0200248528799244	0.00909541190920479	0.0161264623250185	0.00915101890680461	0.00748796850923332	0.0255768440254529	0.0131496343666446	0.0219350885361618	0.0274516813848547	0.0244743128011705	0.0348304163081621	0.0335347540211096	0.023573821749518	0.00918896210514591	0.0291812872580183	0.0121691471567949	0.0136687522895404	0.00794420099587844	0	0.0303724500601249	0.00393125462810237	0.0030730508362998	0.0315449108861904	0.0246168180951413	0.017958270310761	0.0336455164428126	0.0243593747663242	0.0233487343014247	0.0295738106185346	0.0366257483103053	0.0324952097064462	0.0552531823256023	0.0262939987644308	0.0210800654932133	0.031136869274339	0.0104821034397444	0.0312034839290197	0.0173841273125886	0.00446495575695143	0.00689795122690837	0.0168669823074141	0.0126823180511606	0.00844667309253073	0.0232793738725145	0.0254838238320527	0.0303342694825883	0.0250832248937059	0.0298121227087698	0.0130789481620358	0.0179497164824353	0.0144677011154367	0.0289024376515611	0.0327221004527993	0.0150842567337055	0.00825247509804975	0.0165291098276736	0.0248217641275212	0.0314431820517201	0.0158068774938876	0.0111587853601968	0.0298688971067302
OM5_C_5E_1	0.0171078259046358	0.0461598178690865	0.039084340674293	0.0212730335017974	0.0488482394015113	0.0331302488370624	0.0215156098999318	0.0335539849542283	0.0244363410768802	0.00898489912745842	0.0197979020499273	0.0110074685820495	0.00884409483997925	0.0158969182298539	0.00985485711235562	0.00741482537874527	0.00733553060902703	0.0314493471291709	0.00885792031862442	0.0410054064555296	0.0399806668550865	0.0298177087657574	0.0303724500601249	0	0.0306463286030687	0.0304503242609526	0.00348424647236504	0.00731194961371521	0.0130238785895196	0.00623165257108693	0.00798941209454566	0.0111612444482594	0.00649254264538475	0.00690573613796528	0.010791379860196	0.0261851803682246	0.00843476232682876	0.0154457421385731	0.0112561607334826	0.0269061353978702	0.0168412814042808	0.0165311027079017	0.0280941924140308	0.0352201864191511	0.0462827707246347	0.0304928044929077	0.0240874908683116	0.00996583906313319	0.055328257120022	0.059518260989185	0.0542222798996599	0.00203176284939779	0.0268213203209854	0.012830545123789	0.0192463718533818	0.00171284387331528	0.0135470081312197	0.0206784001319064	0.0333404758762971	0.0213560539356663	0.00931129005753519	0.0127362634865186	0.0182493475972501	0.0283283397821687	0.00644568952190838
OM5_C_5E_2	0.0157487008387782	0.0177678119488832	0.00912351343018108	0.0103390227080908	0.0190234865074775	0.00530450935433802	0.0138085738142906	0.00852009401848473	0.00638920281834176	0.0249444442746338	0.011954608799918	0.0213975958175939	0.0268613020470982	0.0228639655961097	0.0341402086115455	0.0329660721976087	0.0235313832082374	0.00533269922419137	0.028435218119037	0.0121910208333024	0.0109939118859267	0.00624606397335137	0.00393125462810237	0.0306463286030687	0	0.00275254946659347	0.0317837761991476	0.0245691714338433	0.0178555721222924	0.0333158196246786	0.0240362033428459	0.0225169379388331	0.0290957349454651	0.0365440338219181	0.0321965263756263	0.0549138203168037	0.0260126978140405	0.0196877455727751	0.0300294659461993	0.00733804876844672	0.0293762567057966	0.0162247391514243	0.00485998422687519	0.00533929812917162	0.0167745423562847	0.00948362125530503	0.00784753338349453	0.0226288019301967	0.025542285180913	0.0302773198910997	0.0250132525792065	0.0303039737381015	0.00997098583826279	0.0180066081720177	0.0132662961411216	0.0291905446723549	0.0317755318160859	0.0130597726229759	0.00501008140562865	0.0143047189881898	0.0241704899107759	0.0310209176419842	0.0148069102071194	0.00885384945863481	0.0293102465055751
OM5_C_5E_3	0.0148698567592259	0.0165835946563747	0.00896813044646246	0.0111556625799759	0.0188023968758751	0.00696565412166987	0.0150240960808917	0.00657261946704458	0.00653244224505716	0.0254167583591675	0.0128069771602376	0.0218774033240557	0.0274301125519626	0.0239650953644122	0.0340926764859379	0.0331979468012085	0.0234232185579705	0.0069389521358613	0.0289789795149747	0.0110802489649024	0.0116283790265795	0.00497018687336891	0.0030730508362998	0.0304503242609526	0.00275254946659347	0	0.0318277614080731	0.0248005264261643	0.0180288231167322	0.0335461827091185	0.0243101229393537	0.0225467702354311	0.02943336188329	0.036578938346862	0.0328965380926429	0.055303894928604	0.0265148853537979	0.0198615239593375	0.0306668933839319	0.008613737813161	0.0303139368232361	0.0163216851386879	0.00281853521923282	0.00508592268307804	0.016081513281175	0.0098307325526742	0.00903903336520053	0.0227044960778336	0.0250559841714895	0.0295869390663718	0.0242754170464447	0.0300866007049212	0.0119959911873637	0.018112251277064	0.0143012776611513	0.029052085655044	0.0327336011900191	0.0139096697417115	0.00761453576985839	0.0156977898433004	0.0246181400677388	0.0319100859926101	0.015869852618433	0.00833615609659258	0.029508748848262
OM5_C_5F_1	0.0193656794131289	0.0478012669763263	0.0404984610771391	0.0222677545035961	0.0503639088810262	0.0343045584644956	0.022321852905364	0.0354412755719752	0.0257413314543298	0.00899662448265131	0.0206093047723656	0.0113399721831681	0.00797722444877497	0.0156880876738193	0.011361093372411	0.00731544619380884	0.00909607845183443	0.0326506032273906	0.00816093147806247	0.0426277398167088	0.0413403919734323	0.0315586860030729	0.0315449108861904	0.00348424647236504	0.0317837761991476	0.0318277614080731	0	0.00741722887807212	0.0139664511035809	0.00514239261603289	0.00847371303412428	0.0130143199636078	0.00604060011769273	0.00613697628680653	0.00781383126212797	0.0243375055395731	0.00739448281963902	0.0171620782219001	0.0107810398966152	0.0280909648840419	0.0167057206289663	0.0181769398270397	0.029641456859172	0.0366020198336431	0.0478267628866285	0.0321150687514501	0.0247506185978915	0.0116107980579149	0.0567999406517572	0.0611990126889539	0.0558896911458262	0.00336916395698309	0.027466040672361	0.0137844917537399	0.0197883354631282	0.00351108855057591	0.0114517100520372	0.0217687296386157	0.0341335456698841	0.0219012786898053	0.00956880120146674	0.00996538116175478	0.0185263203773052	0.0301546844278874	0.00713941975939647
OM5_C_5F_2	0.0134432121818274	0.0410715546169654	0.0333453569432509	0.0149052919397375	0.0432305928516074	0.026965279392339	0.0151583829832053	0.0286907318204429	0.0185765716036313	0.00378638480526605	0.0132087357874283	0.00413132168945094	0.00457967467604398	0.0101123736053464	0.0133859096312036	0.0099487986369665	0.00394518593767952	0.0253225353098326	0.00636427770931728	0.0357300549128876	0.0340631444528049	0.024626681719247	0.0246168180951413	0.00731194961371521	0.0245691714338433	0.0248005264261643	0.00741722887807212	0	0.00677922346290059	0.00929417175578373	0.001977468263975	0.00792755644547898	0.00568895276968452	0.0123745733975528	0.00936747967003057	0.0306883008853015	0.00298354127332495	0.0112925867749983	0.00961961827040943	0.0207831933273178	0.0139954826050195	0.0114971801323851	0.0227624756682044	0.0294630106301447	0.040859364491712	0.0250838043430513	0.017502189184861	0.00618133172070303	0.049827989954573	0.05430219634135	0.0489858513280391	0.00715141404490469	0.0201111934090516	0.0067220070640415	0.0123759814105695	0.00572664488446348	0.0110637325006125	0.0145843303618294	0.0267546252904473	0.0147146980404232	0.00382800290996482	0.0097972196747012	0.0111648080389193	0.0232790968802099	0.00692456454852295
OM5_C_5F_3	0.00822429684869589	0.034351694726852	0.0265908375611699	0.0085007788549225	0.0364844569423897	0.0204373888619989	0.0101832213158128	0.0220441380909183	0.0118198391691859	0.00796088761906368	0.00698233323663797	0.00450281685543277	0.00988331073524568	0.010315280558842	0.0179071788136336	0.0157492436367228	0.00616617156448495	0.0188383280095998	0.0116117768560631	0.028965157853668	0.0274829166419827	0.0179784630579361	0.017958270310761	0.0130238785895196	0.0178555721222924	0.0180288231167322	0.0139664511035809	0.00677922346290059	0	0.0156986870139181	0.0064286243014769	0.00768614055077773	0.0116821375620468	0.0187951252561686	0.0154318968727597	0.0373656931773778	0.00874653870475432	0.0086080167729466	0.0140960339556321	0.0144787307196534	0.0163072393579606	0.0066167015370714	0.0160144656769984	0.0226997801075302	0.0340870090807789	0.0188986069423429	0.0111310428257946	0.00662542611150813	0.0430691335668826	0.0475372584540526	0.0422194691069619	0.0127622123557746	0.0144615066998646	0.000732336246430111	0.00667451783907159	0.0114987228402274	0.016073153045199	0.00908764405477883	0.0203440080887406	0.0100122213415258	0.00725197277297943	0.0150648044138959	0.00609810509262939	0.0169424687367837	0.0121668670656665
OM5_C_5G_1	0.0207400072414128	0.0497759725983559	0.0418366375515579	0.0232364770407976	0.0515831563784072	0.0351156508350743	0.0221702063630937	0.0368093568393028	0.0271620083150777	0.00866518126370641	0.0216272064968867	0.0120913190517841	0.00736209283315632	0.0142640300625446	0.00769881525711114	0.00262042910813941	0.0105556028303809	0.0333712379424054	0.0060407990033461	0.0442992559125852	0.0420835944698826	0.0327087686195585	0.0336455164428126	0.00623165257108693	0.0333158196246786	0.0335461827091185	0.00514239261603289	0.00929417175578373	0.0156986870139181	0	0.00932671728864507	0.0124792536180667	0.00436337025253739	0.00406422579395966	0.00767037036658547	0.0218867042323452	0.00840470110268284	0.0164390519873909	0.00712848860684933	0.0286290448105255	0.0130511343452418	0.0184294322324965	0.0314121927440615	0.0380346656902965	0.0494778898123266	0.0323360516269768	0.0264608922948978	0.0114890293700406	0.0585434299097236	0.0627996479952146	0.0574935974863216	0.00758310807379447	0.0277238601544299	0.0157502135078106	0.0207207293894008	0.00677423723041549	0.00899322601844612	0.0218962023972787	0.0352652713759604	0.0218024127736195	0.00936280686432814	0.00990116528732693	0.0195343828564098	0.030761331713833	0.00474778599049913
OM5_C_5G_2	0.0126747832126247	0.0406561630744995	0.0326781281972444	0.0140849289533459	0.0425058908250482	0.0261001555449032	0.0138599271671796	0.0279616354970354	0.0179420611846741	0.00234853423793902	0.0124499551659797	0.00307314784293094	0.00407692042063565	0.00866412088823073	0.0124811130129941	0.00945428276349625	0.00341148425774014	0.0244054752978566	0.00554797406637773	0.0351795022955779	0.0331546139080389	0.0238056755097197	0.0243593747663242	0.00798941209454566	0.0240362033428459	0.0243101229393537	0.00847371303412428	0.001977468263975	0.0064286243014769	0.00932671728864507	0	0.00616938999645511	0.00526043375373761	0.0126795222696081	0.010074310213607	0.0310199710434831	0.00355802625782983	0.00952190351165873	0.00846119856295586	0.0197616140699751	0.0123975696922041	0.0101206968937848	0.0222689663607176	0.0288393731212264	0.0403133520490106	0.0238807849447936	0.0171807370336575	0.00445409717167012	0.0493357410776895	0.0537176973334415	0.0484031069662281	0.00827863517024298	0.0191031121595305	0.0065672406377195	0.0116496326211542	0.00661154649905797	0.0107967968074239	0.0133197024821897	0.0261216906179931	0.0135139227699423	0.00209693903185441	0.0104130454501136	0.0105719533689552	0.0221985573260806	0.00606225075938385
