	OM5_B_B_1	OM5_B_B_2	OM5_B_B_3	OM5_C_4A_1	OM5_C_4A_2	OM5_C_4A_3	OM5_C_4D_1	OM5_C_4D_2	OM5_C_4D_3	OM5_C_4E_1	OM5_C_4E_2	OM5_C_4E_3	OM5_C_4F_1	OM5_C_4F_2	OM5_C_4F_3	OM5_C_4H_1	OM5_C_4H_2	OM5_C_4H_3	OM5_C_5A_1	OM5_C_5A_2	OM5_C_5A_3	OM5_C_5B_3	OM5_C_5D_1	OM5_C_5D_2	OM5_C_5D_3	OM5_C_5E_1	OM5_C_5E_2	OM5_C_5E_3	OM5_C_5F_1	OM5_C_5F_2	OM5_C_5F_3	OM5_C_5G_1	OM5_C_5G_2	OM5_C_5G_3	OM5_C_5H_1	OM5_C_5H_2	OM5_C_5H_3	OM5_C_6A_1	OM5_C_6A_2	OM5_C_6A_3	OM5_C_6B_1	OM5_C_6B_2	OM5_C_6B_3	OM5_C_6D_1	OM5_C_6D_3	OM5_C_6F_1	OM5_C_6F_2	OM5_C_6F_3	OM5_H_2H_2	OM5_H_2H_3	OM5_H_6A_1	OM5_H_6A_2	OM5_H_6A_3	OM5_H_6B_1	OM5_H_6B_2	OM5_H_6B_3	OM5_H_6C_2	OM5_H_6C_3	OM5_H_6F_1	OM5_H_6F_2	OM5_H_6F_3	OM5_H_6G_1	OM5_H_6G_2	OM5_H_6G_3	OM5_H_6H_1	OM5_H_6H_2	OM5_H_6H_3
OM5_B_B_1	0	0.0121428107750572	0.0345000007947267	0.021627397753884	0.0211868230672621	0.0512328495524709	0.0258645800515174	0.0594927481427684	0.0901708845050376	0.0421631376561835	0.0250236945436905	0.0578799028909617	0.00433537061381061	0.0174835344628249	0.019390772179677	0.0326178217327897	0.0369162691414352	0.0280445538307662	0.0341268678261899	0.416187715828065	0.0483862375677049	0.0341195405547075	0.0173805052143532	0.0182487162797	0.0301285019279979	0.0262343669833874	0.00968228427208819	0.0448989027054184	0.0479813994481635	0.0315302185640141	0.0673966209436671	0.0323347681002912	0.0177025206063416	0.0609096054255801	0.0385178030478696	0.0336534122773468	0.0472614270591261	0.0354377374558939	0.0281987311514555	0.0409615309934328	0.0328662687209678	0.0298349169446175	0.0750056030343185	0.00986675301780739	0.0420910579934466	0.0359410522771085	0.0319261349961177	0.0357855067895945	0.035635282570658	0.0614717043658388	0.0154603469176255	0.0228510302492748	0.0448177373817637	0.031388001463797	0.0444109371959	0.0614632899501274	0.0155672145001816	0.0720307887973234	0.0422868656545631	0.0515353253067463	0.035619508854769	0.0271016297720747	0.0424233400152418	0.0537778185689958	0.0424552903074437	0.0575099737289326	0.0522148259113759
OM5_B_B_2	0.0121428107750572	0	0.0236430403425832	0.0100135226334841	0.0102288807520275	0.0398737195258454	0.0159246110902711	0.0492763225280495	0.0814137922363593	0.0304148108096297	0.0133875013417047	0.0492574917704141	0.00789647600185834	0.00562879529689928	0.0112469238644877	0.0227300804269429	0.0253124085745531	0.0221291343584948	0.0237055688373054	0.425012956429064	0.037537792905419	0.0225400189363074	0.00525149797240718	0.0136801632000726	0.0206587846742186	0.0141215069862165	0.00842436776609076	0.0346164229002905	0.0381597552187296	0.0194432869259712	0.0600257105996735	0.0215427969695653	0.012631364789616	0.0512276984718513	0.027312837089303	0.0222778153875798	0.0387560182429339	0.0264099207751353	0.017528365534817	0.0313048967767049	0.0228612298903411	0.0182470326856566	0.0656599717369747	0.00477742277973383	0.0326268866876462	0.0263526277638541	0.0211819914476076	0.0261664184114585	0.0288120753521911	0.0526946658131335	0.00546001863304393	0.0107253120929683	0.0349104219618038	0.0193595025320612	0.0350408265772488	0.0512908517856949	0.00536445936878455	0.0624374450167129	0.0320997950631961	0.0427412101076649	0.0237913611437514	0.0150028508702249	0.0313026845027484	0.0460488942603313	0.0341581550123396	0.0479688993553836	0.0422386985752254
OM5_B_B_3	0.0345000007947267	0.0236430403425832	0	0.0137729449536055	0.0223408602534244	0.0169529326719555	0.00898293900525487	0.0257403770027591	0.058798443104177	0.00986930547508955	0.0106870849686523	0.0275237852569262	0.0302800496021406	0.0181345530571665	0.0158951695797761	0.00454625604937661	0.00530870887855845	0.016210985088968	0.00213568456204748	0.444934491363727	0.013940699005655	0.00452997347159691	0.0197320916526529	0.0331103177556376	0.00676271967998841	0.0128338134322485	0.0316906092749993	0.0112079792111241	0.0151846766993843	0.0104339867830793	0.0397540316683732	0.0021691967016068	0.0196699300021175	0.0280656004173982	0.00439556299759502	0.00319450493316343	0.0181363935578602	0.00812867707773593	0.00630571098271002	0.00927892503107726	0.00405363985816815	0.00653855931237558	0.04263059997458	0.0246376555789932	0.0108253620800407	0.00617745473624773	0.00259235775524675	0.005990514132984	0.0155991366591478	0.0305809184503504	0.0247027783613971	0.0150798478292926	0.011985387776243	0.00943061768537385	0.0130974765941203	0.0277672240103401	0.01901906660355	0.0392261539765311	0.00891830329374792	0.0211375305213563	0.00684953876541984	0.0152372288435172	0.00799651613646078	0.0261306505015565	0.0148897950500515	0.0250170169035301	0.0189543259069865
OM5_C_4A_1	0.021627397753884	0.0100135226334841	0.0137729449536055	0	0.0105430075269856	0.0298717521127575	0.00748471457004555	0.0395030313569972	0.0722027137029837	0.0205499603521976	0.00340679252856774	0.0403470359835723	0.0172961739950414	0.00440213457301073	0.00785401707277735	0.0135996997988502	0.0153510086169934	0.0172428964607438	0.014099583985355	0.433425845208189	0.0275873258905155	0.0125627039183976	0.00606816674137204	0.0201271292660447	0.0121081145632007	0.0058084447931673	0.0179212436377142	0.0249066108127015	0.0286602768025891	0.0104317076244883	0.0517990718001496	0.0117448008364773	0.0121422116592486	0.0416875017553879	0.0173100949038172	0.0122655779811438	0.0301218923545274	0.0178392445854073	0.00798394149327023	0.0220326070811438	0.0136194239584575	0.008261504113649	0.056212069541713	0.0120767546993219	0.0234570482680751	0.0172982700460397	0.0114233555460175	0.0170948818229221	0.0221161898679773	0.0436472484642674	0.0111868591748243	0.00383003002467132	0.0254050408719678	0.0100547298100523	0.0258794238303657	0.0415275777801705	0.00634964873660317	0.0528841107406742	0.022471962501428	0.0338182608764154	0.0140023866078334	0.00832919527068109	0.0213064822962821	0.0378068200350513	0.0258319502915624	0.0385255812488879	0.0326148186845104
OM5_C_4A_2	0.0211868230672621	0.0102288807520275	0.0223408602534244	0.0105430075269856	0	0.0360462769763954	0.017959126996156	0.047452007831245	0.0810028769302412	0.0258938316071107	0.0121958034380621	0.0497856002408349	0.0174139125639449	0.00885297268758165	0.0171209792832612	0.0234446351016888	0.0217532424740505	0.0275627104669871	0.0233105801607626	0.428375100500238	0.0350285204813059	0.0194047814248724	0.00646609741262296	0.0110498099237245	0.0223866859878402	0.00961045512128331	0.0132459899286879	0.0333980288287599	0.0375000483071739	0.0140845674777458	0.0616889446826545	0.0207073897921896	0.0204318211534705	0.0502010853833825	0.0247288488514106	0.0198325995982577	0.0399371291610101	0.0279370879080219	0.0177673019680256	0.0314013369667919	0.0233554453916492	0.0158269549992802	0.0647379843867948	0.0149161367600609	0.0329093698535476	0.0270607002916922	0.0205137973798316	0.0268487446673298	0.0326485936921655	0.052898306324881	0.00573748509764771	0.0074971153597665	0.0343204526837986	0.0145501305869026	0.0352807873043508	0.0494736427248613	0.0121220299786153	0.0612287925985156	0.0312416811086816	0.0433293091376562	0.0195260884481147	0.00819543026086715	0.0285810223665466	0.0477912342866006	0.0359088113018602	0.0472738132022647	0.0411085179408169
OM5_C_4A_3	0.0512328495524709	0.0398737195258454	0.0169529326719555	0.0298717521127575	0.0360462769763954	0	0.0259272526511677	0.013641916241153	0.0474384839336387	0.0102033727400298	0.0264934831104568	0.0220530313567041	0.0469564981309034	0.0342498387450259	0.0328368932579775	0.0201203563852175	0.0146455291555017	0.030908555883082	0.0178875943215618	0.458412136413116	0.00530718694156341	0.0173665683632068	0.0353407305113866	0.0470611891737248	0.022856585144536	0.0268215540865551	0.0474096247641888	0.0102698424332654	0.0120385188902231	0.02196739997714	0.0347220352032732	0.0191027132051414	0.036466678957387	0.0178372984948711	0.0127414834149374	0.017630187451289	0.019152995549846	0.0201479583859002	0.0231910951953972	0.015035927582757	0.0197008158586064	0.0216397169673506	0.0310199842243712	0.0414068414144287	0.0153269764310766	0.0182823668682064	0.019537727805544	0.0183074441748142	0.0266212302852299	0.0233504055569684	0.0398340074027658	0.0299558187230861	0.0122347592191735	0.0215413789428936	0.015037335911453	0.0153786081888416	0.0356804503029451	0.0272203524056147	0.0121437370852117	0.0184135309440987	0.0165853269125647	0.0278791354965597	0.00897300938649669	0.0248226567440504	0.0202231649475586	0.0165310633276231	0.0114468992027129
OM5_C_4D_1	0.0258645800515174	0.0159246110902711	0.00898293900525487	0.00748471457004555	0.017959126996156	0.0259272526511677	0	0.0337118933448357	0.0655280485083905	0.0182020552556843	0.00641340601796226	0.0333842132191277	0.0217569696082975	0.0110186608920546	0.00691306545776763	0.00685988963936724	0.012891959073294	0.0109280585539561	0.00828946178077646	0.437945631773723	0.02261906967224	0.0104163521667121	0.0132638921219001	0.0274972908070993	0.00478520523592077	0.0106158824051723	0.024313902076625	0.0190609340284992	0.0223501835031184	0.0123561133820568	0.0445082415752909	0.00686485568456669	0.0108341565915102	0.0354107772196089	0.0133181958682168	0.00930927680716303	0.0229597550083808	0.0105844668088077	0.00314105464162509	0.0154160890799908	0.00705103356513145	0.00740138476197174	0.0497943146627871	0.0160430111515781	0.0167121024922508	0.0104341633052646	0.00642063170066028	0.0102506162267239	0.0147300648199931	0.0367961933831497	0.0183892862653408	0.0106887573583807	0.019122951254973	0.0114496003554882	0.0191234165150603	0.0357026970659287	0.0107776509789219	0.0466206763718363	0.0164627523869803	0.0268541452911581	0.0128345837110252	0.0137084088433702	0.0169599835381864	0.0304935774614247	0.0185102576801136	0.0321057109663459	0.0265123972138478
OM5_C_4D_2	0.0594927481427684	0.0492763225280495	0.0257403770027591	0.0395030313569972	0.047452007831245	0.013641916241153	0.0337118933448357	0	0.0341452367875383	0.0228189087787201	0.0363933687148278	0.0113480959416095	0.0554437614652189	0.0438414654618878	0.0401685833425086	0.0269020488210279	0.0258020053301018	0.0345127966000811	0.0255990922197883	0.466369321480375	0.0125105950217516	0.0280594554951244	0.045453824894203	0.0584420667863705	0.0294083934864301	0.0378723697659295	0.0574026762500749	0.0146833904402639	0.0116982161191249	0.0337325432674982	0.0223809877060787	0.0277777367600058	0.0427982406319534	0.00456412344470174	0.0227410397830959	0.0277353071320329	0.0157235595387871	0.0244888637726602	0.0317617216493845	0.0186734969931785	0.0266702857530903	0.0318763395922799	0.0176515511988082	0.0497316609574123	0.0177568676478025	0.0236351298028043	0.02812186713054	0.0237773744006342	0.0278693597097227	0.0110042617777924	0.0503677360850509	0.0405832072612019	0.0147318446935995	0.0330710087993651	0.0157177532242786	0.00203114188983537	0.0444038947146081	0.0139483280750746	0.0172551864603462	0.0120491662252715	0.0282062740289109	0.0395677639318297	0.0189063070877402	0.0166874638941674	0.0196945613477984	0.0053953468848006	0.00741069865551185
OM5_C_4D_3	0.0901708845050376	0.0814137922363593	0.058798443104177	0.0722027137029837	0.0810028769302412	0.0474384839336387	0.0655280485083905	0.0341452367875383	0	0.0569414301269768	0.0693902840674228	0.0323766829052474	0.086520600323401	0.0763334519727453	0.0710983968682488	0.0587750039050739	0.0596971513065421	0.0626249333241928	0.0581518749658921	0.491438721777188	0.0465613190260356	0.0617467877924809	0.0782534465864071	0.0918249807310325	0.0608148140730557	0.0714245657988262	0.0897695223140881	0.0476672245710846	0.0436466753390872	0.0676411610044841	0.0249500410572868	0.0606198322849204	0.0725901087399633	0.0308940901125958	0.0564448392637221	0.0612202139753664	0.0430051167384505	0.0551345730705858	0.064242033933963	0.0502345015114373	0.0586860061625772	0.0652350650800114	0.0164988820684083	0.080923582650617	0.0488648259683484	0.0551235862604089	0.0608901450781412	0.0553130790543434	0.0549703267490171	0.0288249079702155	0.0833227384400359	0.0738479990705632	0.0468808118702276	0.0669150308460788	0.046445186666112	0.0322239034909573	0.0762105730897526	0.0202490109453674	0.0498992058817861	0.038809803176411	0.0621634208469514	0.0733666458307923	0.0528088506581054	0.0368433676931715	0.0477990813178268	0.0338059738946588	0.0399612124357192
OM5_C_4E_1	0.0421631376561835	0.0304148108096297	0.00986930547508955	0.0205499603521976	0.0258938316071107	0.0102033727400298	0.0182020552556843	0.0228189087787201	0.0569414301269768	0	0.0171484130188097	0.0286184481133129	0.0378373326677639	0.0248147896332655	0.0249030230432704	0.0142599934334612	0.00538714753278155	0.0259942774112348	0.0116962332812148	0.450034931092283	0.0106011730959704	0.00813657137166624	0.0256240867722037	0.036891026861612	0.0166304380174351	0.0168488243423604	0.0376021207959751	0.0119818221776711	0.0160699517377909	0.0118197976232091	0.0415482940336298	0.011592625066333	0.0290302444795446	0.0264230945105012	0.00587462644845821	0.00894404683726818	0.0219679952908581	0.0165783436336749	0.0151188222816704	0.014127405925196	0.0137622442469857	0.0123560742901596	0.0404618328662983	0.0324915447337949	0.01532551064575	0.0143569573930767	0.0120283177046603	0.0142599036139465	0.0241962616552154	0.0308306888197736	0.029894296016592	0.020105403885989	0.014020285998337	0.0114775890424967	0.0165856060892653	0.0247492145136168	0.0266973206719492	0.0367382547593778	0.0116481081861669	0.0232529195466218	0.00665024266921854	0.0177079563938836	0.00574853635846312	0.0294048354156114	0.0206642701660711	0.0242306462078228	0.0180669948263698
OM5_C_4E_2	0.0250236945436905	0.0133875013417047	0.0106870849686523	0.00340679252856774	0.0121958034380621	0.0264934831104568	0.00641340601796226	0.0363933687148278	0.0693902840674228	0.0171484130188097	0	0.037774050868312	0.0206950058241158	0.00775959530367535	0.00967049712877096	0.0112517427164364	0.0119466361392639	0.0172056849957676	0.0112995171775855	0.436212578308049	0.024339331708904	0.00916152670181645	0.00907467257553329	0.0225861962257777	0.0103247181226527	0.00426047912009055	0.0211250748395297	0.021890671392429	0.0257825728291177	0.00755014053099114	0.0495342146140722	0.00878749707069656	0.0141754032787128	0.0387346538024694	0.0139987301768081	0.00892243307487866	0.0277764800965817	0.0157553468405339	0.00557617250362865	0.0193728064664068	0.0111738770890896	0.00486212424153247	0.0532884605588342	0.0154105885499965	0.0208511842135947	0.0148862159633272	0.00852475716088696	0.014675272773485	0.0209766689354089	0.0409837430333591	0.0140182690230274	0.00469890338203137	0.0225436824813081	0.00699256841489062	0.0232525150672874	0.0384219876398504	0.00963139793112022	0.0499017003792936	0.0195383311234601	0.0312745800818523	0.010626250678593	0.00733603142436656	0.0180022890127049	0.0356097018085128	0.0237193068832045	0.0356437234754824	0.0296314618963996
OM5_C_4E_3	0.0578799028909617	0.0492574917704141	0.0275237852569262	0.0403470359835723	0.0497856002408349	0.0220530313567041	0.0333842132191277	0.0113480959416095	0.0323766829052474	0.0286184481133129	0.037774050868312	0	0.0542129465952803	0.0443328046383365	0.0387733028186977	0.0267628793299895	0.0296835484508203	0.0305174873001063	0.0265049215724744	0.464508618920176	0.0183901589692131	0.0311677102672164	0.0463943042235272	0.0603294404530725	0.0286188874606319	0.0403491573197883	0.0576611944328019	0.0171483165014346	0.012813134056563	0.0373652162353496	0.0129495429145596	0.0290937468509957	0.0403013624722093	0.00772032636107553	0.0261649817711448	0.030337358471727	0.0106353083285594	0.0228650177461267	0.0323890833294381	0.0184120963453061	0.0267349423890396	0.0340569021131605	0.0177065969870121	0.0486140082269702	0.0169305043791206	0.0230663512369646	0.02930054745003	0.0232667961688765	0.0229394724486594	0.00367367248692686	0.0515221747915285	0.0423928050382828	0.0157004605572595	0.0364874817414068	0.0145293224675539	0.0115191390506299	0.0439904621830037	0.0155509893222087	0.0187978741487764	0.00653838701105728	0.0322305941938382	0.0426828901163912	0.0232825805972288	0.00632850665822561	0.0154432048653421	0.00611957310906718	0.0108109501011501
OM5_C_4F_1	0.00433537061381061	0.00789647600185834	0.0302800496021406	0.0172961739950414	0.0174139125639449	0.0469564981309034	0.0217569696082975	0.0554437614652189	0.086520600323401	0.0378373326677639	0.0206950058241158	0.0542129465952803	0	0.0131534818378217	0.0155011920809764	0.0285655049396386	0.0325997843135316	0.0248779964865036	0.0299804921001692	0.419592060375589	0.0441930527125076	0.029803222567115	0.0131477011253086	0.0163624093843448	0.0261434280583609	0.0219334149065287	0.00787210571235985	0.0408102772819098	0.0439990441645548	0.0272169115757723	0.0640917616555781	0.0281192063445184	0.0144318525131698	0.0569856484870629	0.0342518822143568	0.0293582206260501	0.0435907819286013	0.0315836340487226	0.0239868329859158	0.0369943784079877	0.0287924165878916	0.0255140791419969	0.0711843723460963	0.00572003703868102	0.0381708970741493	0.0319670912146665	0.0277169230958853	0.0318042835866064	0.032327168165553	0.0577733042576795	0.0117885624621712	0.0185603191649616	0.0408082141902864	0.0270624903391247	0.0405206281644431	0.0574267237610716	0.0112895798207412	0.0681441065410785	0.0382113403386223	0.0478070689480906	0.0312875169363455	0.0228968088049498	0.0381754661883227	0.050334353568733	0.0388152521337945	0.0536135063991949	0.0482073580025102
OM5_C_4F_2	0.0174835344628249	0.00562879529689928	0.0181345530571665	0.00440213457301073	0.00885297268758165	0.0342498387450259	0.0110186608920546	0.0438414654618878	0.0763334519727453	0.0248147896332655	0.00775959530367535	0.0443328046383365	0.0131534818378217	0	0.00836545133970712	0.0176081344123451	0.0196873561808699	0.0191525077446589	0.0183441043663601	0.429714775560744	0.0319809630580377	0.0169126029368979	0.00257397692558086	0.0166638306770435	0.0158003815434106	0.00888840930004562	0.0135855829143021	0.0292139085869004	0.0328840359552718	0.0140972417166755	0.0555036291807863	0.0160723467209799	0.0116085760744962	0.0459377274977942	0.0217111391837843	0.0166610608017159	0.0339660798201969	0.0215989068934514	0.012166636765685	0.0261450328505019	0.0176840704372272	0.0126188489840754	0.060431745872704	0.00836616010778144	0.0275265259611974	0.0212909656149645	0.015732023200738	0.0210948726714054	0.0249993191971828	0.0476953024699918	0.00745233870519292	0.00564365972820593	0.0296272943670978	0.0139129670413796	0.0299509667813202	0.0458628970993297	0.0035239232789895	0.0571437903530577	0.026742700951182	0.037799652951555	0.0182077974527592	0.0104156382566316	0.0257075407025454	0.0414941328065808	0.0295195623123998	0.0427347896093379	0.0368932272494918
OM5_C_4F_3	0.019390772179677	0.0112469238644877	0.0158951695797761	0.00785401707277735	0.0171209792832612	0.0328368932579775	0.00691306545776763	0.0401685833425086	0.0710983968682488	0.0249030230432704	0.00967049712877096	0.0387733028186977	0.0155011920809764	0.00836545133970712	0	0.0133382225312653	0.01953028361717	0.010999920546769	0.0151106643036616	0.432547453950809	0.0294356054822977	0.0168873212637105	0.0109268746820103	0.0244848887919113	0.0107657559196667	0.0134345476928053	0.0194923869553708	0.0256403346994659	0.028608541426863	0.0171533832769689	0.0490492146223586	0.0137682539901585	0.00451125775102604	0.0415441631828548	0.0202157194920686	0.0159606132056867	0.0281568631090472	0.0160876301988614	0.00982219801271497	0.021581777496754	0.0136312146347771	0.0131480494947866	0.0557124244794425	0.00985067011860162	0.0227113196586657	0.0165637721535524	0.0133261893045688	0.0164119712164487	0.0175892374550465	0.0423155149311625	0.0153527454627165	0.0116181608281746	0.0254586297478616	0.0164802168469676	0.0250437600930642	0.042128333996394	0.00599556709256905	0.0526899334173958	0.023010261235957	0.032335727393633	0.0190776733309277	0.0161576728252305	0.0238695426350783	0.0351356146140915	0.0234180799359375	0.0381507219883979	0.032855201118659
OM5_C_4H_1	0.0326178217327897	0.0227300804269429	0.00454625604937661	0.0135996997988502	0.0234446351016888	0.0201203563852175	0.00685988963936724	0.0269020488210279	0.0587750039050739	0.0142599934334612	0.0112517427164364	0.0267628793299895	0.0285655049396386	0.0176081344123451	0.0133382225312653	0	0.0098465577285313	0.0117362878281053	0.00256436478831654	0.443691903579178	0.0162362099679222	0.0086187980952149	0.0196433290846078	0.0336772324297082	0.00274372583219454	0.0145602109719635	0.0310776782895326	0.0123075588101584	0.0154914204413254	0.0136602062162802	0.0383088868733778	0.00390797086368869	0.016490660069956	0.0285552779455564	0.00848569536266744	0.00714739854963826	0.0165615637820192	0.0046294953859993	0.00570179452050334	0.00857754418952618	0.000498937967666904	0.00873771321775814	0.0429616257828297	0.0228472167537032	0.00992407943749289	0.00369932449824534	0.00375544947930088	0.00349726098418332	0.0114050704353122	0.030100790922895	0.0247784918993043	0.0159496117551432	0.0122672385648848	0.0126098368034542	0.0123481786175563	0.028882936915503	0.0176345632427703	0.0397695043716771	0.00968183764655036	0.0202283502953726	0.0111546672932967	0.0174031949997969	0.0112960895866234	0.024363368605829	0.0124878100589536	0.0252599596099923	0.0196641072245043
OM5_C_4H_2	0.0369162691414352	0.0253124085745531	0.00530870887855845	0.0153510086169934	0.0217532424740505	0.0146455291555017	0.012891959073294	0.0258020053301018	0.0596971513065421	0.00538714753278155	0.0119466361392639	0.0296835484508203	0.0325997843135316	0.0196873561808699	0.01953028361717	0.0098465577285313	0	0.0214107099850292	0.00741416814264256	0.44607851616044	0.0133116990210987	0.00279848854608839	0.0207015420286481	0.0327953134299562	0.0118626856909258	0.0122873033163171	0.0327743044782487	0.0125513325961486	0.0168839803281781	0.00795936942437115	0.0423799658480659	0.00655860082323729	0.0237002730437763	0.0288462843994709	0.00354122597407986	0.00358612213442988	0.0214203207486335	0.0131751088623564	0.00977860931387191	0.0126632185158204	0.00935756715709867	0.00709316454407657	0.0432867212073474	0.0271877900149796	0.0141367921121292	0.011049374093446	0.0069636148192409	0.0108944925606993	0.0207806904515278	0.0323659907038554	0.0252299366175741	0.0153315063044579	0.0140822237152165	0.00727225601093688	0.0160232656785433	0.0278129905614585	0.0213977075064132	0.0396871968490169	0.0110908609540229	0.0236720868528156	0.00254952863734776	0.0137733577713511	0.00690862984024707	0.0293102014701834	0.018985987186226	0.0261853950252835	0.0199029953399329
OM5_C_4H_3	0.0280445538307662	0.0221291343584948	0.016210985088968	0.0172428964607438	0.0275627104669871	0.030908555883082	0.0109280585539561	0.0345127966000811	0.0626249333241928	0.0259942774112348	0.0172056849957676	0.0305174873001063	0.0248779964865036	0.0191525077446589	0.010999920546769	0.0117362878281053	0.0214107099850292	0	0.0142998224948175	0.438751503351519	0.0262869464318747	0.0196689061505985	0.0217222467468699	0.0354804472243372	0.00956502958448725	0.0214613347722345	0.0301276852108075	0.0214729794868351	0.0229607580759978	0.0230713316177732	0.0393925710587015	0.0149276249372905	0.0104478437661295	0.034806869978464	0.0201931984540531	0.0182509279774002	0.0201145255790762	0.0108221886264061	0.013317424254554	0.016532880334027	0.012234384372313	0.0178908922629662	0.0481022853314117	0.0197869938058714	0.0170119576607104	0.01263626546821	0.0145695771748463	0.0126234553008667	0.00767550980362206	0.0341823158745627	0.0263349422413413	0.0209573283985898	0.0203823887112039	0.0220997526098661	0.0188215574579247	0.0362849154479481	0.0169851075036498	0.0454949543875565	0.0190455718150746	0.0245349073952021	0.0222816627787025	0.0245401938507142	0.022574586199544	0.0258962318506149	0.0153455796386786	0.0313083116776005	0.027162620564158
OM5_C_5A_1	0.0341268678261899	0.0237055688373054	0.00213568456204748	0.014099583985355	0.0233105801607626	0.0178875943215618	0.00828946178077646	0.0255990922197883	0.0581518749658921	0.0116962332812148	0.0112995171775855	0.0265049215724744	0.0299804921001692	0.0183441043663601	0.0151106643036616	0.00256436478831654	0.00741416814264256	0.0142998224948175	0	0.444842821282622	0.0143371997489698	0.00657400328996734	0.0201549463552442	0.0338798113859312	0.00510336185843609	0.0140041297876009	0.0319214147868705	0.0109194630433521	0.0145633638186967	0.0122096336936633	0.0384824091574296	0.0026305624022466	0.018587106346877	0.0276067850568303	0.00593360549490648	0.00515853238853731	0.0167438171084792	0.00605369038930541	0.00618565072086656	0.00809658784959718	0.00206757117019947	0.0077925345513439	0.0421288504808846	0.0242830619903841	0.00960241270784384	0.00424111366991196	0.00279792887191457	0.00403888777869567	0.0134672093372431	0.0296914559898294	0.0252267631818574	0.0158964434626796	0.0113073770419978	0.0111777291050232	0.0119799268676984	0.0276097555777927	0.0188313732851668	0.0388182757245633	0.00840394876406958	0.0200288119045009	0.00896940370539306	0.0166185918464726	0.00895822066341028	0.0247039887281968	0.0131780988261951	0.024432161764202	0.018557784786139
OM5_C_5A_2	0.416187715828065	0.425012956429064	0.444934491363727	0.433425845208189	0.428375100500238	0.458412136413116	0.437945631773723	0.466369321480375	0.491438721777188	0.450034931092283	0.436212578308049	0.464508618920176	0.419592060375589	0.429714775560744	0.432547453950809	0.443691903579178	0.44607851616044	0.438751503351519	0.444842821282622	0	0.456664390225462	0.443815354941384	0.42864909766687	0.419332365337018	0.441613888545751	0.435850460329968	0.418454502500045	0.454014919556888	0.456680130776422	0.44011669003163	0.470936319182571	0.443143317579988	0.430674464321489	0.467560118653774	0.448010081938995	0.443732511622213	0.4556578505442	0.446036617732974	0.439698768708032	0.450754552890445	0.443884731783436	0.440260446536037	0.479276098420836	0.42441788309284	0.451688969229782	0.446519180647298	0.442824909075176	0.446388182789788	0.445177069270864	0.467598245545694	0.424855284448796	0.433170313515455	0.454007956051609	0.440365509543318	0.45362214999425	0.46804233204716	0.428963086509813	0.476894077535531	0.451828848927735	0.459357469693901	0.444485654579473	0.435253491150091	0.451382702681062	0.460387962019793	0.451586643712565	0.464666154365684	0.460251257183548
OM5_C_5A_3	0.0483862375677049	0.037537792905419	0.013940699005655	0.0275873258905155	0.0350285204813059	0.00530718694156341	0.02261906967224	0.0125105950217516	0.0465613190260356	0.0106011730959704	0.024339331708904	0.0183901589692131	0.0441930527125076	0.0319809630580377	0.0294356054822977	0.0162362099679222	0.0133116990210987	0.0262869464318747	0.0143371997489698	0.456664390225462	0	0.0156643815716893	0.0333962168956515	0.0460513665524266	0.0189613964308587	0.025482949244768	0.0454536449738304	0.00506277438443258	0.00696103332606146	0.0212289831631023	0.0313177478170998	0.0160902180055191	0.0327204277755829	0.0158546123140217	0.0104055469401551	0.015486963880972	0.0140137501239329	0.015467155472984	0.020216936923035	0.0099906924418734	0.0158801941708355	0.0196519838946617	0.0300926805538853	0.0385299753986067	0.0101166762593235	0.013818330997136	0.0164868889687515	0.0138814863237644	0.0215155932596285	0.0203344828858235	0.0381877558040786	0.0283204480671102	0.00693790145236704	0.020581714697674	0.00973053248249657	0.0145123965086827	0.0329517795494923	0.0264392404980512	0.00725073047666224	0.0138212604847912	0.0156988550093816	0.0270815204516827	0.00645582490766527	0.0202468307838091	0.0149189415219481	0.0136538438885762	0.00761484445883759
OM5_C_5B_3	0.0341195405547075	0.0225400189363074	0.00452997347159691	0.0125627039183976	0.0194047814248724	0.0173665683632068	0.0104163521667121	0.0280594554951244	0.0617467877924809	0.00813657137166624	0.00916152670181645	0.0311677102672164	0.029803222567115	0.0169126029368979	0.0168873212637105	0.0086187980952149	0.00279848854608839	0.0196689061505985	0.00657400328996734	0.443815354941384	0.0156643815716893	0	0.0179936896001706	0.0304105988064557	0.0101423083479316	0.0098243879599786	0.030081920031041	0.0142247911991913	0.0184854375724314	0.0062245169228964	0.0436665474835395	0.0048234312324104	0.0211393898592682	0.0308830647145361	0.0053286092134693	0.00147296270178374	0.0222874599965717	0.0126255403178206	0.00727541399657153	0.0133863971359959	0.00817675823425009	0.00430145246001312	0.0454020737290215	0.0243926887643197	0.0149241636508156	0.0107072955040582	0.0051311409989826	0.0105199712107498	0.0199687814435195	0.0340254628627665	0.022615383794862	0.0127128983976463	0.015470979968901	0.00532264382352217	0.0170426841716417	0.0300833745703921	0.0186012149881602	0.0418607122503195	0.0123763465670268	0.0249511611654378	0.00261396237992132	0.0116620825636608	0.00920993149407825	0.030268547613039	0.0193187625716383	0.0280695871728817	0.021828938709192
OM5_C_5D_1	0.0173805052143532	0.00525149797240718	0.0197320916526529	0.00606816674137204	0.00646609741262296	0.0353407305113866	0.0132638921219001	0.045453824894203	0.0782534465864071	0.0256240867722037	0.00907467257553329	0.0463943042235272	0.0131477011253086	0.00257397692558086	0.0109268746820103	0.0196433290846078	0.0207015420286481	0.0217222467468699	0.0201549463552442	0.42864909766687	0.0333962168956515	0.0179936896001706	0	0.0142536682113127	0.018010457294482	0.00900083141812639	0.0120953155311742	0.030911763936121	0.0347109306686349	0.0143403630892653	0.0577404890311607	0.0177570204429622	0.0139874336139916	0.0477191989974966	0.0230266990086391	0.0179351339262095	0.0361219830595022	0.023790888541482	0.0140515571559885	0.0280984594930066	0.0196766031133471	0.0137880873234959	0.0622498254228787	0.00922727429583972	0.029518891049818	0.0233414256628516	0.0174523851265417	0.0231398630229175	0.0274780651439344	0.0497054088123647	0.00514341942669274	0.00560298805236872	0.0314580851375441	0.0143445321761524	0.0319417260714812	0.0474810267130196	0.00565611723639344	0.0589034374969735	0.0285065754193536	0.0398643592376699	0.0189752690491578	0.00975451894995859	0.0270279631393465	0.0437374794388521	0.0317564598724551	0.0445758625316722	0.0386355613857105
OM5_C_5D_2	0.0182487162797	0.0136801632000726	0.0331103177556376	0.0201271292660447	0.0110498099237245	0.0470611891737248	0.0274972908070993	0.0584420667863705	0.0918249807310325	0.036891026861612	0.0225861962257777	0.0603294404530725	0.0163624093843448	0.0166638306770435	0.0244848887919113	0.0336772324297082	0.0327953134299562	0.0354804472243372	0.0338798113859312	0.419332365337018	0.0460513665524266	0.0304105988064557	0.0142536682113127	0	0.0322111568920925	0.0205905850699943	0.00864329167157032	0.0442619611626629	0.0482810034687504	0.0251088706165442	0.0718915319493672	0.031338244685793	0.0263086639855301	0.0610956016272001	0.0357222982178875	0.0307646585267755	0.0502190863636631	0.0379594011478999	0.0279943657397954	0.0419492027404185	0.0336599864437084	0.0266806589417535	0.0756373488193352	0.0176419786103648	0.0434194353314952	0.0373640913145788	0.0310972076349187	0.0371572394907287	0.0416451805034919	0.0635420950535271	0.0092250416991188	0.018036171241121	0.045066128019234	0.0255966123097806	0.0458243729365555	0.060465491769474	0.0185125174194031	0.072165644637001	0.0420212768970194	0.0538256929761681	0.0305705472075988	0.0191932485596186	0.0396024120637724	0.057912669863654	0.0459439264679859	0.0581027725514416	0.051994018445084
OM5_C_5D_3	0.0301285019279979	0.0206587846742186	0.00676271967998841	0.0121081145632007	0.0223866859878402	0.022856585144536	0.00478520523592077	0.0294083934864301	0.0608148140730557	0.0166304380174351	0.0103247181226527	0.0286188874606319	0.0261434280583609	0.0158003815434106	0.0107657559196667	0.00274372583219454	0.0118626856909258	0.00956502958448725	0.00510336185843609	0.441613888545751	0.0189613964308587	0.0101423083479316	0.018010457294482	0.0322111568920925	0	0.014128000126047	0.0290652454600464	0.014913766808453	0.0178696367753412	0.0142601049829728	0.0397496993279494	0.00536485585344557	0.0137634289401461	0.030868971554409	0.0109964561680135	0.00870478509649781	0.0181755273594019	0.00579978193534919	0.00492313652175521	0.0108557062493098	0.00315779730296197	0.00905491515758633	0.0451683535762077	0.0204317486731615	0.0120650852316977	0.0058259054523048	0.00501758530229377	0.00566383859433746	0.0108790031938761	0.0320521404712679	0.0231461685836026	0.0149449971162712	0.0146993709176294	0.0132270278573386	0.0144521011642365	0.0313702564821184	0.0154321074806213	0.0420566858860977	0.0122780487168818	0.0220932038491334	0.0127548879179389	0.0171381584533774	0.014002486879984	0.0257366951625824	0.0137499292357496	0.0275148489760731	0.0221019594662045
OM5_C_5E_1	0.0262343669833874	0.0141215069862165	0.0128338134322485	0.0058084447931673	0.00961045512128331	0.0268215540865551	0.0106158824051723	0.0378723697659295	0.0714245657988262	0.0168488243423604	0.00426047912009055	0.0403491573197883	0.0219334149065287	0.00888840930004562	0.0134345476928053	0.0145602109719635	0.0122873033163171	0.0214613347722345	0.0140041297876009	0.435850460329968	0.025482949244768	0.0098243879599786	0.00900083141812639	0.0205905850699943	0.014128000126047	0	0.0207875466157114	0.0238040944395625	0.0279392150951544	0.00533995322681998	0.0524686222509547	0.0113737673604025	0.0178496944249815	0.0406003867779022	0.0151371790320475	0.0102255109793002	0.0307433436566737	0.0191812466987913	0.00920986259918257	0.0220299650252681	0.0143785335885325	0.00629630664180864	0.0551430357482492	0.0172332031757192	0.0235612824170972	0.0179939760579977	0.0112460983900065	0.0177803071814187	0.0249507241566817	0.0433954137601737	0.0130494823989894	0.00340374094516248	0.0247845972885312	0.00540323723792753	0.0258901130701925	0.0398972355266757	0.0118143275942839	0.0516352165446224	0.0216914833979096	0.0339428477532241	0.0102503950737855	0.00309286384437707	0.0190285145239605	0.0386882886079179	0.0269883771265957	0.0376873270054195	0.0315074353814188
OM5_C_5E_2	0.00968228427208819	0.00842436776609076	0.0316906092749993	0.0179212436377142	0.0132459899286879	0.0474096247641888	0.024313902076625	0.0574026762500749	0.0897695223140881	0.0376021207959751	0.0211250748395297	0.0576611944328019	0.00787210571235985	0.0135855829143021	0.0194923869553708	0.0310776782895326	0.0327743044782487	0.0301276852108075	0.0319214147868705	0.418454502500045	0.0454536449738304	0.030081920031041	0.0120953155311742	0.00864329167157032	0.0290652454600464	0.0207875466157114	0	0.0427915218418873	0.0464397911547533	0.0260356568901571	0.0684110330343655	0.0296483735108637	0.0200475210432569	0.059494548354625	0.0351068325712456	0.0300191085002379	0.0471726600150694	0.034825534364047	0.0257405295787898	0.0396447243503038	0.0311871614944958	0.0258796691267208	0.0739599132145212	0.0106115841771967	0.040989659334059	0.0347237785212228	0.0293126487456548	0.0345344734872085	0.037069416318525	0.0610849182508056	0.00789634343209765	0.0175050923275869	0.0431856869576942	0.0261891831800774	0.043407823939166	0.0594244365060636	0.0137638061571322	0.0706958245132832	0.0403191928833732	0.0511436239144731	0.0309669523482321	0.0206583279806303	0.0391082993584683	0.0544500109486176	0.0425748757393298	0.0562728188712365	0.0504651875912663
OM5_C_5E_3	0.0448989027054184	0.0346164229002905	0.0112079792111241	0.0249066108127015	0.0333980288287599	0.0102698424332654	0.0190609340284992	0.0146833904402639	0.0476672245710846	0.0119818221776711	0.021890671392429	0.0171483165014346	0.0408102772819098	0.0292139085869004	0.0256403346994659	0.0123075588101584	0.0125513325961486	0.0214729794868351	0.0109194630433521	0.454014919556888	0.00506277438443258	0.0142247911991913	0.030911763936121	0.0442619611626629	0.014913766808453	0.0238040944395625	0.0427915218418873	0	0.00433631845280036	0.020343832553252	0.0299350206852675	0.0131642863575156	0.0285730857663893	0.0168650638126079	0.00905685240417944	0.0135882008218784	0.0101398915987132	0.0107101834219505	0.0170928970484436	0.00499109876559114	0.0120417528731317	0.0175955330174109	0.0314368276146271	0.0350987451111808	0.00506309057486983	0.0093362268928106	0.0134885804738877	0.00944059643233282	0.0164564166861417	0.0198406012676815	0.0359040328334534	0.0262555235345909	0.00220454962881041	0.0195158435287542	0.00507386998498541	0.0166926032976952	0.0297308402911114	0.028024777341053	0.00263632445803905	0.011350453646249	0.0151006336292133	0.0258745429648577	0.00630829984977272	0.0174264411047977	0.0100803166131189	0.0138893339296866	0.00774899445699648
OM5_C_5F_1	0.0479813994481635	0.0381597552187296	0.0151846766993843	0.0286602768025891	0.0375000483071739	0.0120385188902231	0.0223501835031184	0.0116982161191249	0.0436466753390872	0.0160699517377909	0.0257825728291177	0.012813134056563	0.0439990441645548	0.0328840359552718	0.028608541426863	0.0154914204413254	0.0168839803281781	0.0229607580759978	0.0145633638186967	0.456680130776422	0.00696103332606146	0.0184854375724314	0.0347109306686349	0.0482810034687504	0.0178696367753412	0.0279392150951544	0.0464397911547533	0.00433631845280036	0	0.0246410686961049	0.0256280516014691	0.016997494641832	0.0311186622164211	0.0130793865595257	0.0133787081030954	0.0177682577532228	0.00711608738877513	0.0127940986339258	0.0207221038531975	0.00703067031579067	0.0153201797526168	0.0216790151976451	0.0275749796748799	0.0382865777178206	0.00606065273844356	0.0120496329292482	0.0172766858978156	0.0122068348038381	0.0167930421897398	0.0155451132578051	0.0397650046388054	0.0302566299120615	0.00325826097629046	0.0237948090235921	0.00419273600005641	0.0135941855064009	0.0331191004359377	0.0243033631093465	0.00626679919064515	0.00719999558122849	0.0194329950185817	0.0301040248625718	0.0105372029585707	0.0135021562870398	0.00904713540967409	0.0098721705060497	0.00429042340109058
OM5_C_5F_2	0.0315302185640141	0.0194432869259712	0.0104339867830793	0.0104317076244883	0.0140845674777458	0.02196739997714	0.0123561133820568	0.0337325432674982	0.0676411610044841	0.0118197976232091	0.00755014053099114	0.0373652162353496	0.0272169115757723	0.0140972417166755	0.0171533832769689	0.0136602062162802	0.00795936942437115	0.0230713316177732	0.0122096336936633	0.44011669003163	0.0212289831631023	0.0062245169228964	0.0143403630892653	0.0251088706165442	0.0142601049829728	0.00533995322681998	0.0260356568901571	0.020343832553252	0.0246410686961049	0	0.049884473201556	0.00982154445195808	0.0216635653459585	0.0367984067403171	0.0113063720552437	0.00727496284493766	0.0284709245853023	0.0181251884256936	0.00976549621418786	0.0195694575287365	0.013319869153006	0.00523298336365975	0.0512363587071609	0.0223538931499491	0.0211129923013393	0.0164502881404676	0.00991132760986441	0.016247325177293	0.024952306801055	0.0401733904165281	0.0182166900946768	0.00874212489991168	0.0216734936688324	0.00105060311377396	0.0232599315118534	0.0357363418925435	0.0167464381627624	0.0476304256645283	0.0185875241298486	0.0311720826084345	0.00553673516071536	0.00592455309843538	0.0148642505998509	0.0364591902907628	0.0253151816625096	0.0341007808741703	0.0278282418149315
OM5_C_5F_3	0.0673966209436671	0.0600257105996735	0.0397540316683732	0.0517990718001496	0.0616889446826545	0.0347220352032732	0.0445082415752909	0.0223809877060787	0.0249500410572868	0.0415482940336298	0.0495342146140722	0.0129495429145596	0.0640917616555781	0.0555036291807863	0.0490492146223586	0.0383088868733778	0.0423799658480659	0.0393925710587015	0.0384824091574296	0.470936319182571	0.0313177478170998	0.0436665474835395	0.0577404890311607	0.0718915319493672	0.0397496993279494	0.0524686222509547	0.0684110330343655	0.0299350206852675	0.0256280516014691	0.049884473201556	0	0.0411097584545246	0.0497502549888225	0.0178404723339265	0.0388436177486258	0.042722078340894	0.0217779140265904	0.0339786854143699	0.0440059491683501	0.030484726193465	0.0383706103517854	0.046215735065683	0.0165377609849381	0.0587216846418499	0.028942955020551	0.0346607075685451	0.041258797574019	0.034871887152216	0.0318095669758216	0.0114851857415918	0.0628683076186397	0.0542175407510537	0.028308211849551	0.0489648285566781	0.0266777430217046	0.0216072926215969	0.0546749267573151	0.0172786390546358	0.0313455464060522	0.0187356253941676	0.0449140979372521	0.0549748267362633	0.0361512839588024	0.0140250804389866	0.026008743031041	0.0182238283060548	0.0237157673142911
