	OM1_B_B_2	OM1_B_B_3	OM1_B_C_1	OM1_B_C_2	OM1_B_C_3	OM1_C_1A_1	OM1_C_1A_2	OM1_C_1A_3	OM1_C_1B_1	OM1_C_1B_2	OM1_C_1B_3	OM1_C_1D_2	OM1_C_1D_3	OM1_C_1E_1	OM1_C_1E_2	OM1_C_1E_3	OM1_C_1F_1	OM1_C_1F_2	OM1_C_1F_3	OM1_C_2A_1	OM1_C_2A_2	OM1_C_2A_3	OM1_C_2F_1	OM1_C_2F_2	OM1_C_2F_3	OM1_C_2G_1	OM1_C_2G_2	OM1_C_2G_3	OM1_C_2H_2	OM1_C_2H_3	OM1_C_3D_1	OM1_C_3D_2	OM1_C_3D_3	OM1_C_3E_1	OM1_C_3E_2	OM1_C_3E_3	OM1_H_1B_3	OM1_H_1C_1	OM1_H_1C_2	OM1_H_1C_3	OM1_H_1D_1	OM1_H_1D_2	OM1_H_1D_3	OM1_H_1G_1	OM1_H_1G_2	OM1_H_1G_3
OM1_B_B_2	0	0.0111819787701907	0.00096538516834831	0.0035842537314991	0.017355239366093	0.0138342326005523	0.0329238063394332	0.00636901171004358	0.0107241827922968	0.014376903119864	0.00632009968327805	0.016091621354272	0.00415197938993994	0.0606998134285079	0.0962289425986496	0.0822567404802502	0.00902179556987755	0.0122202281695585	0.0361875540813581	0.0110552568616077	0.00813170383501225	0.00778231345617206	0.0109818647484642	0.00375277829914353	0.00628685149793729	0.00762087992064779	0.00207323564796831	0.00296944264151117	0.00567272473161299	0.00110394415299647	0.00376292990451976	0.00765673391902696	0.0240508596717277	0.00291428951496504	0.0117566136434906	0.00748897575542673	0.00167110961454993	0.00642868580398588	0.00481607265953612	0.00890295532061718	0.00256037280192589	0.0138300332909847	0.0442696906528651	0.00437318999771422	0.00535324808944081	0.00767657584556159
OM1_B_B_3	0.0111819787701907	0	0.0121314994258279	0.0133722454275191	0.00729384764191028	0.024912482593327	0.0438857172627792	0.0105409274000713	0.0218463861523137	0.024039241245745	0.0168872364062066	0.0272648478526179	0.0152210515925102	0.0528458568845272	0.0870504845509228	0.0739908034964785	0.0194653062338291	0.0233660497206199	0.0263143280451682	0.0222352419914735	0.0192773578397549	0.0185556883563319	0.0218548336595979	0.00780466167114566	0.0101910492791104	0.017674090107389	0.0131705531512855	0.0131150924863969	0.0162245706651902	0.0113563891416719	0.0145274160287539	0.0175573120410428	0.0184079420237098	0.0109800807733049	0.0228586537374493	0.0167004446989086	0.0123664166721213	0.0172338866239503	0.0158781636025569	0.0190962518980102	0.0107425786672041	0.023953865559667	0.035715959684101	0.0136333357031977	0.0164094501949951	0.00360770263086605
OM1_B_C_1	0.00096538516834831	0.0121314994258279	0	0.00303157684146596	0.0182216720445917	0.0129391823088339	0.0320431620446326	0.00663203524600613	0.0097597948690886	0.013542468608701	0.00542926191414062	0.015154235413985	0.00331580353520017	0.0612946873237954	0.0969295073677171	0.0828747306231591	0.00812411818618402	0.0112582231707878	0.0369886650043049	0.0101122391998558	0.0072189620593186	0.00701373139994768	0.0101568084967868	0.00459933298526805	0.00690355847356818	0.00680053637337475	0.00112138142118152	0.00237342812363483	0.00479494167663182	0.0012340755443056	0.00287895493470365	0.00686199935860598	0.0245740187714829	0.00308050255088441	0.0107915614860338	0.00713630886733122	0.00142995793466923	0.0054961922015045	0.00397195252404578	0.00804249126972001	0.00282314852086197	0.0129455674862089	0.0449455336629472	0.00388406906525231	0.00439114595452934	0.00863791836997195
OM1_B_C_2	0.0035842537314991	0.0133722454275191	0.00303157684146596	0	0.018589820099975	0.0130319528291802	0.0320139592353471	0.00510526413745576	0.00890903621007448	0.0110570459679792	0.00355314490687012	0.0147440901220279	0.00472753553300131	0.0601378861998969	0.0961780698245498	0.0817881758168598	0.00609598527523528	0.0104643814059634	0.0368109699484916	0.00978579213417537	0.00745462489131463	0.00819100112705059	0.0108458702833262	0.00559840381877805	0.00986186061449098	0.00437668770321655	0.00244996394675204	0.000662952753247506	0.00291093865529116	0.0026189634768661	0.00178115933002787	0.00432530878566057	0.0232815076452199	0.00242087871300341	0.00983163466174884	0.00950728545958355	0.00437730866512386	0.00403174812663905	0.00518245623354744	0.00577436855362246	0.00262992712392332	0.0107127049056765	0.0441379018504238	0.000874634391634349	0.00374040560348208	0.0102033743769858
OM1_B_C_3	0.017355239366093	0.00729384764191028	0.0182216720445917	0.018589820099975	0	0.0311492763289924	0.0502502964273666	0.0142863210032601	0.0274781257815027	0.0280440407619515	0.0221039941168838	0.0332129576902857	0.0215064567654751	0.0456507332212937	0.079804674239518	0.0667325467237743	0.0243928591911228	0.0290324957986286	0.0191166254745377	0.0281756507903488	0.0254173818225191	0.0250812883692715	0.0283248827261295	0.0136228886812284	0.0174502040105406	0.0224611150309738	0.0191110947333661	0.0185375834846859	0.0214867907288078	0.0172033449658594	0.0200940175252964	0.0222567340555726	0.0128944201147098	0.0162169032420154	0.0284173154569198	0.0236934907202499	0.0187962097473257	0.0226207487235146	0.0221701740376504	0.0238564027896624	0.0161269634984887	0.0283399082329009	0.0284532576950703	0.0185644252896743	0.0221110495345114	0.0105777331067797
OM1_C_1A_1	0.0138342326005523	0.024912482593327	0.0129391823088339	0.0130319528291802	0.0311492763289924	0	0.0191168985068438	0.0181014531395777	0.00505071849542794	0.0120292962142674	0.0100835698009309	0.00304301154701419	0.00970717373059258	0.072880571036749	0.109101958999312	0.0945422310410009	0.00928891787026834	0.00410055713024693	0.0497513736044324	0.003444150468033	0.00573681892925599	0.00654515954025878	0.0034117100967995	0.0175336959836748	0.0166252167798759	0.0108162860296759	0.0120485260198535	0.0128814854206318	0.0104939347508842	0.0139567726282293	0.0113096672120527	0.01116419797201	0.0360776159427865	0.0151636826924502	0.0048743114679613	0.00990251586098591	0.0125477318265521	0.00933506770279819	0.00904505518273124	0.0100924573880245	0.0151630927532084	0.0103710655321369	0.057114209855677	0.0133991556785746	0.00929345326883009	0.0213251417908006
OM1_C_1A_2	0.0329238063394332	0.0438857172627792	0.0320431620446326	0.0320139592353471	0.0502502964273666	0.0191168985068438	0	0.0369813594315626	0.0232687195588088	0.0268469626371169	0.0287778782897429	0.0173443543243619	0.0287787235662054	0.0909283426810256	0.127540947706822	0.112546413818537	0.0271960127131672	0.0217628472066898	0.0687854475199715	0.0222316673725999	0.0248524420662789	0.0253390612147305	0.0220401978781089	0.0366392605869345	0.0348399454875235	0.0290607089905047	0.0311622347939779	0.0319254858746536	0.0292914898352202	0.0330698370479862	0.0303471243014361	0.0293710117226294	0.0544779989379323	0.0342317456322159	0.0225144293309953	0.0277439837535183	0.0315673394650655	0.0281089600766396	0.0281142781481706	0.027946363701054	0.0342521664127668	0.0254837238674347	0.0757350458467526	0.0322776496666239	0.0283135902718239	0.0402822758119318
OM1_C_1A_3	0.00636901171004358	0.0105409274000713	0.00663203524600613	0.00510526413745576	0.0142863210032601	0.0181014531395777	0.0369813594315626	0	0.0137422252218263	0.0138598511736884	0.00822067912107748	0.0196548772593817	0.00951116651235412	0.0550598311337282	0.0910998409435241	0.0767090942757944	0.0102208823666137	0.0152777661599067	0.0319195429980604	0.0147938510007388	0.0125596513494711	0.0131630512506037	0.0159389840494709	0.00464580259686923	0.0115584642416108	0.00826824657199621	0.00685534582226346	0.00539368195430012	0.00769361118670599	0.0054277433242366	0.00687966619506257	0.00803358696870458	0.0182077286015447	0.00355235928483567	0.0145757081599642	0.0137658898234505	0.00796220299227519	0.00887655900636487	0.0100665993535265	0.0096277447153269	0.00383258554635056	0.0140648820246822	0.039043603903478	0.00471430245304725	0.00883177689372271	0.00839933417280659
OM1_C_1B_1	0.0107241827922968	0.0218463861523137	0.0097597948690886	0.00890903621007448	0.0274781257815027	0.00505071849542794	0.0232687195588088	0.0137422252218263	0	0.00769115168431857	0.00552191462643826	0.00592545760753575	0.0071355998677286	0.0680998461134356	0.104522397445328	0.0897763796781394	0.004253236236819	0.00155569035765072	0.0456412501266193	0.00180885593365611	0.00360702737945008	0.00591176184162328	0.00516745870039303	0.0141077724736839	0.0151611743881445	0.00590642137652758	0.00868597108652642	0.00894538253577504	0.00606946831060152	0.0104985552656886	0.00740695862806857	0.00624215609373133	0.0313676109695707	0.011263477837209	0.00105499045101153	0.0098652107792478	0.00989241984877719	0.0048963350981262	0.0066030511090781	0.00505770937309764	0.0113682663145624	0.00616032996943422	0.0525572625392104	0.00906527474472393	0.00544365703601305	0.0183934966715062
OM1_C_1B_2	0.014376903119864	0.024039241245745	0.013542468608701	0.0110570459679792	0.0280440407619515	0.0120292962142674	0.0268469626371169	0.0138598511736884	0.00769115168431857	0	0.00817407217873256	0.0111806278080587	0.0125141407246331	0.0644179508831919	0.101429134757127	0.0860282742845263	0.00563184461812197	0.0079950847412981	0.044497401594573	0.00943419033429038	0.0106560986310541	0.0130372343625207	0.0128583081176731	0.0165106346356904	0.0202686069526815	0.00675734397437092	0.0124815227693648	0.0115329686841971	0.00876860698522812	0.0135998361528795	0.0106721044943156	0.00674724869904346	0.0285855063895017	0.0132343190802618	0.00732928217381548	0.0166999042891113	0.0144106335489292	0.0083536323563046	0.0122910624086709	0.0055224396431691	0.0135565526653008	0.00166637356592043	0.049917545253874	0.0105647602592978	0.00978625292562887	0.0211413123925168
OM1_C_1B_3	0.00632009968327805	0.0168872364062066	0.00542926191414062	0.00355314490687012	0.0221039941168838	0.0100835698009309	0.0287778782897429	0.00822067912107748	0.00552191462643826	0.00817407217873256	0	0.0114398053514127	0.00465230123916333	0.0628192823685425	0.0991178226240981	0.08449616834637	0.00270252247115179	0.00705926024103179	0.0401285653618835	0.00667708667916422	0.00509270409684497	0.0067390356646479	0.00853890999836337	0.00908686107822825	0.0120972501331607	0.00169130370932004	0.00433596379425818	0.00377654752222479	0.000667825362690731	0.00570647660935264	0.00255738547769349	0.00193730503209515	0.0260020351511009	0.00597355159972863	0.00637251478255562	0.00945666912372215	0.00623703629058774	0.000793784487348673	0.00465119861761314	0.00265220035559481	0.00616073111234552	0.00751653380166221	0.0471091203898779	0.00356659926170091	0.00194110807792539	0.0136285183668116
OM1_C_1D_2	0.016091621354272	0.0272648478526179	0.015154235413985	0.0147440901220279	0.0332129576902857	0.00304301154701419	0.0173443543243619	0.0196548772593817	0.00592545760753575	0.0111806278080587	0.0114398053514127	0	0.0120841311317654	0.0738958804289766	0.110385509888557	0.0955628083936795	0.00995530696907419	0.00443274098165805	0.0515283663897335	0.00505039215286878	0.0080102281527327	0.00931110522243689	0.00638395412258706	0.0196826275739479	0.0194297849594069	0.011761826323122	0.0141674799221182	0.0147112056606926	0.0119661926863798	0.0160575353122955	0.0131389970704564	0.0120831532157309	0.0372387013747286	0.017035139681823	0.00521123537854563	0.0128702456374866	0.014962018350597	0.0107847552735895	0.0114431373282899	0.0107348445954481	0.0170971488353683	0.00953977682635459	0.0584589316682514	0.0149604245554385	0.0111105934803313	0.0237182406100994
OM1_C_1D_3	0.00415197938993994	0.0152210515925102	0.00331580353520017	0.00472753553300131	0.0215064567654751	0.00970717373059258	0.0287787235662054	0.00951116651235412	0.0071355998677286	0.0125141407246331	0.00465230123916333	0.0120841311317654	0	0.0644570231056361	0.100190326681795	0.0860582925297798	0.00688727564161827	0.00851017289260961	0.0403021164235862	0.00711678922751289	0.0040740923574568	0.00372826988246959	0.00684229880111816	0.00789520412232548	0.00810966149918104	0.00634146239134147	0.0026798673280562	0.00422576058640154	0.00429899188747132	0.00446599189328294	0.00317685393633045	0.00656260618427384	0.0276693411246872	0.00606335855099174	0.00819033226794053	0.00497391292202596	0.00287818539076138	0.00422565820826085	0.00066469698375665	0.00713897515060532	0.00592306856137166	0.0115573849355629	0.0481996565363472	0.00550525980454909	0.00277285340037635	0.0116494172104286
OM1_C_1E_1	0.0606998134285079	0.0528458568845272	0.0612946873237954	0.0601378861998969	0.0456507332212937	0.072880571036749	0.0909283426810256	0.0550598311337282	0.0680998461134356	0.0644179508831919	0.0628192823685425	0.0738958804289766	0.0644570231056361	0	0.0375150342456733	0.021736974764028	0.0639634802067595	0.0694994244562389	0.0285625623076582	0.0694667729234201	0.0675540132713101	0.0681577790280485	0.0709617696420052	0.0571970457758916	0.0627037989152785	0.0622055138762011	0.0617827670510837	0.0604437756325886	0.0624315710746072	0.0600727455602328	0.0619156426927494	0.061872903499067	0.0368837075824283	0.0584058770405485	0.0687040523520207	0.0680068746987088	0.0623578118569278	0.063573051049011	0.0650498900270663	0.0631847103904156	0.0585517206962956	0.0656322082371477	0.0174033085327892	0.0596313204613866	0.0638039543837758	0.055722530615181
OM1_C_1E_2	0.0962289425986496	0.0870504845509228	0.0969295073677171	0.0961780698245498	0.079804674239518	0.109101958999312	0.127540947706822	0.0910998409435241	0.104522397445328	0.101429134757127	0.0991178226240981	0.110385509888557	0.100190326681795	0.0375150342456733	0	0.0176369805811026	0.100513115651161	0.105976956583734	0.0608630461698378	0.105757274580235	0.103590936207744	0.103898822804309	0.106888615261149	0.0925671217467836	0.0971913152238495	0.0986826781453862	0.0975564449720071	0.0964020453040406	0.0986707130744426	0.0957472838082075	0.097931869678328	0.0983652061198107	0.0732959546740462	0.0942336034495962	0.105206256219542	0.103192682421103	0.0978354288234559	0.0998365898103897	0.100816596283802	0.0997596402257457	0.0943191079323554	0.102558088619212	0.0521410806475468	0.0957695785325294	0.0998947412853461	0.090314481163663
OM1_C_1E_3	0.0822567404802502	0.0739908034964785	0.0828747306231591	0.0817881758168598	0.0667325467237743	0.0945422310410009	0.112546413818537	0.0767090942757944	0.0897763796781394	0.0860282742845263	0.08449616834637	0.0955628083936795	0.0860582925297798	0.021736974764028	0.0176369805811026	0	0.0856463865221962	0.0911741744418409	0.0485682706693148	0.0911365680184021	0.0892022092795954	0.0897615023121612	0.0925942296829076	0.0787113626464853	0.0839826945887319	0.0838910420708205	0.0833901656387018	0.0820820073191563	0.0841040042038444	0.0816597814029987	0.0835625404088579	0.0835590791617034	0.0585741235245587	0.0800211283376517	0.0903798908392899	0.0894926539144691	0.0839052363939542	0.0852467051536028	0.086657407732707	0.0848683409511135	0.0801557634088783	0.0872648216587727	0.0383238892472657	0.0812944304995451	0.0854601809192747	0.0770101854228549
OM1_C_1F_1	0.00902179556987755	0.0194653062338291	0.00812411818618402	0.00609598527523528	0.0243928591911228	0.00928891787026834	0.0271960127131672	0.0102208823666137	0.004253236236819	0.00563184461812197	0.00270252247115179	0.00995530696907419	0.00688727564161827	0.0639634802067595	0.100513115651161	0.0856463865221962	0	0.00555621996498386	0.0420444943561749	0.00590410199716235	0.00568792583033903	0.0078946788440606	0.00869470483241184	0.0116909895392216	0.0146919353942017	0.0019537193122191	0.00702136892681249	0.00641449136581168	0.00335896637066514	0.00839472168631134	0.0052589538867205	0.0022161011993117	0.0273098944823483	0.0084912202250539	0.00475185364828782	0.0112654201777887	0.0088576662635129	0.00273676315363672	0.00669346647684082	0.000804524713988173	0.00872527667608876	0.00483076642441801	0.0485872936940794	0.00589284495846653	0.00415584971654206	0.0162736999850789
OM1_C_1F_2	0.0122202281695585	0.0233660497206199	0.0112582231707878	0.0104643814059634	0.0290324957986286	0.00410055713024693	0.0217628472066898	0.0152777661599067	0.00155569035765072	0.0079950847412981	0.00705926024103179	0.00443274098165805	0.00851017289260961	0.0694994244562389	0.105976956583734	0.0911741744418409	0.00555621996498386	0	0.0471817864178113	0.00187296307286386	0.00469546738209538	0.00677892017945333	0.00523775215191136	0.0156443197902831	0.0164283015795499	0.0073311535163486	0.0101979901576343	0.0104991159418254	0.00761793718625453	0.0120284707964478	0.00895653330867926	0.00765498207008158	0.0328115951047634	0.0128182110451858	0.000821129241110901	0.0107406412780133	0.0113206194715634	0.00644824221521459	0.00794006867637225	0.00634856177952949	0.0129203204517626	0.00635763492187056	0.0540333028164943	0.0106118995302513	0.00697935823280534	0.0198953137026626
OM1_C_1F_3	0.0361875540813581	0.0263143280451682	0.0369886650043049	0.0368109699484916	0.0191166254745377	0.0497513736044324	0.0687854475199715	0.0319195429980604	0.0456412501266193	0.044497401594573	0.0401285653618835	0.0515283663897335	0.0403021164235862	0.0285625623076582	0.0608630461698378	0.0485682706693148	0.0420444943561749	0.0471817864178113	0	0.0465862788200974	0.0440417535888469	0.0439636841501617	0.0471366811912612	0.0324398666323657	0.0365003312734987	0.0400998975134974	0.0377682690592794	0.036898869970871	0.0395792388803295	0.0358774902978291	0.038476399504176	0.0398308976806105	0.0172036815215732	0.0346016266931104	0.046485572861139	0.0427874296147366	0.0377154932668991	0.0407572869122577	0.0409570918166237	0.0413831345514715	0.0346021015972688	0.0452099357530705	0.0114730757700652	0.0365846462024237	0.0405081074765465	0.0296903282265791
OM1_C_2A_1	0.0110552568616077	0.0222352419914735	0.0101122391998558	0.00978579213417537	0.0281756507903488	0.003444150468033	0.0222316673725999	0.0147938510007388	0.00180885593365611	0.00943419033429038	0.00667708667916422	0.00505039215286878	0.00711678922751289	0.0694667729234201	0.105757274580235	0.0911365680184021	0.00590410199716235	0.00187296307286386	0.0465862788200974	0	0.00309100825989671	0.00496613330968708	0.00347545090276759	0.014632852147881	0.014818808504204	0.00737398819518853	0.00911774180523884	0.00970761275207935	0.00712454023038377	0.0110077406154538	0.00812942794851246	0.007722690311445	0.032673880527312	0.0120252577138916	0.00219618409704017	0.00890662608115442	0.00998657987227864	0.00594981684485404	0.00649856642504268	0.0067020258418337	0.0120707607076308	0.00786021964519354	0.0537663423171392	0.010079876140413	0.00609431877737267	0.0187041838116052
OM1_C_2A_2	0.00813170383501225	0.0192773578397549	0.0072189620593186	0.00745462489131463	0.0254173818225191	0.00573681892925599	0.0248524420662789	0.0125596513494711	0.00360702737945008	0.0106560986310541	0.00509270409684497	0.0080102281527327	0.0040740923574568	0.0675540132713101	0.103590936207744	0.0892022092795954	0.00568792583033903	0.00469546738209538	0.0440417535888469	0.00309100825989671	0	0.00239980662968166	0.00347534213169179	0.0118053060087938	0.0117534966031748	0.00638762076670416	0.00631191563172807	0.00722856006296419	0.00529045715715443	0.00822033707006826	0.0056859513629716	0.006729287944191	0.030705971970547	0.00946950381312949	0.00458826200049037	0.00628474740219197	0.00695214029499481	0.00430132556417346	0.00343548074631324	0.00633597981628768	0.00944782641774727	0.00931591983754025	0.0515776935792716	0.00793935533803588	0.00376006409161696	0.0157166903577987
OM1_C_2A_3	0.00778231345617206	0.0185556883563319	0.00701373139994768	0.00819100112705059	0.0250812883692715	0.00654515954025878	0.0253390612147305	0.0131630512506037	0.00591176184162328	0.0130372343625207	0.0067390356646479	0.00931110522243689	0.00372826988246959	0.0681577790280485	0.103898822804309	0.0897615023121612	0.0078946788440606	0.00677892017945333	0.0439636841501617	0.00496613330968708	0.00239980662968166	0	0.00330315316408964	0.0115316124729392	0.010120501421283	0.00826278677544522	0.00639588955985937	0.007789349671486	0.00673167597594076	0.00818927280225269	0.00645076163212907	0.00857912941686266	0.0313551261578651	0.00977319209007809	0.00682295642101525	0.00397069961828514	0.00628667067730689	0.00600603352428517	0.00311547700171854	0.00846625893069469	0.00964724873360905	0.0117142309647274	0.0519234757290583	0.00885756061821353	0.00497454255671485	0.0149497149242333
OM1_C_2F_1	0.0109818647484642	0.0218548336595979	0.0101568084967868	0.0108458702833262	0.0283248827261295	0.0034117100967995	0.0220401978781089	0.0159389840494709	0.00516745870039303	0.0128583081176731	0.00853890999836337	0.00638395412258706	0.00684229880111816	0.0709617696420052	0.106888615261149	0.0925942296829076	0.00869470483241184	0.00523775215191136	0.0471366811912612	0.00347545090276759	0.00347534213169179	0.00330315316408964	0	0.0147324039879783	0.0132530634806275	0.00971844520408388	0.00940876614359783	0.010559414718543	0.00876360754035807	0.0112781861594258	0.00906517422464213	0.0100684861247591	0.0341223924661322	0.0127150647129512	0.00566972114917727	0.00649559180050659	0.00954963666657507	0.00774515876313318	0.00618514202239186	0.00943297577110725	0.0126430399981711	0.0113128367837213	0.054896766321235	0.0113789097463834	0.00721334650325448	0.0182499007204672
OM1_C_2F_2	0.00375277829914353	0.00780466167114566	0.00459933298526805	0.00559840381877805	0.0136228886812284	0.0175336959836748	0.0366392605869345	0.00464580259686923	0.0141077724736839	0.0165106346356904	0.00908686107822825	0.0196826275739479	0.00789520412232548	0.0571970457758916	0.0925671217467836	0.0787113626464853	0.0116909895392216	0.0156443197902831	0.0324398666323657	0.014632852147881	0.0118053060087938	0.0115316124729392	0.0147324039879783	0	0.00707560182549054	0.00995332536501994	0.00551836199976915	0.00531184413460416	0.00842275954929681	0.00362802778602204	0.00673663536396142	0.00986821062900035	0.0207455158709599	0.00327783043393877	0.015103443986551	0.0108307826798573	0.00530068050128417	0.00943236763025235	0.00855727146556805	0.0113641187483944	0.00298135062708729	0.0162800688694889	0.0406393212948861	0.0059567029709751	0.00866567400032132	0.00463362825919478
OM1_C_2F_3	0.00628685149793729	0.0101910492791104	0.00690355847356818	0.00986186061449098	0.0174502040105406	0.0166252167798759	0.0348399454875235	0.0115584642416108	0.0151611743881445	0.0202686069526815	0.0120972501331607	0.0194297849594069	0.00810966149918104	0.0627037989152785	0.0971913152238495	0.0839826945887319	0.0146919353942017	0.0164283015795499	0.0365003312734987	0.014818808504204	0.0117534966031748	0.010120501421283	0.0132530634806275	0.00707560182549054	0	0.0136124332641989	0.00785781471977869	0.00922858506810924	0.0115222460830925	0.00733797634574923	0.00966114045715456	0.0137094692802592	0.0270167676858457	0.00878979309447126	0.016207174442001	0.0070991415367945	0.00586244400367485	0.0119575882181952	0.00857542152240072	0.0147491131826536	0.00836678516542363	0.0194971409073019	0.0457339538568088	0.0106598864762352	0.0105851948973301	0.00699675985369411
OM1_C_2G_1	0.00762087992064779	0.017674090107389	0.00680053637337475	0.00437668770321655	0.0224611150309738	0.0108162860296759	0.0290607089905047	0.00826824657199621	0.00590642137652758	0.00675734397437092	0.00169130370932004	0.011761826323122	0.00634146239134147	0.0622055138762011	0.0986826781453862	0.0838910420708205	0.0019537193122191	0.0073311535163486	0.0400998975134974	0.00737398819518853	0.00638762076670416	0.00826278677544522	0.00971844520408388	0.00995332536501994	0.0136124332641989	0	0.00576604682068127	0.00479918525295001	0.00212334332431013	0.00685539231112102	0.00395448510408791	0.000353328810976491	0.0254833414987701	0.00670137639687374	0.00655535930688611	0.0111346681859087	0.00775826588377491	0.00228467393170139	0.00633805405340651	0.00142527023833089	0.00697212278455072	0.00633619306948459	0.0467235738048702	0.00404389379853726	0.00362413886850754	0.0145733415970964
OM1_C_2G_2	0.00207323564796831	0.0131705531512855	0.00112138142118152	0.00244996394675204	0.0191110947333661	0.0120485260198535	0.0311622347939779	0.00685534582226346	0.00868597108652642	0.0124815227693648	0.00433596379425818	0.0141674799221182	0.0026798673280562	0.0617827670510837	0.0975564449720071	0.0833901656387018	0.00702136892681249	0.0101979901576343	0.0377682690592794	0.00911774180523884	0.00631191563172807	0.00639588955985937	0.00940876614359783	0.00551836199976915	0.00785781471977869	0.00576604682068127	0	0.0018144192658887	0.00371559719354114	0.00190868880890141	0.00181291048482291	0.00585278925956272	0.0249919808306571	0.00338352058540048	0.00971020238542872	0.00713119503381927	0.0020580296385474	0.00437695589030055	0.00328208265790702	0.00696766690421421	0.00325392262756818	0.0118483051222857	0.0455463795517378	0.00332150677753444	0.00328396333380166	0.00971045360393199
OM1_C_2G_3	0.00296944264151117	0.0131150924863969	0.00237342812363483	0.000662952753247506	0.0185375834846859	0.0128814854206318	0.0319254858746536	0.00539368195430012	0.00894538253577504	0.0115329686841971	0.00377654752222479	0.0147112056606926	0.00422576058640154	0.0604437756325886	0.0964020453040406	0.0820820073191563	0.00641449136581168	0.0104991159418254	0.036898869970871	0.00970761275207935	0.00722856006296419	0.007789349671486	0.010559414718543	0.00531184413460416	0.00922858506810924	0.00479918525295001	0.0018144192658887	0	0.00311133226229791	0.0020709570188968	0.00157910241838733	0.00478588627652237	0.0236000815762636	0.00232520492380595	0.00990169352898355	0.00891798868555596	0.00371463112522174	0.00414400998904162	0.00472560595437326	0.00616186417104296	0.00243012266829397	0.0111162839351655	0.044365355997295	0.00153338948221518	0.00361428538166859	0.00986198218917382
OM1_C_2H_2	0.00567272473161299	0.0162245706651902	0.00479494167663182	0.00291093865529116	0.0214867907288078	0.0104939347508842	0.0292914898352202	0.00769361118670599	0.00606946831060152	0.00876860698522812	0.000667825362690731	0.0119661926863798	0.00429899188747132	0.0624315710746072	0.0986707130744426	0.0841040042038444	0.00335896637066514	0.00761793718625453	0.0395792388803295	0.00712454023038377	0.00529045715715443	0.00673167597594076	0.00876360754035807	0.00842275954929681	0.0115222460830925	0.00212334332431013	0.00371559719354114	0.00311133226229791	0	0.00504118604947507	0.0019161794312123	0.00229267431275861	0.0255945270609176	0.00532736142349684	0.00695438754508141	0.00920129538721037	0.00566051547533531	0.00118300128715861	0.00438515404837825	0.00325211587451314	0.005504699338	0.00815772283644997	0.0466510507097424	0.00299657119764733	0.0017728290642952	0.0129608693783334
OM1_C_2H_3	0.00110394415299647	0.0113563891416719	0.0012340755443056	0.0026189634768661	0.0172033449658594	0.0139567726282293	0.0330698370479862	0.0054277433242366	0.0104985552656886	0.0135998361528795	0.00570647660935264	0.0160575353122955	0.00446599189328294	0.0600727455602328	0.0957472838082075	0.0816597814029987	0.00839472168631134	0.0120284707964478	0.0358774902978291	0.0110077406154538	0.00822033707006826	0.00818927280225269	0.0112781861594258	0.00362802778602204	0.00733797634574923	0.00685539231112102	0.00190868880890141	0.0020709570188968	0.00504118604947507	0	0.00320949086778473	0.00685337339294056	0.0233415562971945	0.00189336457565455	0.0115051240326569	0.00834168552500985	0.00254087315166478	0.00593661821576405	0.00510611776961933	0.00819549196973079	0.00160008393870973	0.013148793268358	0.043748510189824	0.00334822630151851	0.00505600037664758	0.00797189538955087
OM1_C_3D_1	0.00376292990451976	0.0145274160287539	0.00287895493470365	0.00178115933002787	0.0200940175252964	0.0113096672120527	0.0303471243014361	0.00687966619506257	0.00740695862806857	0.0106721044943156	0.00255738547769349	0.0131389970704564	0.00317685393633045	0.0619156426927494	0.097931869678328	0.0835625404088579	0.0052589538867205	0.00895653330867926	0.038476399504176	0.00812942794851246	0.0056859513629716	0.00645076163212907	0.00906517422464213	0.00673663536396142	0.00966114045715456	0.00395448510408791	0.00181291048482291	0.00157910241838733	0.0019161794312123	0.00320949086778473	0	0.00405068172537847	0.0250621451427215	0.00389760573653852	0.00838263596948549	0.00812130272831742	0.00381960943494679	0.00272715668320756	0.00353179224134692	0.00516452503711199	0.00396823456437002	0.0100713283760648	0.0458982059150658	0.00240929654897521	0.00203541046637015	0.0111790913406971
OM1_C_3D_2	0.00765673391902696	0.0175573120410428	0.00686199935860598	0.00432530878566057	0.0222567340555726	0.01116419797201	0.0293710117226294	0.00803358696870458	0.00624215609373133	0.00674724869904346	0.00193730503209515	0.0120831532157309	0.00656260618427384	0.061872903499067	0.0983652061198107	0.0835590791617034	0.0022161011993117	0.00765498207008158	0.0398308976806105	0.007722690311445	0.006729287944191	0.00857912941686266	0.0100684861247591	0.00986821062900035	0.0137094692802592	0.000353328810976491	0.00585278925956272	0.00478588627652237	0.00229267431275861	0.00685337339294056	0.00405068172537847	0	0.0251608309288561	0.00660189453079091	0.00687377131791564	0.011393869031705	0.00786846801160429	0.00258327438235761	0.00658635560214294	0.00160006064158818	0.00688877852654052	0.00641310514957643	0.0464115922640518	0.00392705938745706	0.00387839500903192	0.0144963958545965
OM1_C_3D_3	0.0240508596717277	0.0184079420237098	0.0245740187714829	0.0232815076452199	0.0128944201147098	0.0360776159427865	0.0544779989379323	0.0182077286015447	0.0313676109695707	0.0285855063895017	0.0260020351511009	0.0372387013747286	0.0276693411246872	0.0368837075824283	0.0732959546740462	0.0585741235245587	0.0273098944823483	0.0328115951047634	0.0172036815215732	0.032673880527312	0.030705971970547	0.0313551261578651	0.0341223924661322	0.0207455158709599	0.0270167676858457	0.0254833414987701	0.0249919808306571	0.0236000815762636	0.0255945270609176	0.0233415562971945	0.0250621451427215	0.0251608309288561	0	0.0216117232672948	0.032031492159969	0.0314948825808749	0.0257213887251566	0.0267470191619197	0.0282480189645571	0.0265521404367086	0.0217848045444259	0.0295692569907525	0.0213796623190464	0.0227714000742049	0.0269501026616543	0.0203241311164912
OM1_C_3E_1	0.00291428951496504	0.0109800807733049	0.00308050255088441	0.00242087871300341	0.0162169032420154	0.0151636826924502	0.0342317456322159	0.00355235928483567	0.011263477837209	0.0132343190802618	0.00597355159972863	0.017035139681823	0.00606335855099174	0.0584058770405485	0.0942336034495962	0.0800211283376517	0.0084912202250539	0.0128182110451858	0.0346016266931104	0.0120252577138916	0.00946950381312949	0.00977319209007809	0.0127150647129512	0.00327783043393877	0.00878979309447126	0.00670137639687374	0.00338352058540048	0.00232520492380595	0.00532736142349684	0.00189336457565455	0.00389760573653852	0.00660189453079091	0.0216117232672948	0	0.0122097597769921	0.0102163246601	0.00443386989906422	0.00642459555393683	0.00665783053251056	0.00812051716832444	0.00042526724219807	0.0130144743488442	0.0422010129746827	0.0026808002788775	0.00593140846247198	0.00791129052802809
OM1_C_3E_2	0.0117566136434906	0.0228586537374493	0.0107915614860338	0.00983163466174884	0.0284173154569198	0.0048743114679613	0.0225144293309953	0.0145757081599642	0.00105499045101153	0.00732928217381548	0.00637251478255562	0.00521123537854563	0.00819033226794053	0.0687040523520207	0.105206256219542	0.0903798908392899	0.00475185364828782	0.000821129241110901	0.046485572861139	0.00219618409704017	0.00458826200049037	0.00682295642101525	0.00566972114917727	0.015103443986551	0.016207174442001	0.00655535930688611	0.00971020238542872	0.00990169352898355	0.00695438754508141	0.0115051240326569	0.00838263596948549	0.00687377131791564	0.032031492159969	0.0122097597769921	0	0.0107918717294889	0.0109446132824199	0.00580099417860534	0.00765507775815622	0.00554000119786556	0.0123301996601267	0.00571887927284663	0.0532696596626503	0.00993709556183372	0.00645023795721472	0.0194198363785416
OM1_C_3E_3	0.00748897575542673	0.0167004446989086	0.00713630886733122	0.00950728545958355	0.0236934907202499	0.00990251586098591	0.0277439837535183	0.0137658898234505	0.0098652107792478	0.0166999042891113	0.00945666912372215	0.0128702456374866	0.00497391292202596	0.0680068746987088	0.103192682421103	0.0894926539144691	0.0112654201777887	0.0107406412780133	0.0427874296147366	0.00890662608115442	0.00628474740219197	0.00397069961828514	0.00649559180050659	0.0108307826798573	0.0070991415367945	0.0111346681859087	0.00713119503381927	0.00891798868555596	0.00920129538721037	0.00834168552500985	0.00812130272831742	0.011393869031705	0.0314948825808749	0.0102163246601	0.0107918717294889	0	0.00583156913098157	0.00888393006978362	0.00481761698485181	0.0116940383092963	0.00994138381148515	0.0154832729180532	0.0513956983524509	0.0103435508282434	0.00751562083028082	0.0131637858549528
OM1_H_1B_3	0.00167110961454993	0.0123664166721213	0.00142995793466923	0.00437730866512386	0.0187962097473257	0.0125477318265521	0.0315673394650655	0.00796220299227519	0.00989241984877719	0.0144106335489292	0.00623703629058774	0.014962018350597	0.00287818539076138	0.0623578118569278	0.0978354288234559	0.0839052363939542	0.0088576662635129	0.0113206194715634	0.0377154932668991	0.00998657987227864	0.00695214029499481	0.00628667067730689	0.00954963666657507	0.00530068050128417	0.00586244400367485	0.00775826588377491	0.0020580296385474	0.00371463112522174	0.00566051547533531	0.00254087315166478	0.00381960943494679	0.00786846801160429	0.0257213887251566	0.00443386989906422	0.0109446132824199	0.00583156913098157	0	0.00613573656767511	0.00352347703468499	0.00888914509171531	0.00412968386534165	0.0136811259528699	0.0459000022599794	0.00524643249153243	0.00482693615245892	0.00878258179888528
OM1_H_1C_1	0.00642868580398588	0.0172338866239503	0.0054961922015045	0.00403174812663905	0.0226207487235146	0.00933506770279819	0.0281089600766396	0.00887655900636487	0.0048963350981262	0.0083536323563046	0.000793784487348673	0.0107847552735895	0.00422565820826085	0.063573051049011	0.0998365898103897	0.0852467051536028	0.00273676315363672	0.00644824221521459	0.0407572869122577	0.00594981684485404	0.00430132556417346	0.00600603352428517	0.00774515876313318	0.00943236763025235	0.0119575882181952	0.00228467393170139	0.00437695589030055	0.00414400998904162	0.00118300128715861	0.00593661821576405	0.00272715668320756	0.00258327438235761	0.0267470191619197	0.00642459555393683	0.00580099417860534	0.00888393006978362	0.00613573656767511	0	0.00412900399452319	0.00291377739102876	0.00657021138875863	0.00754686011870501	0.047823703943899	0.00417615865489322	0.00145382859213931	0.0139052110564137
OM1_H_1C_2	0.00481607265953612	0.0158781636025569	0.00397195252404578	0.00518245623354744	0.0221701740376504	0.00904505518273124	0.0281142781481706	0.0100665993535265	0.0066030511090781	0.0122910624086709	0.00465119861761314	0.0114431373282899	0.00066469698375665	0.0650498900270663	0.100816596283802	0.086657407732707	0.00669346647684082	0.00794006867637225	0.0409570918166237	0.00649856642504268	0.00343548074631324	0.00311547700171854	0.00618514202239186	0.00855727146556805	0.00857542152240072	0.00633805405340651	0.00328208265790702	0.00472560595437326	0.00438515404837825	0.00510611776961933	0.00353179224134692	0.00658635560214294	0.0282480189645571	0.00665783053251056	0.00765507775815622	0.00481761698485181	0.00352347703468499	0.00412900399452319	0	0.00701514185486348	0.00653542884351644	0.0112653443494361	0.0488222699625271	0.00591888402844853	0.00271439182064499	0.0123025331647985
OM1_H_1C_3	0.00890295532061718	0.0190962518980102	0.00804249126972001	0.00577436855362246	0.0238564027896624	0.0100924573880245	0.027946363701054	0.0096277447153269	0.00505770937309764	0.0055224396431691	0.00265220035559481	0.0107348445954481	0.00713897515060532	0.0631847103904156	0.0997596402257457	0.0848683409511135	0.000804524713988173	0.00634856177952949	0.0413831345514715	0.0067020258418337	0.00633597981628768	0.00846625893069469	0.00943297577110725	0.0113641187483944	0.0147491131826536	0.00142527023833089	0.00696766690421421	0.00616186417104296	0.00325211587451314	0.00819549196973079	0.00516452503711199	0.00160006064158818	0.0265521404367086	0.00812051716832444	0.00554000119786556	0.0116940383092963	0.00888914509171531	0.00291377739102876	0.00701514185486348	0	0.00838408385534449	0.00495522001292832	0.0478450750843717	0.00546853663212394	0.00436756739696291	0.0159771808856725
OM1_H_1D_1	0.00256037280192589	0.0107425786672041	0.00282314852086197	0.00262992712392332	0.0161269634984887	0.0151630927532084	0.0342521664127668	0.00383258554635056	0.0113682663145624	0.0135565526653008	0.00616073111234552	0.0170971488353683	0.00592306856137166	0.0585517206962956	0.0943191079323554	0.0801557634088783	0.00872527667608876	0.0129203204517626	0.0346021015972688	0.0120707607076308	0.00944782641774727	0.00964724873360905	0.0126430399981711	0.00298135062708729	0.00836678516542363	0.00697212278455072	0.00325392262756818	0.00243012266829397	0.005504699338	0.00160008393870973	0.00396823456437002	0.00688877852654052	0.0217848045444259	0.00042526724219807	0.0123301996601267	0.00994138381148515	0.00412968386534165	0.00657021138875863	0.00653542884351644	0.00838408385534449	0	0.0132998144333323	0.0422958837895244	0.00299197097254745	0.00598738863288502	0.00760814604708388
OM1_H_1D_2	0.0138300332909847	0.023953865559667	0.0129455674862089	0.0107127049056765	0.0283399082329009	0.0103710655321369	0.0254837238674347	0.0140648820246822	0.00616032996943422	0.00166637356592043	0.00751653380166221	0.00953977682635459	0.0115573849355629	0.0656322082371477	0.102558088619212	0.0872648216587727	0.00483076642441801	0.00635763492187056	0.0452099357530705	0.00786021964519354	0.00931591983754025	0.0117142309647274	0.0113128367837213	0.0162800688694889	0.0194971409073019	0.00633619306948459	0.0118483051222857	0.0111162839351655	0.00815772283644997	0.013148793268358	0.0100713283760648	0.00641310514957643	0.0295692569907525	0.0130144743488442	0.00571887927284663	0.0154832729180532	0.0136811259528699	0.00754686011870501	0.0112653443494361	0.00495522001292832	0.0132998144333323	0	0.0509294914885459	0.0103371968956016	0.00891825100122914	0.0209053460935399
OM1_H_1D_3	0.0442696906528651	0.035715959684101	0.0449455336629472	0.0441379018504238	0.0284532576950703	0.057114209855677	0.0757350458467526	0.039043603903478	0.0525572625392104	0.049917545253874	0.0471091203898779	0.0584589316682514	0.0481996565363472	0.0174033085327892	0.0521410806475468	0.0383238892472657	0.0485872936940794	0.0540333028164943	0.0114730757700652	0.0537663423171392	0.0515776935792716	0.0519234757290583	0.054896766321235	0.0406393212948861	0.0457339538568088	0.0467235738048702	0.0455463795517378	0.044365355997295	0.0466510507097424	0.043748510189824	0.0458982059150658	0.0464115922640518	0.0213796623190464	0.0422010129746827	0.0532696596626503	0.0513956983524509	0.0459000022599794	0.047823703943899	0.0488222699625271	0.0478450750843717	0.0422958837895244	0.0509294914885459	0	0.0437313065605437	0.0478675336139214	0.0387498005400663
OM1_H_1G_1	0.00437318999771422	0.0136333357031977	0.00388406906525231	0.000874634391634349	0.0185644252896743	0.0133991556785746	0.0322776496666239	0.00471430245304725	0.00906527474472393	0.0105647602592978	0.00356659926170091	0.0149604245554385	0.00550525980454909	0.0596313204613866	0.0957695785325294	0.0812944304995451	0.00589284495846653	0.0106118995302513	0.0365846462024237	0.010079876140413	0.00793935533803588	0.00885756061821353	0.0113789097463834	0.0059567029709751	0.0106598864762352	0.00404389379853726	0.00332150677753444	0.00153338948221518	0.00299657119764733	0.00334822630151851	0.00240929654897521	0.00392705938745706	0.0227714000742049	0.0026808002788775	0.00993709556183372	0.0103435508282434	0.00524643249153243	0.00417615865489322	0.00591888402844853	0.00546853663212394	0.00299197097254745	0.0103371968956016	0.0437313065605437	0	0.00418022300592778	0.0105900251731816
