	OM1_B_B_1	OM1_B_B_2	OM1_B_B_3	OM1_B_C_1	OM1_B_C_2	OM1_B_C_3	OM1_C_1B_1	OM1_C_1B_3	OM1_C_1D_2	OM1_C_1D_3	OM1_C_1E_3	OM1_C_1F_2	OM1_C_1F_3	OM1_C_2A_3	OM1_C_2G_1	OM1_C_2G_2	OM1_C_2G_3	OM1_C_2H_2	OM1_C_2H_3	OM1_C_3D_1	OM1_C_3D_3	OM1_C_3E_1	OM1_C_3E_2	OM1_C_3E_3	OM1_C_3F_2	OM1_C_3F_3	OM1_H_1B_3	OM1_H_1C_3	OM1_H_1D_2	OM1_H_1D_3	OM1_H_1G_3
OM1_B_B_1	0	0.0157482369230783	0.0272153962752602	0.116338402918784	0.0104276533490141	0.0162759252319469	0.0477569055138942	0.0547240997150001	0.0536759659772395	0.0315402068989438	0.0609392195631391	0.038401657109655	0.054173687128752	0.0192366128428492	0.0178782031139877	0.0449933351774641	0.0368547720484021	0.0322493719868013	0.0365803322653544	0.0581753213142817	0.0282755995039106	0.0198375615904138	0.0258402307598793	0.0567917442825057	0.0427528686705809	0.0486370558860204	0.0509628247873228	0.0413824861924974	0.0508538351167964	0.0446443152240864	0.0286535177620614
OM1_B_B_2	0.0157482369230783	0	0.0115105536661775	0.100674845029092	0.0244450888054488	0.00637024195383781	0.0323501908417432	0.0395373643313638	0.0379807663652986	0.0167331974587574	0.0453263087530279	0.0227852696041153	0.0384912087183027	0.00479605435590481	0.00279499242625231	0.0293647603417981	0.0263234881361024	0.0165346719405612	0.0209644571173029	0.0424764720468671	0.0127079017491255	0.00433039982013392	0.0101315914456771	0.0410605787665063	0.0271445620790727	0.0331948868394394	0.0353908545169409	0.0260120305176418	0.0352125835156686	0.0289271867706184	0.0130656491962117
OM1_B_B_3	0.0272153962752602	0.0115105536661775	0	0.0892700651272849	0.0353108966372021	0.0131944249210962	0.0210144093373138	0.0283568193388484	0.0264818876665224	0.00731087508194534	0.0343061709239776	0.0113087391343494	0.0269880343841052	0.00861895005094141	0.00943538246891696	0.0184716499295892	0.0215380073625532	0.00503677402418408	0.00949601211089298	0.0309834161697949	0.00182434198842988	0.00795133982180378	0.00137905053788955	0.0296670775729344	0.0156625389748489	0.0227088352086138	0.0239174624918602	0.0159508495235759	0.0237098780248665	0.0177136222693147	0.00197284940076286
OM1_B_C_1	0.116338402918784	0.100674845029092	0.0892700651272849	0	0.124046047373018	0.101521196107143	0.0697145477024153	0.0640168814946798	0.0629411436370109	0.0861144055059861	0.0564488004567631	0.0782938359644294	0.0624904988671369	0.0975530374392865	0.0986461739042169	0.0719427763467204	0.0899552602988952	0.0842519019242852	0.0800920703988164	0.0584373263005783	0.088334161980702	0.0967058719535436	0.0906355179103472	0.0597418972878741	0.0740200140642953	0.0691010156192038	0.0660616130651674	0.0761976170006883	0.0659298245616376	0.0719727426891657	0.0879434367303434
OM1_B_C_2	0.0104276533490141	0.0244450888054488	0.0353108966372021	0.124046047373018	0	0.0226565814634053	0.0547270398662737	0.0612061390795915	0.0613443581924373	0.0382215724774519	0.0695467676468266	0.0459844991035593	0.0617788820706917	0.02676475526332	0.0259397652583819	0.0536455813276897	0.0398513171972372	0.0402623596314089	0.044198950045317	0.0658401129827614	0.0360288571070761	0.0287611761080846	0.0339889152053457	0.0648430273529878	0.0502383130810326	0.0575920795450744	0.0582411649425662	0.0504386666048615	0.0583318910848603	0.0530073135512754	0.0364294663543987
OM1_B_C_3	0.0162759252319469	0.00637024195383781	0.0131944249210962	0.101521196107143	0.0226565814634053	0	0.0321382949241131	0.0388165203464876	0.0387296190118613	0.0156439574018556	0.0473551825557471	0.023374121531035	0.0391563395473262	0.00474340641818121	0.00520406217072743	0.031633447511213	0.0215825864166927	0.0179105969626056	0.0216047555331947	0.0432253629661091	0.0135939478157174	0.00925044551672998	0.0120086999686163	0.0423268279127218	0.0276047091614884	0.0358970523621614	0.0356117888883205	0.0290528602382828	0.0356987697717404	0.0307331074843168	0.0139995424818273
OM1_C_1B_1	0.0477569055138942	0.0323501908417432	0.0210144093373138	0.0697145477024153	0.0547270398662737	0.0321382949241131	0	0.00752464278902342	0.00811854557727291	0.0165213844348904	0.0197343588200706	0.00984749995288508	0.00821473582795224	0.0285388319919132	0.0299423858148253	0.0125070445067405	0.0233183051136846	0.0162683767448396	0.0115879159941896	0.0120419237749527	0.0196523914473686	0.028958137201804	0.0223646788695341	0.0127697559962888	0.00581718500532572	0.0157611271638267	0.00400064841087955	0.0163350953273683	0.00491599137269161	0.0101994327293889	0.0193055392334488
OM1_C_1B_3	0.0547240997150001	0.0395373643313638	0.0283568193388484	0.0640168814946798	0.0612061390795915	0.0388165203464876	0.00752464278902342	0	0.00898691585407056	0.0232242310269925	0.0198565596294763	0.017334629268828	0.00849814348719489	0.0355213680731594	0.0370391037165571	0.0185332798965297	0.0265683804600945	0.023722386624316	0.0190359880088529	0.0101535313964684	0.026906070705386	0.0363028963795807	0.0296851020422737	0.0128779881452228	0.0133286370881732	0.0205713564319247	0.00664133995130322	0.0229624842076143	0.00799437696799757	0.0165400813861626	0.0265785766828676
OM1_C_1D_2	0.0536759659772395	0.0379807663652986	0.0264818876665224	0.0629411436370109	0.0613443581924373	0.0387296190118613	0.00811854557727291	0.00898691585407056	0	0.0234822570840336	0.0118222276568967	0.0153875416380233	0.000694237898682332	0.0347091150649864	0.0358454357531626	0.0115275044926161	0.0314283745788885	0.0214522282913501	0.0171899297489603	0.0045128332375108	0.0254694847877735	0.0341581515241548	0.0278591644363168	0.00469812483912228	0.0111372199131272	0.0122224177986827	0.00419944399338434	0.0163904693156279	0.003289172596018	0.0103052033069163	0.0250806464557134
OM1_C_1D_3	0.0315402068989438	0.0167331974587574	0.00731087508194534	0.0861144055059861	0.0382215724774519	0.0156439574018556	0.0165213844348904	0.0232242310269925	0.0234822570840336	0	0.0332030857165087	0.0086476384195633	0.0238466556821642	0.0123926457210036	0.0140665344041775	0.0186380434112848	0.0150639068010458	0.006549242048213	0.00722421848807952	0.0279201230993136	0.00549161974881362	0.0142876219147547	0.00816689270621484	0.0274393166265584	0.0124239703445353	0.0233342686898759	0.020105474263582	0.0179926779419694	0.0203273180328077	0.0170319955404145	0.00543075190281962
OM1_C_1E_3	0.0609392195631391	0.0453263087530279	0.0343061709239776	0.0564488004567631	0.0695467676468266	0.0473551825557471	0.0197343588200706	0.0198565596294763	0.0118222276568967	0.0332030857165087	0	0.0245712125491484	0.0119766461159138	0.0429100832803288	0.0436457764430897	0.0159728160662985	0.0429526486328291	0.0294571043491928	0.0261479904082182	0.00983025035293395	0.0337727689227121	0.0411331488805369	0.0356085607001233	0.00717588997988968	0.0210496603176278	0.0126798073350495	0.015984193563314	0.0198671022789186	0.0148288819156358	0.0166334166081365	0.0333673154498451
OM1_C_1F_2	0.038401657109655	0.0227852696041153	0.0113087391343494	0.0782938359644294	0.0459844991035593	0.023374121531035	0.00984749995288508	0.017334629268828	0.0153875416380233	0.0086476384195633	0.0245712125491484	0	0.0158437623062375	0.0193340460910289	0.0205316657121229	0.01036543222876	0.0211247784462718	0.00643458584008129	0.00182302777189658	0.0198973127265582	0.0101315560083694	0.0192058435360602	0.0126812499302997	0.0190143643328208	0.00436068763563906	0.0150789723655758	0.0126126942544185	0.0110861525354297	0.0124660639613067	0.00850435216118298	0.00975314786444902
OM1_C_1F_3	0.054173687128752	0.0384912087183027	0.0269880343841052	0.0624904988671369	0.0617788820706917	0.0391563395473262	0.00821473582795224	0.00849814348719489	0.000694237898682332	0.0238466556821642	0.0119766461159138	0.0158437623062375	0	0.0351725558236068	0.0363327055855081	0.0122160413316966	0.0314808308801184	0.0219641389473244	0.0176538187001271	0.00407842106210464	0.0259475019185323	0.034694437541531	0.0283661317178173	0.00480400668605094	0.0115575881143952	0.012893746275733	0.00422833201179222	0.0170760597153204	0.00354113551133008	0.0109658806541427	0.0255610110132808
OM1_C_2A_3	0.0192366128428492	0.00479605435590481	0.00861895005094141	0.0975530374392865	0.02676475526332	0.00474340641818121	0.0285388319919132	0.0355213680731594	0.0347091150649864	0.0123926457210036	0.0429100832803288	0.0193340460910289	0.0351725558236068	0	0.00203156682294628	0.0270857538110578	0.0216307264702465	0.0135098545345232	0.0175247786478202	0.039218795537355	0.00927551628945621	0.0052904339569726	0.00736290332609582	0.038115743676436	0.023654729324004	0.0312701665789439	0.0318139814188441	0.0243575139117797	0.031779876102134	0.0263040643759283	0.0096742774303925
OM1_C_2G_1	0.0178782031139877	0.00279499242625231	0.00943538246891696	0.0986461739042169	0.0259397652583819	0.00520406217072743	0.0299423858148253	0.0370391037165571	0.0358454357531626	0.0140665344041775	0.0436457764430897	0.0205316657121229	0.0363327055855081	0.00203156682294628	0	0.0277291514721154	0.0236532337963045	0.0144566030290428	0.0187100702273343	0.040352998412059	0.0104010802161425	0.00404894565069196	0.00808374839178937	0.03909647513182	0.0248835365986422	0.031759460318148	0.0331001100676431	0.0247017120197951	0.0329929652923055	0.0271090683268284	0.0107815407241171
OM1_C_2G_2	0.0449933351774641	0.0293647603417981	0.0184716499295892	0.0719427763467204	0.0536455813276897	0.031633447511213	0.0125070445067405	0.0185332798965297	0.0115275044926161	0.0186380434112848	0.0159728160662985	0.01036543222876	0.0122160413316966	0.0270857538110578	0.0277291514721154	0	0.0312940570016982	0.0138120922220833	0.011446471254794	0.0152547465280605	0.0181241078642218	0.0251702708753085	0.0197376661408874	0.0126682296678697	0.00897263152832931	0.00472136373428237	0.0119061179025039	0.00487963488177617	0.0106646166851707	0.00240850475667357	0.017722038071562
OM1_C_2G_3	0.0368547720484021	0.0263234881361024	0.0215380073625532	0.0899552602988952	0.0398513171972372	0.0215825864166927	0.0233183051136846	0.0265683804600945	0.0314283745788885	0.0150639068010458	0.0429526486328291	0.0211247784462718	0.0314808308801184	0.0216307264702465	0.0236532337963045	0.0312940570016982	0	0.0215607509835177	0.0206067669506299	0.0350683096032024	0.0199213406164456	0.0260282283249941	0.0218547761872844	0.0360810400502564	0.0227863646884937	0.0359082532361136	0.0272576063509771	0.0320349848752562	0.0282212003717032	0.0291469308622079	0.0200173428290664
OM1_C_2H_2	0.0322493719868013	0.0165346719405612	0.00503677402418408	0.0842519019242852	0.0402623596314089	0.0179105969626056	0.0162683767448396	0.023722386624316	0.0214522282913501	0.006549242048213	0.0294571043491928	0.00643458584008129	0.0219641389473244	0.0135098545345232	0.0144566030290428	0.0138120922220833	0.0215607509835177	0	0.0046874815589006	0.0259517384976054	0.00432630574829909	0.0128079851981333	0.00641159807179042	0.0246513410840883	0.0107360219710655	0.0182665899046313	0.0189794595560494	0.0120498292397125	0.0187155078288211	0.0128270223048673	0.0039214729173032
OM1_C_2H_3	0.0365803322653544	0.0209644571173029	0.00949601211089298	0.0800920703988164	0.044198950045317	0.0216047555331947	0.0115879159941896	0.0190359880088529	0.0171899297489603	0.00722421848807952	0.0261479904082182	0.00182302777189658	0.0176538187001271	0.0175247786478202	0.0187100702273343	0.011446471254794	0.0206067669506299	0.0046874815589006	0	0.021701240964733	0.00830982756467205	0.0174086289280037	0.0108661782506445	0.0207453783860673	0.00618301395110468	0.0161599535983913	0.0144318591868729	0.0114336049526723	0.0142870139082834	0.00981297806970055	0.00793056984626838
OM1_C_3D_1	0.0581753213142817	0.0424764720468671	0.0309834161697949	0.0584373263005783	0.0658401129827614	0.0432253629661091	0.0120419237749527	0.0101535313964684	0.0045128332375108	0.0279201230993136	0.00983025035293395	0.0198973127265582	0.00407842106210464	0.039218795537355	0.040352998412059	0.0152547465280605	0.0350683096032024	0.0259517384976054	0.021701240964733	0	0.0299804741478566	0.0386296995067375	0.0323598402563953	0.003667393542061	0.0156296488286198	0.0148329341688862	0.00806126929062306	0.0201171359490462	0.00759910621340473	0.0144113734353746	0.0295914264845694
OM1_C_3D_3	0.0282755995039106	0.0127079017491255	0.00182434198842988	0.088334161980702	0.0360288571070761	0.0135939478157174	0.0196523914473686	0.026906070705386	0.0254694847877735	0.00549161974881362	0.0337727689227121	0.0101315560083694	0.0259475019185323	0.00927551628945621	0.0104010802161425	0.0181241078642218	0.0199213406164456	0.00432630574829909	0.00830982756467205	0.0299804741478566	0	0.00946391326687233	0.00288513464246584	0.0288468450827478	0.0144853609947687	0.0225290743635889	0.0227139751795879	0.0160613166012623	0.0225956214289169	0.0171440513729984	0.000405669156945154
OM1_C_3E_1	0.0198375615904138	0.00433039982013392	0.00795133982180378	0.0967058719535436	0.0287611761080846	0.00925044551672998	0.028958137201804	0.0363028963795807	0.0341581515241548	0.0142876219147547	0.0411331488805369	0.0192058435360602	0.034694437541531	0.0052904339569726	0.00404894565069196	0.0251702708753085	0.0260282283249941	0.0128079851981333	0.0174086289280037	0.0386296995067375	0.00946391326687233	0	0.00662559845735738	0.0370604534674469	0.0235370339688981	0.0289169085638453	0.0317834943832342	0.0217100944220203	0.0315039765700688	0.0248430943169595	0.00976177617164886
OM1_C_3E_2	0.0258402307598793	0.0101315914456771	0.00137905053788955	0.0906355179103472	0.0339889152053457	0.0120086999686163	0.0223646788695341	0.0296851020422737	0.0278591644363168	0.00816689270621484	0.0356085607001233	0.0126812499302997	0.0283661317178173	0.00736290332609582	0.00808374839178937	0.0197376661408874	0.0218547761872844	0.00641159807179042	0.0108661782506445	0.0323598402563953	0.00288513464246584	0.00662559845735738	0	0.031026976147254	0.0170368988837077	0.0239128247956265	0.0252911721519389	0.0170564598380934	0.0250881310673689	0.0190369763575952	0.00315010446755391
OM1_C_3E_3	0.0567917442825057	0.0410605787665063	0.0296670775729344	0.0597418972878741	0.0648430273529878	0.0423268279127218	0.0127697559962888	0.0128779881452228	0.00469812483912228	0.0274393166265584	0.00717588997988968	0.0190143643328208	0.00480400668605094	0.038115743676436	0.03909647513182	0.0126682296678697	0.0360810400502564	0.0246513410840883	0.0207453783860673	0.003667393542061	0.0288468450827478	0.0370604534674469	0.031026976147254	0	0.0150237310230913	0.011516379740509	0.00889575782560501	0.0174076896753199	0.0078655564485048	0.0123065315289791	0.028446935261107
OM1_C_3F_2	0.0427528686705809	0.0271445620790727	0.0156625389748489	0.0740200140642953	0.0502383130810326	0.0276047091614884	0.00581718500532572	0.0133286370881732	0.0111372199131272	0.0124239703445353	0.0210496603176278	0.00436068763563906	0.0115575881143952	0.023654729324004	0.0248835365986422	0.00897263152832931	0.0227863646884937	0.0107360219710655	0.00618301395110468	0.0156296488286198	0.0144853609947687	0.0235370339688981	0.0170368988837077	0.0150237310230913	0	0.0133099931591262	0.00825647706913823	0.0115878035014322	0.00812797356104801	0.0066161967023964	0.0141096356589409
OM1_C_3F_3	0.0486370558860204	0.0331948868394394	0.0227088352086138	0.0691010156192038	0.0575920795450744	0.0358970523621614	0.0157611271638267	0.0205713564319247	0.0122224177986827	0.0233342686898759	0.0126798073350495	0.0150789723655758	0.012893746275733	0.0312701665789439	0.031759460318148	0.00472136373428237	0.0359082532361136	0.0182665899046313	0.0161599535983913	0.0148329341688862	0.0225290743635889	0.0289169085638453	0.0239128247956265	0.011516379740509	0.0133099931591262	0	0.0140671215986923	0.00728103662571678	0.0126245678363563	0.00676775967595448	0.0221329814204392
OM1_H_1B_3	0.0509628247873228	0.0353908545169409	0.0239174624918602	0.0660616130651674	0.0582411649425662	0.0356117888883205	0.00400064841087955	0.00664133995130322	0.00419944399338434	0.020105474263582	0.015984193563314	0.0126126942544185	0.00422833201179222	0.0318139814188441	0.0331001100676431	0.0119061179025039	0.0272576063509771	0.0189794595560494	0.0144318591868729	0.00806126929062306	0.0227139751795879	0.0317834943832342	0.0252911721519389	0.00889575782560501	0.00825647706913823	0.0140671215986923	0	0.0164273665871492	0.00148106097233734	0.00999016994594768	0.0223438636255442
OM1_H_1C_3	0.0413824861924974	0.0260120305176418	0.0159508495235759	0.0761976170006883	0.0504386666048615	0.0290528602382828	0.0163350953273683	0.0229624842076143	0.0163904693156279	0.0179926779419694	0.0198671022789186	0.0110861525354297	0.0170760597153204	0.0243575139117797	0.0247017120197951	0.00487963488177617	0.0320349848752562	0.0120498292397125	0.0114336049526723	0.0201171359490462	0.0160613166012623	0.0217100944220203	0.0170564598380934	0.0174076896753199	0.0115878035014322	0.00728103662571678	0.0164273665871492	0	0.0152973158544906	0.00643774552661765	0.0156870064155999
OM1_H_1D_2	0.0508538351167964	0.0352125835156686	0.0237098780248665	0.0659298245616376	0.0583318910848603	0.0356987697717404	0.00491599137269161	0.00799437696799757	0.003289172596018	0.0203273180328077	0.0148288819156358	0.0124660639613067	0.00354113551133008	0.031779876102134	0.0329929652923055	0.0106646166851707	0.0282212003717032	0.0187155078288211	0.0142870139082834	0.00759910621340473	0.0225956214289169	0.0315039765700688	0.0250881310673689	0.0078655564485048	0.00812797356104801	0.0126245678363563	0.00148106097233734	0.0152973158544906	0	0.00888302193355819	0.0222154177870108
OM1_H_1D_3	0.0446443152240864	0.0289271867706184	0.0177136222693147	0.0719727426891657	0.0530073135512754	0.0307331074843168	0.0101994327293889	0.0165400813861626	0.0103052033069163	0.0170319955404145	0.0166334166081365	0.00850435216118298	0.0109658806541427	0.0263040643759283	0.0271090683268284	0.00240850475667357	0.0291469308622079	0.0128270223048673	0.00981297806970055	0.0144113734353746	0.0171440513729984	0.0248430943169595	0.0190369763575952	0.0123065315289791	0.0066161967023964	0.00676775967595448	0.00999016994594768	0.00643774552661765	0.00888302193355819	0	0.0167384447625733
OM1_H_1G_3	0.0286535177620614	0.0130656491962117	0.00197284940076286	0.0879434367303434	0.0364294663543987	0.0139995424818273	0.0193055392334488	0.0265785766828676	0.0250806464557134	0.00543075190281962	0.0333673154498451	0.00975314786444902	0.0255610110132808	0.0096742774303925	0.0107815407241171	0.017722038071562	0.0200173428290664	0.0039214729173032	0.00793056984626838	0.0295914264845694	0.000405669156945154	0.00976177617164886	0.00315010446755391	0.028446935261107	0.0141096356589409	0.0221329814204392	0.0223438636255442	0.0156870064155999	0.0222154177870108	0.0167384447625733	0
