	OM2_B_B_1	OM2_B_B_2	OM2_B_B_3	OM2_C_4A_1	OM2_C_4A_3	OM2_C_4B_1	OM2_C_4B_2	OM2_C_4C_1	OM2_C_4C_2	OM2_C_4C_3	OM2_C_4E_1	OM2_C_4E_2	OM2_C_4E_3	OM2_C_4F_1	OM2_C_4F_2	OM2_C_4F_3	OM2_C_4G_1	OM2_C_4G_3	OM2_C_4H_1	OM2_C_4H_3	OM2_C_5A_1	OM2_C_5A_2	OM2_C_5A_3	OM2_C_5F_1	OM2_C_5F_2	OM2_C_5F_3	OM2_C_5G_1	OM2_C_5G_2	OM2_C_5G_3	OM2_C_6E_1	OM2_C_6E_2	OM2_C_6G_1	OM2_C_6G_3	OM2_C_6H_1	OM2_C_6H_3	OM2_H_2A_1	OM2_H_2A_2	OM2_H_2A_3	OM2_H_2B_1	OM2_H_2B_3	OM2_H_2C_1	OM2_H_2C_2	OM2_H_2F_1	OM2_H_2F_2	OM2_H_2F_3
OM2_B_B_1	0	0.0191956495839646	0.0219874559148894	0.127659709338672	0.121063389056176	0.0330380377843269	0.0412034010977152	0.0563452743761017	0.0733091604274096	0.0503685096986413	0.0166030968721223	0.0185240291447336	0.0243747228565145	0.0400428665424203	0.0351756890867272	0.0321789721521095	0.0367688397744549	0.037748067521592	0.0559551449084046	0.0223123592983877	0.0425836129423489	0.0213323599009361	0.0374916026676493	0.0798706812163281	0.0778156125812473	0.0864357559628333	0.0200920214714199	0.0186139510062309	0.0354437564108852	0.0518608920121125	0.0629182997332163	0.0577158538042781	0.048820696776629	0.0756341489207589	0.0234957562697981	0.0396863864434112	0.0570186887902884	0.0503606966395256	0.0599540025515213	0.0397229035153177	0.0302609776337486	0.0385219354242132	0.037526736754161	0.0489266676311582	0.0327624136394447
OM2_B_B_2	0.0191956495839646	0	0.00817746276418375	0.11141154342135	0.104777666453053	0.0471579969537286	0.0563211132067071	0.0722767500711465	0.0891352201237172	0.0641425909816079	0.00467297684811358	0.00331681145069897	0.00677185998774419	0.0235934204936778	0.0188760821447476	0.0140877133360027	0.0514270956085458	0.0463983162400895	0.0397586131433119	0.0143068197190395	0.0249706519587343	0.0115191697575979	0.0196937566198686	0.063585328741053	0.0610679545000134	0.0700699395366275	0.0347154630790844	0.0329203321115209	0.0504708703250694	0.066549180006769	0.0782052127993518	0.0733161563205729	0.0634957123226563	0.0883323776905403	0.0280762381100333	0.0547548612500225	0.0725702519075187	0.0665964291206741	0.0757491375483002	0.0549199120958483	0.0446183139633786	0.0536442166741303	0.053024354269964	0.0639511149916604	0.0478481478870367
OM2_B_B_3	0.0219874559148894	0.00817746276418375	0	0.10791366426501	0.101253159120516	0.0498638777456101	0.0598784805989363	0.0735279592408945	0.0925207117771262	0.0650229534426957	0.0113296014801109	0.0108136577728807	0.0102329691009861	0.0237302881609681	0.0205986860049904	0.0154385183323918	0.054786950839235	0.046717972658276	0.0379202884536399	0.0206080186574703	0.0249583450398355	0.0193515238201184	0.0177260162572544	0.0604052147631837	0.0582489520772417	0.0660981481233323	0.0382045245706935	0.0363774933738477	0.0537993089829484	0.0706327677952514	0.0822519026650753	0.0774052867804416	0.0680625615273784	0.0934278522252092	0.0353545206147117	0.0577123116855965	0.0752745560032585	0.0692233963242887	0.0788616035802722	0.0584495548258659	0.0479095009403549	0.0570310835047614	0.0556876497173472	0.067193816464362	0.0499910743203281
OM2_C_4A_1	0.127659709338672	0.11141154342135	0.10791366426501	0	0.0067209304696112	0.157206201425147	0.166991045081782	0.179693742480133	0.199255911753004	0.170716345481062	0.113297368321021	0.112015415028717	0.105515442393816	0.0899943755524612	0.0957613479846699	0.0984357730978818	0.162023871324698	0.15087998552054	0.073125203605093	0.112223424985466	0.0881109345296644	0.114621646902705	0.0918722963290452	0.0482139447280347	0.0508040405333333	0.0422632124083634	0.145523994240672	0.143730043799342	0.161073111906899	0.177238005287927	0.188719386190797	0.183847086183461	0.174143927962592	0.197785225192427	0.135835474985164	0.165017862766983	0.182327103259514	0.176331919971559	0.185870163521977	0.165589996003831	0.155237103967008	0.16424944914253	0.163033410406276	0.174318086037284	0.157326531700603
OM2_C_4A_3	0.121063389056176	0.104777666453053	0.101253159120516	0.0067209304696112	0	0.150595561380499	0.160403806314455	0.173135391040788	0.192711664282613	0.164144867769616	0.106688969120249	0.105403081001293	0.0988989018561637	0.0834403885957224	0.0892177828460658	0.0918302842692299	0.155425542393723	0.144294594148693	0.0665812542525581	0.105726870431528	0.0815404165570984	0.108087051566116	0.0852231712087585	0.041592112341983	0.0442060425972877	0.0355610522866696	0.138912597649721	0.137115506890577	0.154475148495503	0.170674379401565	0.182175024642131	0.177301812811077	0.167596092882035	0.191305138009375	0.12932857982706	0.158420071891103	0.175751218705794	0.169754287254779	0.179303385348593	0.159001214760353	0.148629888499915	0.157656229021231	0.156434145878556	0.167733599542847	0.150718621468041
OM2_C_4B_1	0.0330380377843269	0.0471579969537286	0.0498638777456101	0.157206201425147	0.150595561380499	0	0.0119752938861355	0.0272674144867366	0.04331337495325	0.0208422548256065	0.0462756571257806	0.0474057405183187	0.0536905112610316	0.0704820950754334	0.0653376252554236	0.0610875426253232	0.00668342021679122	0.0194978143288686	0.0866854019590437	0.0521208140508659	0.0719864023363127	0.0484883164794108	0.0664573871938792	0.109985359481537	0.107663372581202	0.115609332255945	0.0136427793721058	0.0150664783693943	0.00647364261961379	0.0230502965531903	0.0342521803134929	0.0302134425706728	0.0232347652858085	0.0481594581071353	0.03361741736073	0.00835208280747195	0.0257194078310805	0.0205684596851837	0.0295373553358255	0.0108447524684267	0.00463827481565162	0.00904882817782193	0.00711077551775846	0.0177293673685029	0.00451434558296334
OM2_C_4B_2	0.0412034010977152	0.0563211132067071	0.0598784805989363	0.166991045081782	0.160403806314455	0.0119752938861355	0	0.0243430947494394	0.0329188588537365	0.0232280329459179	0.054825903396893	0.0560652953189841	0.0625481417995207	0.0790639586338387	0.073654967433203	0.0699702364826738	0.00551583312146454	0.0301819929310023	0.0956403708598635	0.0590560241294938	0.0807988252579896	0.0557671475824041	0.0759259859409144	0.119539841415463	0.11714510633145	0.125659095506248	0.0217962844163174	0.0235916135690916	0.00623217994212037	0.0115542272652714	0.0227364007559152	0.0183660721806421	0.0118654438825785	0.0375828459549175	0.03799649521812	0.00513183935749298	0.0175730633820161	0.0127718297428283	0.0196969820947856	0.00149521024690107	0.0121634977523091	0.00307070552008008	0.00765441136378466	0.00819551922319204	0.0135330583905661
OM2_C_4C_1	0.0563452743761017	0.0722767500711465	0.0735279592408945	0.179693742480133	0.173135391040788	0.0272674144867366	0.0243430947494394	0	0.0286617585433164	0.0130901340229639	0.0713441551949389	0.0726873440527523	0.0787514083962378	0.0953028247495352	0.0904872497461112	0.0863042133893087	0.0261276875771305	0.034779980644148	0.110799537775137	0.0773608029068137	0.0970788983057659	0.0745493710456269	0.0909252274108962	0.133220232464042	0.131318081119336	0.138191196198121	0.0394974134298555	0.0409685856080164	0.0265153755729705	0.0264726966212619	0.028795551138552	0.0277512668520512	0.0311327383228167	0.0468117528123921	0.0601349273857957	0.0218288921801014	0.0136781924513284	0.0134407623758337	0.0183512962301124	0.0248686346031712	0.0308285234248248	0.0247508306265455	0.021747264388036	0.0192695109318875	0.0250366666804617
OM2_C_4C_2	0.0733091604274096	0.0891352201237172	0.0925207117771262	0.199255911753004	0.192711664282613	0.04331337495325	0.0329188588537365	0.0286617585433164	0	0.0376026476333782	0.0875068855731734	0.0888024445901463	0.0952904564805238	0.111639198139563	0.106192847757752	0.10270841389613	0.0380164516749038	0.0563228198950063	0.128190283600398	0.0910590427942377	0.113469609689636	0.0880726105213889	0.10869223382494	0.15205736406404	0.149722813596678	0.158118967296579	0.0545870547555487	0.0563961239285452	0.0388741950057267	0.0237153831632519	0.0131811409244002	0.0177673321730893	0.0282287541850543	0.0251141824700165	0.068956028856194	0.0350945471804177	0.0187683279937426	0.024408575800442	0.0139440245165524	0.0343091300588958	0.0448660202060426	0.035654253936861	0.0372453455795281	0.0256911571310183	0.0435062303025899
OM2_C_4C_3	0.0503685096986413	0.0641425909816079	0.0650229534426957	0.170716345481062	0.164144867769616	0.0208422548256065	0.0232280329459179	0.0130901340229639	0.0376026476333782	0	0.0639174771526632	0.0649952643906488	0.0708158563092475	0.0874765643994951	0.0828235744241086	0.0780582584144472	0.0224325461426006	0.0224683554932128	0.102726254382496	0.0710454995581348	0.0887826709501349	0.0675236775179457	0.0823086924557688	0.124588358221354	0.122568374723333	0.129102690580919	0.0334641582825188	0.0346015039268188	0.0230586014752778	0.0286935360748593	0.0349123001380109	0.0333467163776638	0.0329117889820263	0.0504688291635018	0.0542370688085668	0.0189461073497361	0.0199016613486548	0.0187353124182098	0.0256459497295637	0.0233652870515735	0.0253462595785299	0.0224540348221107	0.0185531066350856	0.0204436190929429	0.0191413854668015
OM2_C_4E_1	0.0166030968721223	0.00467297684811358	0.0113296014801109	0.113297368321021	0.106688969120249	0.0462756571257806	0.054825903396893	0.0713441551949389	0.0875068855731734	0.0639174771526632	0	0.00219760779395708	0.00809465481446676	0.0243887090756633	0.0192527419948608	0.0158213783338225	0.0501497923698286	0.0473884623193628	0.0409562880739567	0.0106606616841611	0.0264573140413248	0.00892052671391562	0.0220634589667441	0.0653224788521413	0.0628697538781605	0.072243556868966	0.0332878102078428	0.0315683915793905	0.0490966296709641	0.0649320258613214	0.0764186868903408	0.0713884253109163	0.0615805721523714	0.0867430514308842	0.0259470371104508	0.0535372072146942	0.0713233642614062	0.0651491912366991	0.0742564327752732	0.0534105620971709	0.0434280781273913	0.0522228689801769	0.0517878792040497	0.0626425194847235	0.0468915569557659
OM2_C_4E_2	0.0185240291447336	0.00331681145069897	0.0108136577728807	0.112015415028717	0.105403081001293	0.0474057405183187	0.0560652953189841	0.0726873440527523	0.0888024445901463	0.0649952643906488	0.00219760779395708	0	0.00655301180402097	0.0231581513023065	0.0180088323769232	0.0141531886962405	0.0513364561843987	0.0479573246273982	0.0397719984407477	0.0110569415247623	0.0249386919541371	0.00861403026936367	0.0205585928470034	0.0640785584630012	0.0615377286376024	0.0709520038054697	0.0345611646049285	0.0328208179515657	0.0503345210604759	0.0661087906968137	0.0776657198084218	0.0726923656549025	0.0627909751496187	0.0876607084793409	0.026511683777194	0.0547634775117765	0.0725839497496988	0.066516850605056	0.0755525117760594	0.0546636500218862	0.0446019892723853	0.0534654352607628	0.053075372456299	0.0638458884366676	0.0481460731534522
OM2_C_4E_3	0.0243747228565145	0.00677185998774419	0.0102329691009861	0.105515442393816	0.0988989018561637	0.0536905112610316	0.0625481417995207	0.0787514083962378	0.0952904564805238	0.0708158563092475	0.00809465481446676	0.00655301180402097	0	0.0168845386209662	0.0121433718438023	0.00782439842312563	0.057770875369487	0.0530955218898154	0.0333185369536198	0.0126149023256688	0.0185484588373759	0.0119726888419465	0.0141219838821817	0.0575606132057465	0.0549997045891989	0.0644815990352669	0.0409963913233717	0.0392368212008005	0.0567804104460184	0.0726168944130216	0.0841873112844325	0.0792247915850426	0.0693143438975188	0.0940126397778792	0.0323183826457569	0.0611544521242287	0.0789646359081068	0.0729024835638536	0.08200800775802	0.0611457712472806	0.0510075655109761	0.0599255170096357	0.0594276221859136	0.0702841795027237	0.0543574153058368
OM2_C_4F_1	0.0400428665424203	0.0235934204936778	0.0237302881609681	0.0899943755524612	0.0834403885957224	0.0704820950754334	0.0790639586338387	0.0953028247495352	0.111639198139563	0.0874765643994951	0.0243887090756633	0.0231581513023065	0.0168845386209662	0	0.00586698953637067	0.0102379359958164	0.0744134986815767	0.0694158545768678	0.0170673583532868	0.0226307370490528	0.00464791020908474	0.0249066934246759	0.00912667796768667	0.0420628497784246	0.0393818254499677	0.0500494991415081	0.0576331512270314	0.0559090249146807	0.0733937735160935	0.0889080451424958	0.100341372906756	0.0953052863162819	0.0853036819179143	0.109583636735302	0.0466643929471763	0.0778347687817285	0.0955996111794559	0.089442786150598	0.0985046529449115	0.0776648180710159	0.0677063857422185	0.0765035457805069	0.0760980732566532	0.0868866776987215	0.0710869847914969
OM2_C_4F_2	0.0351756890867272	0.0188760821447476	0.0205986860049904	0.0957613479846699	0.0892177828460658	0.0653376252554236	0.073654967433203	0.0904872497461112	0.106192847757752	0.0828235744241086	0.0192527419948608	0.0180088323769232	0.0121433718438023	0.00586698953637067	0	0.00653344307177509	0.069076205555181	0.0651250565974319	0.0228939105140964	0.0170212151455739	0.00860049077220936	0.0190669318354211	0.0103116228936101	0.0478962199332961	0.045153095786449	0.0558326606553661	0.0523661465030775	0.0506672701619236	0.0680644383342774	0.0833529008105048	0.0947666178424649	0.0897325817392732	0.0796604756227123	0.10384639030218	0.0408326179528833	0.0725801243054029	0.090355606257981	0.0842323015416369	0.0931465902805239	0.0722671731999351	0.0624224455057358	0.0711456386353381	0.0709231251282947	0.0815300573654341	0.0660771928606144
OM2_C_4F_3	0.0321789721521095	0.0140877133360027	0.0154385183323918	0.0984357730978818	0.0918302842692299	0.0610875426253232	0.0699702364826738	0.0863042133893087	0.10270841389613	0.0780582584144472	0.0158213783338225	0.0141531886962405	0.00782439842312563	0.0102379359958164	0.00653344307177509	0	0.0651773618024206	0.0596088321205031	0.0264026758946129	0.0171800500142042	0.010930920660732	0.0172029996174054	0.00792762348424044	0.0505846554740275	0.0478069927442386	0.0576858046460528	0.0485378053772654	0.0467727878450137	0.0642420959251953	0.0798698145996756	0.0914792619466158	0.0865710787586673	0.0765118374972192	0.10064468814654	0.0382895304712053	0.0686182240292005	0.0864384429881098	0.0804900657946607	0.0894816781908189	0.068587989660921	0.0584320588458839	0.0673763485787913	0.0669673012520052	0.0776801486899426	0.0618840470583782
OM2_C_4G_1	0.0367688397744549	0.0514270956085458	0.054786950839235	0.162023871324698	0.155425542393723	0.00668342021679122	0.00551583312146454	0.0261276875771305	0.0380164516749038	0.0224325461426006	0.0501497923698286	0.0513364561843987	0.057770875369487	0.0744134986815767	0.069076205555181	0.0651773618024206	0	0.0255243888219104	0.0909011040358186	0.0549511956862498	0.0760453791528787	0.0514684003017719	0.0709713447411111	0.114625749783642	0.112233717843511	0.120592025703462	0.0169948272687494	0.0187173148415236	0.00174119757537322	0.0166983025787028	0.0281137165480002	0.0238585147920124	0.0165731576447331	0.0421263519257371	0.0345625772107026	0.00431289843324659	0.0216004273043619	0.0165326999306294	0.0245289393105238	0.00436418778914181	0.0068887505541855	0.00275336019663628	0.00545296781189677	0.0125469617010816	0.00913891303393393
OM2_C_4G_3	0.037748067521592	0.0463983162400895	0.046717972658276	0.15087998552054	0.144294594148693	0.0194978143288686	0.0301819929310023	0.034779980644148	0.0563228198950063	0.0224683554932128	0.0473884623193628	0.0479573246273982	0.0530955218898154	0.0694158545768678	0.0651250565974319	0.0596088321205031	0.0255243888219104	0	0.0840904755771052	0.0560628444189064	0.0700062876343512	0.051617917692832	0.0632381440393931	0.105156723073723	0.102940346711566	0.109241695140295	0.0249409922461717	0.0249030191715924	0.0258053274206346	0.0394699732501453	0.0496990355140111	0.0468870392925479	0.0411345016714965	0.0618968296213379	0.0424200480463171	0.0257189917693758	0.0380227429057727	0.0349038935626921	0.0431904642137703	0.0294522014149701	0.0226158705094356	0.0277443850643675	0.0245640766119481	0.0328814142554904	0.0196681256495837
OM2_C_4H_1	0.0559551449084046	0.0397586131433119	0.0379202884536399	0.073125203605093	0.0665812542525581	0.0866854019590437	0.0956403708598635	0.110799537775137	0.128190283600398	0.102726254382496	0.0409562880739567	0.0397719984407477	0.0333185369536198	0.0170673583532868	0.0228939105140964	0.0264026758946129	0.0909011040358186	0.0840904755771052	0	0.0392956673328894	0.0161819509526783	0.0419505301618066	0.0210827646653712	0.0252028402880446	0.0227264230211315	0.0338645790896447	0.0740738430322859	0.0723236720327328	0.0898687191324584	0.105671700527745	0.117100143476223	0.112057405017792	0.10217233119302	0.12648931520738	0.0636511672934265	0.0941810388158814	0.111871096085177	0.105660034974261	0.114948485014187	0.0942268308276165	0.084136947951297	0.0930113657149016	0.0923168937240266	0.103367885918538	0.0870590770788871
OM2_C_4H_3	0.0223123592983877	0.0143068197190395	0.0206080186574703	0.112223424985466	0.105726870431528	0.0521208140508659	0.0590560241294938	0.0773608029068137	0.0910590427942377	0.0710454995581348	0.0106606616841611	0.0110569415247623	0.0126149023256688	0.0226307370490528	0.0170212151455739	0.0171800500142042	0.0549511956862498	0.0560628444189064	0.0392956673328894	0	0.0255133815203661	0.00675709086570794	0.0244217461710594	0.0644407306384872	0.061865284004817	0.0724999977652021	0.038603665704418	0.0371179290801408	0.0538354858954545	0.0683083077461218	0.0793712062749339	0.074188041980908	0.064177958906128	0.0887393201175636	0.026250931395741	0.05859221076154	0.0761158843764261	0.0698380320462189	0.0783917829519886	0.057685302344854	0.0486353272568035	0.0567560796591209	0.0570613340431388	0.0671500440617776	0.0529656423871307
OM2_C_5A_1	0.0425836129423489	0.0249706519587343	0.0249583450398355	0.0881109345296644	0.0815404165570984	0.0719864023363127	0.0807988252579896	0.0970788983057659	0.113469609689636	0.0887826709501349	0.0264573140413248	0.0249386919541371	0.0185484588373759	0.00464791020908474	0.00860049077220936	0.010930920660732	0.0760453791528787	0.0700062876343512	0.0161819509526783	0.0255133815203661	0	0.0267720749430752	0.00837966466876905	0.0403892523061236	0.0374166486574102	0.0480502251143621	0.0594117186256247	0.0576562255994948	0.075106879070691	0.0905886287915726	0.102149256736883	0.0972235343579003	0.0871057042807513	0.110921061788205	0.0481063547948375	0.0794999095351181	0.0973014945078067	0.0913329993342962	0.100305077785403	0.0794201764507964	0.0693190633319902	0.0782288085546111	0.0778465834869927	0.0885308706805914	0.0727580844895818
OM2_C_5A_2	0.0213323599009361	0.0115191697575979	0.0193515238201184	0.114621646902705	0.108087051566116	0.0484883164794108	0.0557671475824041	0.0745493710456269	0.0880726105213889	0.0675236775179457	0.00892052671391562	0.00861403026936367	0.0119726888419465	0.0249066934246759	0.0190669318354211	0.0172029996174054	0.0514684003017719	0.051617917692832	0.0419505301618066	0.00675709086570794	0.0267720749430752	0	0.0249362014896845	0.0668645561835162	0.0640513993878105	0.0745001622296432	0.0353058615303018	0.0337537997923779	0.0505038199365961	0.0649383483483553	0.0762873726604278	0.0712898237711176	0.0610115094683025	0.0849606275228836	0.0218774646294302	0.055240677322988	0.0729230563990683	0.066981939844779	0.0753364925327715	0.0544311733499554	0.0450895928554145	0.0534548965538447	0.0539035878505055	0.0637624535501736	0.0497465675617776
OM2_C_5A_3	0.0374916026676493	0.0196937566198686	0.0177260162572544	0.0918722963290452	0.0852231712087585	0.0664573871938792	0.0759259859409144	0.0909252274108962	0.10869223382494	0.0823086924557688	0.0220634589667441	0.0205585928470034	0.0141219838821817	0.00912667796768667	0.0103116228936101	0.00792762348424044	0.0709713447411111	0.0632381440393931	0.0210827646653712	0.0244217461710594	0.00837966466876905	0.0249362014896845	0	0.0440609518915343	0.0414781510409452	0.0505780125054743	0.0543068773378345	0.052498394415072	0.0700332353015508	0.0861542145160513	0.0978140908406934	0.0929367869481308	0.0830751928627237	0.107459786830635	0.0457760618729143	0.074209538856109	0.0919476856496486	0.0859808610944073	0.0952663436243676	0.0745257803167277	0.0641410305833215	0.0732204039893886	0.0724025973997151	0.0834672893973789	0.0669806393644789
OM2_C_5F_1	0.0798706812163281	0.063585328741053	0.0604052147631837	0.0482139447280347	0.041592112341983	0.109985359481537	0.119539841415463	0.133220232464042	0.15205736406404	0.124588358221354	0.0653224788521413	0.0640785584630012	0.0575606132057465	0.0420628497784246	0.0478962199332961	0.0505846554740275	0.114625749783642	0.105156723073723	0.0252028402880446	0.0644407306384872	0.0403892523061236	0.0668645561835162	0.0440609518915343	0	0.00437293306599912	0.0105176048148864	0.0979142085695384	0.0961247536335235	0.113632161727401	0.129807807255141	0.141315434065862	0.136355232278199	0.126595482987292	0.150789070440598	0.0883806935527375	0.117720278167583	0.135257650502267	0.129134736431828	0.138647593128731	0.118123845624442	0.107806924851002	0.116815555827128	0.115753698913827	0.127043548370895	0.110172450132612
OM2_C_5F_2	0.0778156125812473	0.0610679545000134	0.0582489520772417	0.0508040405333333	0.0442060425972877	0.107663372581202	0.11714510633145	0.131318081119336	0.149722813596678	0.122568374723333	0.0628697538781605	0.0615377286376024	0.0549997045891989	0.0393818254499677	0.045153095786449	0.0478069927442386	0.112233717843511	0.102940346711566	0.0227264230211315	0.061865284004817	0.0374166486574102	0.0640513993878105	0.0414781510409452	0.00437293306599912	0	0.0132712562490302	0.0955654871695944	0.0937727208567981	0.111274402344652	0.127284243878583	0.13883559379125	0.133912937725434	0.124028871395348	0.147902735935041	0.0854170213409424	0.115410608638701	0.133016073018445	0.126976360933014	0.136359267978148	0.115742442890133	0.105425011566838	0.114449973839866	0.113526282207086	0.124671333348007	0.108004344363788
OM2_C_5F_3	0.0864357559628333	0.0700699395366275	0.0660981481233323	0.0422632124083634	0.0355610522866696	0.115609332255945	0.125659095506248	0.138191196198121	0.158118967296579	0.129102690580919	0.072243556868966	0.0709520038054697	0.0644815990352669	0.0500494991415081	0.0558326606553661	0.0576858046460528	0.120592025703462	0.109241695140295	0.0338645790896447	0.0724999977652021	0.0480502251143621	0.0745001622296432	0.0505780125054743	0.0105176048148864	0.0132712562490302	0	0.104077378818393	0.102261165287011	0.119646251498869	0.136137864981429	0.147732675257688	0.142880400517564	0.133262159566382	0.157459951954032	0.0957860032650787	0.123523112911931	0.140891766489952	0.134905253806871	0.144560011977571	0.124247786853557	0.113753086671534	0.122855885239631	0.121499310000498	0.132929963575832	0.115685637614294
OM2_C_5G_1	0.0200920214714199	0.0347154630790844	0.0382045245706935	0.145523994240672	0.138912597649721	0.0136427793721058	0.0217962844163174	0.0394974134298555	0.0545870547555487	0.0334641582825188	0.0332878102078428	0.0345611646049285	0.0409963913233717	0.0576331512270314	0.0523661465030775	0.0485378053772654	0.0169948272687494	0.0249409922461717	0.0740738430322859	0.038603665704418	0.0594117186256247	0.0353058615303018	0.0543068773378345	0.0979142085695384	0.0955654871695944	0.104077378818393	0	0.00185653471302527	0.0158701621635695	0.032622099609077	0.0441429220286119	0.039308354802951	0.0303674991028437	0.0568320973598582	0.0224475319248181	0.020294122091182	0.0381023328580271	0.0320832452675719	0.0411125045664029	0.0203534415788147	0.0103180490470354	0.019045798094134	0.0186756696311476	0.0294643130691666	0.0147218581523666
OM2_C_5G_2	0.0186139510062309	0.0329203321115209	0.0363774933738477	0.143730043799342	0.137115506890577	0.0150664783693943	0.0235916135690916	0.0409685856080164	0.0563961239285452	0.0346015039268188	0.0315683915793905	0.0328208179515657	0.0392368212008005	0.0559090249146807	0.0506672701619236	0.0467727878450137	0.0187173148415236	0.0249030191715924	0.0723236720327328	0.0371179290801408	0.0576562255994948	0.0337537997923779	0.052498394415072	0.0961247536335235	0.0937727208567981	0.102261165287011	0.00185653471302527	0	0.0176332312458086	0.0344038189716337	0.0459598064500355	0.0411425719917133	0.0321389103823677	0.0584712139071068	0.0217040441284428	0.0219914836502205	0.0398209341770854	0.0338270567078085	0.0428994715793957	0.0221549431890871	0.0119584239231621	0.0208249683048293	0.0203394705982368	0.0312106732306262	0.0160837009631733
OM2_C_5G_3	0.0354437564108852	0.0504708703250694	0.0537993089829484	0.161073111906899	0.154475148495503	0.00647364261961379	0.00623217994212037	0.0265153755729705	0.0388741950057267	0.0230586014752778	0.0490966296709641	0.0503345210604759	0.0567804104460184	0.0733937735160935	0.0680644383342774	0.0642420959251953	0.00174119757537322	0.0258053274206346	0.0898687191324584	0.0538354858954545	0.075106879070691	0.0505038199365961	0.0700332353015508	0.113632161727401	0.111274402344652	0.119646251498869	0.0158701621635695	0.0176332312458086	0	0.0176735337491683	0.0289642527625482	0.024513214541225	0.0171817175223709	0.0432997620467953	0.0339039791559284	0.00500620079717854	0.0224758120464521	0.016971516753526	0.0253478124781267	0.00484543748295864	0.00608419943356575	0.00324535118184557	0.00518986740392167	0.0136053762024813	0.00845080204113355
OM2_C_6E_1	0.0518608920121125	0.066549180006769	0.0706327677952514	0.177238005287927	0.170674379401565	0.0230502965531903	0.0115542272652714	0.0264726966212619	0.0237153831632519	0.0286935360748593	0.0649320258613214	0.0661087906968137	0.0726168944130216	0.0889080451424958	0.0833529008105048	0.0798698145996756	0.0166983025787028	0.0394699732501453	0.105671700527745	0.0683083077461218	0.0905886287915726	0.0649383483483553	0.0861542145160513	0.129807807255141	0.127284243878583	0.136137864981429	0.032622099609077	0.0344038189716337	0.0176735337491683	0	0.011967198407241	0.00844966205302329	0.00622121564376743	0.0263825296212469	0.0454058641810165	0.0156491820083375	0.0143037701821446	0.0139609568980058	0.0131811916048762	0.0129701429593131	0.0232640048605172	0.014599173343386	0.018519243931633	0.00838785410400378	0.0247660954199193
OM2_C_6E_2	0.0629182997332163	0.0782052127993518	0.0822519026650753	0.188719386190797	0.182175024642131	0.0342521803134929	0.0227364007559152	0.028795551138552	0.0131811409244002	0.0349123001380109	0.0764186868903408	0.0776657198084218	0.0841873112844325	0.100341372906756	0.0947666178424649	0.0914792619466158	0.0281137165480002	0.0496990355140111	0.117100143476223	0.0793712062749339	0.102149256736883	0.0762873726604278	0.0978140908406934	0.141315434065862	0.13883559379125	0.147732675257688	0.0441429220286119	0.0459598064500355	0.0289642527625482	0.011967198407241	0	0.00562659105168707	0.015499314465831	0.020089803029064	0.0565145392548305	0.0262272252190368	0.0156210914417145	0.0188490003770031	0.0105223379858045	0.024144296692232	0.0348303043254258	0.0257596036019837	0.0287745785967027	0.0171686382385912	0.0352763391631534
OM2_C_6G_1	0.0577158538042781	0.0733161563205729	0.0774052867804416	0.183847086183461	0.177301812811077	0.0302134425706728	0.0183660721806421	0.0277512668520512	0.0177673321730893	0.0333467163776638	0.0713884253109163	0.0726923656549025	0.0792247915850426	0.0953052863162819	0.0897325817392732	0.0865710787586673	0.0238585147920124	0.0468870392925479	0.112057405017792	0.074188041980908	0.0972235343579003	0.0712898237711176	0.0929367869481308	0.136355232278199	0.133912937725434	0.142880400517564	0.039308354802951	0.0411425719917133	0.024513214541225	0.00844966205302329	0.00562659105168707	0	0.0109019392146547	0.0237797033403782	0.0518007196150957	0.0222649043624461	0.0151141980310312	0.0160227619260203	0.01095579489387	0.0196737876951447	0.0303789440883503	0.0213802334168725	0.0246513959599482	0.0141839352821302	0.0311639855850429
OM2_C_6G_3	0.048820696776629	0.0634957123226563	0.0680625615273784	0.174143927962592	0.167596092882035	0.0232347652858085	0.0118654438825785	0.0311327383228167	0.0282287541850543	0.0329117889820263	0.0615805721523714	0.0627909751496187	0.0693143438975188	0.0853036819179143	0.0796604756227123	0.0765118374972192	0.0165731576447331	0.0411345016714965	0.10217233119302	0.064177958906128	0.0871057042807513	0.0610115094683025	0.0830751928627237	0.126595482987292	0.124028871395348	0.133262159566382	0.0303674991028437	0.0321389103823677	0.0171817175223709	0.00622121564376743	0.015499314465831	0.0109019392146547	0	0.0278548678400398	0.0410687351214005	0.0168988993319863	0.0198913698948557	0.0178994086062251	0.0185430570672687	0.0128661408654047	0.0222024316280236	0.0146239246147829	0.0194321960877164	0.0127938343777122	0.0252462407441849
OM2_C_6H_1	0.0756341489207589	0.0883323776905403	0.0934278522252092	0.197785225192427	0.191305138009375	0.0481594581071353	0.0375828459549175	0.0468117528123921	0.0251141824700165	0.0504688291635018	0.0867430514308842	0.0876607084793409	0.0940126397778792	0.109583636735302	0.10384639030218	0.10064468814654	0.0421263519257371	0.0618968296213379	0.12648931520738	0.0887393201175636	0.110921061788205	0.0849606275228836	0.107459786830635	0.150789070440598	0.147902735935041	0.157459951954032	0.0568320973598582	0.0584712139071068	0.0432997620467953	0.0263825296212469	0.020089803029064	0.0237797033403782	0.0278548678400398	0	0.0634881683575636	0.041527691649755	0.0333526162845134	0.0375561843759884	0.0291890430326496	0.0389408638652925	0.0481341319411112	0.0404940544000011	0.044597222811051	0.0332976382853736	0.0505549302079376
OM2_C_6H_3	0.0234957562697981	0.0280762381100333	0.0353545206147117	0.135835474985164	0.12932857982706	0.03361741736073	0.03799649521812	0.0601349273857957	0.068956028856194	0.0542370688085668	0.0259470371104508	0.026511683777194	0.0323183826457569	0.0466643929471763	0.0408326179528833	0.0382895304712053	0.0345625772107026	0.0424200480463171	0.0636511672934265	0.026250931395741	0.0481063547948375	0.0218774646294302	0.0457760618729143	0.0883806935527375	0.0854170213409424	0.0957860032650787	0.0224475319248181	0.0217040441284428	0.0339039791559284	0.0454058641810165	0.0565145392548305	0.0518007196150957	0.0410687351214005	0.0634881683575636	0	0.0387930833261537	0.055485810027486	0.0503539738431597	0.0571113964488895	0.0368947506064021	0.0294879843756254	0.0363182421691089	0.03842584276921	0.0458244405675605	0.0361928358295469
OM2_H_2A_1	0.0396863864434112	0.0547548612500225	0.0577123116855965	0.165017862766983	0.158420071891103	0.00835208280747195	0.00513183935749298	0.0218288921801014	0.0350945471804177	0.0189461073497361	0.0535372072146942	0.0547634775117765	0.0611544521242287	0.0778347687817285	0.0725801243054029	0.0686182240292005	0.00431289843324659	0.0257189917693758	0.0941810388158814	0.05859221076154	0.0794999095351181	0.055240677322988	0.074209538856109	0.117720278167583	0.115410608638701	0.123523112911931	0.020294122091182	0.0219914836502205	0.00500620079717854	0.0156491820083375	0.0262272252190368	0.0222649043624461	0.0168988993319863	0.041527691649755	0.0387930833261537	0	0.0178876396123754	0.0126654083198148	0.0213155295058779	0.0046739932430598	0.0102783198003267	0.00351224319606499	0.00323565386844713	0.00967229721242288	0.00919025310299192
OM2_H_2A_2	0.0570186887902884	0.0725702519075187	0.0752745560032585	0.182327103259514	0.175751218705794	0.0257194078310805	0.0175730633820161	0.0136781924513284	0.0187683279937426	0.0199016613486548	0.0713233642614062	0.0725839497496988	0.0789646359081068	0.0955996111794559	0.090355606257981	0.0864384429881098	0.0216004273043619	0.0380227429057727	0.111871096085177	0.0761158843764261	0.0973014945078067	0.0729230563990683	0.0919476856496486	0.135257650502267	0.133016073018445	0.140891766489952	0.0381023328580271	0.0398209341770854	0.0224758120464521	0.0143037701821446	0.0156210914417145	0.0151141980310312	0.0198913698948557	0.0333526162845134	0.055485810027486	0.0178876396123754	0	0.00744249600152052	0.00574838216160632	0.0187738797828946	0.028145977188939	0.0195539855347852	0.0197053081293575	0.009776171394272	0.0254773719136937
OM2_H_2A_3	0.0503606966395256	0.0665964291206741	0.0692233963242887	0.176331919971559	0.169754287254779	0.0205684596851837	0.0127718297428283	0.0134407623758337	0.024408575800442	0.0187353124182098	0.0651491912366991	0.066516850605056	0.0729024835638536	0.089442786150598	0.0842323015416369	0.0804900657946607	0.0165326999306294	0.0349038935626921	0.105660034974261	0.0698380320462189	0.0913329993342962	0.066981939844779	0.0859808610944073	0.129134736431828	0.126976360933014	0.134905253806871	0.0320832452675719	0.0338270567078085	0.016971516753526	0.0139609568980058	0.0188490003770031	0.0160227619260203	0.0178994086062251	0.0375561843759884	0.0503539738431597	0.0126654083198148	0.00744249600152052	0	0.0107328675003836	0.0136348979957647	0.0226746072627924	0.0142737654910419	0.013792374340102	0.00767996887659512	0.0196905464966608
OM2_H_2B_1	0.0599540025515213	0.0757491375483002	0.0788616035802722	0.185870163521977	0.179303385348593	0.0295373553358255	0.0196969820947856	0.0183512962301124	0.0139440245165524	0.0256459497295637	0.0742564327752732	0.0755525117760594	0.08200800775802	0.0985046529449115	0.0931465902805239	0.0894816781908189	0.0245289393105238	0.0431904642137703	0.114948485014187	0.0783917829519886	0.100305077785403	0.0753364925327715	0.0952663436243676	0.138647593128731	0.136359267978148	0.144560011977571	0.0411125045664029	0.0428994715793957	0.0253478124781267	0.0131811916048762	0.0105223379858045	0.01095579489387	0.0185430570672687	0.0291890430326496	0.0571113964488895	0.0213155295058779	0.00574838216160632	0.0107328675003836	0	0.021024676687122	0.0313084336780618	0.022193958067555	0.023359834262848	0.0122353031302136	0.0295772157070371
OM2_H_2B_3	0.0397229035153177	0.0549199120958483	0.0584495548258659	0.165589996003831	0.159001214760353	0.0108447524684267	0.00149521024690107	0.0248686346031712	0.0343091300588958	0.0233652870515735	0.0534105620971709	0.0546636500218862	0.0611457712472806	0.0776648180710159	0.0722671731999351	0.068587989660921	0.00436418778914181	0.0294522014149701	0.0942268308276165	0.057685302344854	0.0794201764507964	0.0544311733499554	0.0745257803167277	0.118123845624442	0.115742442890133	0.124247786853557	0.0203534415788147	0.0221549431890871	0.00484543748295864	0.0129701429593131	0.024144296692232	0.0196737876951447	0.0128661408654047	0.0389408638652925	0.0368947506064021	0.0046739932430598	0.0187738797828946	0.0136348979957647	0.021024676687122	0	0.0108087258807581	0.00181568549518114	0.00679001147995704	0.00954256445778349	0.0123929056126889
OM2_H_2C_1	0.0302609776337486	0.0446183139633786	0.0479095009403549	0.155237103967008	0.148629888499915	0.00463827481565162	0.0121634977523091	0.0308285234248248	0.0448660202060426	0.0253462595785299	0.0434280781273913	0.0446019892723853	0.0510075655109761	0.0677063857422185	0.0624224455057358	0.0584320588458839	0.0068887505541855	0.0226158705094356	0.084136947951297	0.0486353272568035	0.0693190633319902	0.0450895928554145	0.0641410305833215	0.107806924851002	0.105425011566838	0.113753086671534	0.0103180490470354	0.0119584239231621	0.00608419943356575	0.0232640048605172	0.0348303043254258	0.0303789440883503	0.0222024316280236	0.0481341319411112	0.0294879843756254	0.0102783198003267	0.028145977188939	0.0226746072627924	0.0313084336780618	0.0108087258807581	0	0.00928047208935323	0.00933273175075556	0.0193879274405646	0.0076332110600749
OM2_H_2C_2	0.0385219354242132	0.0536442166741303	0.0570310835047614	0.16424944914253	0.157656229021231	0.00904882817782193	0.00307070552008008	0.0247508306265455	0.035654253936861	0.0224540348221107	0.0522228689801769	0.0534654352607628	0.0599255170096357	0.0765035457805069	0.0711456386353381	0.0673763485787913	0.00275336019663628	0.0277443850643675	0.0930113657149016	0.0567560796591209	0.0782288085546111	0.0534548965538447	0.0732204039893886	0.116815555827128	0.114449973839866	0.122855885239631	0.019045798094134	0.0208249683048293	0.00324535118184557	0.014599173343386	0.0257596036019837	0.0213802334168725	0.0146239246147829	0.0404940544000011	0.0363182421691089	0.00351224319606499	0.0195539855347852	0.0142737654910419	0.022193958067555	0.00181568549518114	0.00928047208935323	0	0.00534055149630215	0.0104999891456779	0.0106385151018539
OM2_H_2F_1	0.037526736754161	0.053024354269964	0.0556876497173472	0.163033410406276	0.156434145878556	0.00711077551775846	0.00765441136378466	0.021747264388036	0.0372453455795281	0.0185531066350856	0.0517878792040497	0.053075372456299	0.0594276221859136	0.0760980732566532	0.0709231251282947	0.0669673012520052	0.00545296781189677	0.0245640766119481	0.0923168937240266	0.0570613340431388	0.0778465834869927	0.0539035878505055	0.0724025973997151	0.115753698913827	0.113526282207086	0.121499310000498	0.0186756696311476	0.0203394705982368	0.00518986740392167	0.018519243931633	0.0287745785967027	0.0246513959599482	0.0194321960877164	0.044597222811051	0.03842584276921	0.00323565386844713	0.0197053081293575	0.013792374340102	0.023359834262848	0.00679001147995704	0.00933273175075556	0.00534055149630215	0	0.012353348602644	0.00654561232845866
OM2_H_2F_2	0.0489266676311582	0.0639511149916604	0.067193816464362	0.174318086037284	0.167733599542847	0.0177293673685029	0.00819551922319204	0.0192695109318875	0.0256911571310183	0.0204436190929429	0.0626425194847235	0.0638458884366676	0.0702841795027237	0.0868866776987215	0.0815300573654341	0.0776801486899426	0.0125469617010816	0.0328814142554904	0.103367885918538	0.0671500440617776	0.0885308706805914	0.0637624535501736	0.0834672893973789	0.127043548370895	0.124671333348007	0.132929963575832	0.0294643130691666	0.0312106732306262	0.0136053762024813	0.00838785410400378	0.0171686382385912	0.0141839352821302	0.0127938343777122	0.0332976382853736	0.0458244405675605	0.00967229721242288	0.009776171394272	0.00767996887659512	0.0122353031302136	0.00954256445778349	0.0193879274405646	0.0104999891456779	0.012353348602644	0	0.0186018018388923
OM2_H_2F_3	0.0327624136394447	0.0478481478870367	0.0499910743203281	0.157326531700603	0.150718621468041	0.00451434558296334	0.0135330583905661	0.0250366666804617	0.0435062303025899	0.0191413854668015	0.0468915569557659	0.0481460731534522	0.0543574153058368	0.0710869847914969	0.0660771928606144	0.0618840470583782	0.00913891303393393	0.0196681256495837	0.0870590770788871	0.0529656423871307	0.0727580844895818	0.0497465675617776	0.0669806393644789	0.110172450132612	0.108004344363788	0.115685637614294	0.0147218581523666	0.0160837009631733	0.00845080204113355	0.0247660954199193	0.0352763391631534	0.0311639855850429	0.0252462407441849	0.0505549302079376	0.0361928358295469	0.00919025310299192	0.0254773719136937	0.0196905464966608	0.0295772157070371	0.0123929056126889	0.0076332110600749	0.0106385151018539	0.00654561232845866	0.0186018018388923	0
