	OM2_B_B_1	OM2_B_B_3	OM2_C_4A_2	OM2_C_4A_3	OM2_C_4B_2	OM2_C_4B_3	OM2_C_4C_1	OM2_C_4C_2	OM2_C_4E_2	OM2_C_4E_3	OM2_C_4F_1	OM2_C_4F_2	OM2_C_4G_1	OM2_C_4G_2	OM2_C_4G_3	OM2_C_4H_1	OM2_C_4H_2	OM2_C_4H_3	OM2_C_5A_1	OM2_C_5A_2	OM2_C_5A_3	OM2_C_5F_1	OM2_C_5G_2	OM2_C_5G_3	OM2_C_6E_1	OM2_C_6E_2	OM2_C_6G_1	OM2_C_6G_2	OM2_C_6G_3	OM2_C_6H_1	OM2_C_6H_2	OM2_C_6H_3	OM2_H_2A_1	OM2_H_2A_2	OM2_H_2B_2	OM2_H_2B_3	OM2_H_2C_1	OM2_H_2F_1	OM2_H_2F_2	OM2_H_2F_3
OM2_B_B_1	0	0.0039973791707357	0.00274216601879763	0.0101797353103278	0.00548126397435529	0.0143767556699382	0.00447475364697102	0.000320925808541459	0.00345951340643589	0.0159388138073638	0.0058500158261948	0.00132250472228522	0.000946287118118081	0.0103565487061619	0.0233835879033224	0.0020050881631929	0.00744924869698317	0.0129398923246922	0.00162591606597464	0.00675964844265597	0.000221858474847654	0.00931968351486654	0.00281881748457745	0.010492693890029	0.00499847715155899	0.00186248385237042	0.00777259584396353	0.014478536447633	0.0100317293851826	0.00239509799550225	0.00747009424690743	0.00718037698652132	0.00341202889749673	0.00335688736909049	0.0122686448554485	0.00220231830045706	0.00511639203739138	0.0105544872609971	0.00710078096842282	0.00151845467592079
OM2_B_B_3	0.0039973791707357	0	0.00125521792817922	0.00618244353534547	0.00947857109805753	0.0103795838190458	0.0084720802423256	0.00367645499902646	0.000537868346490863	0.0119416991233237	0.00185265169898779	0.00267487935668238	0.00305109605835017	0.00635926099385625	0.0193868392911537	0.00199229655041557	0.0114465096394439	0.00894267389446295	0.00562328255425061	0.00276229519182848	0.00377552185804758	0.0133168906217084	0.00117856629613722	0.00649540936524447	0.00899579396543704	0.00585984788444631	0.0117698481724994	0.010481368114437	0.00603443427634488	0.00639245592980268	0.00347275109010633	0.0111776448711988	0.00740937300511276	0.000640494785344324	0.0162657474051423	0.00619967853265556	0.00911370654417276	0.0145516535176911	0.0031034323893533	0.00551582222868338
OM2_C_4A_2	0.00274216601879763	0.00125521792817922	0	0.00743764140662929	0.00822338711799028	0.0116347490455362	0.00721688894564386	0.00242124094958749	0.000717349749870099	0.0131968482638922	0.00310786711700646	0.00141966308328247	0.00179588051785781	0.00761445780062764	0.0206418823645381	0.000737079262216373	0.0101913425113414	0.010197852031483	0.00436807532736306	0.00401750828132855	0.00252030807611435	0.0120617426322067	7.66516706563484e-05	0.00775060533371608	0.00774060636585915	0.0046046417114443	0.0105146841354192	0.0117365323578674	0.00728963301769478	0.00513725230789473	0.00472796185877249	0.0099224752420476	0.00615417493983999	0.000614723314460394	0.0150106357683311	0.00494447395886833	0.00785851980990191	0.0132965198299021	0.00435864441942278	0.00426061453912228
OM2_C_4A_3	0.0101797353103278	0.00618244353534547	0.00743764140662929	0	0.0156606959986481	0.00419723401921768	0.0146542572547431	0.00985882068630611	0.00672030411563806	0.00575940360210042	0.00432980907611519	0.00885727200050256	0.00923347908128844	0.000176819876862995	0.0132049473363161	0.00817470509927131	0.0176285201126998	0.0027602834590283	0.0118055835349176	0.00342016865006785	0.00995788464518326	0.0194987769697198	0.00736099119326063	0.000312970201458481	0.0151779444037358	0.0120421398950534	0.0179518382586633	0.00429902153068128	0.000148011179856095	0.0125747268669631	0.00270971267331302	0.0173596719559647	0.0135916003294584	0.00682292893147732	0.0224474076402292	0.0123819572377598	0.0152958508373347	0.0207334497156745	0.00307903168567934	0.0116981272047589
OM2_C_4B_2	0.00548126397435529	0.00947857109805753	0.00822338711799028	0.0156606959986481	0	0.0198574763264426	0.0010065188873435	0.0058021862430425	0.0089407185683298	0.021419427953044	0.0113311537378008	0.00680375158989344	0.00642753952929284	0.0158375006384902	0.0288635661560744	0.00748632359833211	0.00196801258154995	0.0184207027257057	0.00385535982377145	0.0122407550485928	0.00570312004373733	0.00383848751630714	0.00830003697428395	0.0159736389990499	0.000482791409104582	0.00361879293338784	0.00229136571338829	0.0199592504480172	0.0155126973112588	0.00308618002873003	0.0129511742100638	0.00169913619705958	0.00206924849611121	0.00883809493108842	0.00678753910076686	0.00327895940004041	0.000364875485007093	0.00507332502957286	0.0125818750213863	0.00396282073651408
OM2_C_4B_3	0.0143767556699382	0.0103795838190458	0.0116347490455362	0.00419723401921768	0.0198574763264426	0	0.0188510882060124	0.0140558523916118	0.0109174309729841	0.00156218274999814	0.00852698915107889	0.0130543371868479	0.0134305320337749	0.00402041518211421	0.00900788762939614	0.0123717914297255	0.0218251929550153	0.00143695636195466	0.0160025418081378	0.00761736459849997	0.0141549128801408	0.0236953372287925	0.0115581009572706	0.00388426559522194	0.0193747493811716	0.0162390884939363	0.0221484923647145	0.000101788151682103	0.00434524425850367	0.0167716530890518	0.00690691934024643	0.0215563601467588	0.017788481535982	0.0110200531312762	0.0266437697698558	0.0165788916543899	0.0194926498569	0.0249299300846772	0.00727623296461034	0.0158950898188078
OM2_C_4C_1	0.00447475364697102	0.0084720802423256	0.00721688894564386	0.0146542572547431	0.0010065188873435	0.0188510882060124	0	0.00479567706684312	0.00793422444258094	0.0204130618265216	0.0103246756931921	0.00579724646896957	0.0054210328029443	0.0148310637783185	0.027857328394684	0.00647982164260071	0.00297452942650299	0.0174142958847758	0.00284884476928511	0.0112342841725215	0.00469661050449901	0.00484499991541204	0.00729353921717252	0.0149672036042593	0.000523727566364731	0.00261227734490377	0.00329788196429479	0.0189528637085536	0.0145062570073604	0.00207966338103747	0.0119447093352875	0.00270565348042269	0.00106273037609684	0.00783160020437865	0.00779403953281108	0.00227244311289131	0.000641643484156115	0.00607983315610778	0.0115754069828767	0.00295630593748019
OM2_C_4C_2	0.000320925808541459	0.00367645499902646	0.00242124094958749	0.00985882068630611	0.0058021862430425	0.0140558523916118	0.00479567706684312	0	0.00313858880714353	0.0156179157577158	0.00552909362082052	0.00100157906121743	0.000625361375522393	0.0100356344806936	0.0230627222872251	0.0016841627306562	0.00777016806369067	0.0126189847188189	0.00194684152216081	0.00643872748292779	9.90673356846016e-05	0.00964059932503023	0.00249789246013628	0.0101717799762082	0.00531940000055832	0.00218340920818147	0.00809351465149055	0.014157633493377	0.00971081443293242	0.00271602307985098	0.007149174388468	0.00750129680054915	0.00373295328823817	0.00303596269557603	0.0125895534780895	0.00252324349036533	0.00543731474947326	0.010875400296881	0.00677986052345745	0.00183938017363223
OM2_C_4E_2	0.00345951340643589	0.000537868346490863	0.000717349749870099	0.00672030411563806	0.0089407185683298	0.0109174309729841	0.00793422444258094	0.00313858880714353	0	0.0124795395935106	0.00239051921812764	0.00213701207764464	0.00251322914375894	0.00689712114166957	0.0199246353071803	0.00145442874504294	0.0109086645944373	0.00948052638820529	0.0050854195467066	0.00330016183503568	0.00323765579408881	0.0127790540281407	0.000640698090545855	0.00703326917208786	0.00845793982006143	0.0053219853601954	0.0112320044953011	0.0110192148607482	0.0065722952096256	0.00585459457006315	0.00401061683399169	0.0106397987184678	0.00687151416263543	0.000102626450858928	0.0157279267836425	0.00566181673919356	0.00857585278538411	0.0140138232177925	0.00364129862427833	0.00497795900848246
OM2_C_4E_3	0.0159388138073638	0.0119416991233237	0.0131968482638922	0.00575940360210042	0.021419427953044	0.00156218274999814	0.0204130618265216	0.0156179157577158	0.0124795395935106	0	0.010089125075246	0.0146164161539177	0.0149926052681502	0.00558258570653681	0.00744574150303476	0.0139338804063401	0.0233870984146245	0.00299913676338921	0.0175645717419558	0.00917950928360589	0.0157169746440919	0.0252571949317624	0.0131202012069058	0.00544643682144941	0.0209367116941231	0.0178011140857452	0.0237103898386655	0.00146039467935138	0.00590741302711683	0.0183336686835317	0.0084690702430443	0.0231182721606497	0.0193504771900117	0.0125821604408959	0.028205544505971	0.0181409109028439	0.0210546095830943	0.0264917541898389	0.00883838070365581	0.0174571217049881
OM2_C_4F_1	0.0058500158261948	0.00185265169898779	0.00310786711700646	0.00432980907611519	0.0113311537378008	0.00852698915107889	0.0103246756931921	0.00552909362082052	0.00239051921812764	0.010089125075246	0	0.00452752326386019	0.00490373813145044	0.00450662775224852	0.0175344069215465	0.00384494332055752	0.0132990634728295	0.0070900630435108	0.00747590721333522	0.00090964511041915	0.00562815988699524	0.015169412469487	0.0030312156963228	0.00464277708865829	0.0108483829125273	0.00771247051498708	0.0136223967974086	0.00862877469395806	0.00418179882887171	0.0082450737300792	0.0016201030133031	0.0130302029333695	0.0092619805707393	0.00249314545672622	0.0181182097065894	0.00805229812332757	0.0109662939783875	0.0164041517896235	0.00125078318931661	0.0073684477854702
OM2_C_4F_2	0.00132250472228522	0.00267487935668238	0.00141966308328247	0.00885727200050256	0.00680375158989344	0.0130543371868479	0.00579724646896957	0.00100157906121743	0.00213701207764464	0.0146164161539177	0.00452752326386019	0	0.000376217767385187	0.00903408695746916	0.0220613204895423	0.000682584069008012	0.00877172344944339	0.0116174566680422	0.00294841858867676	0.0054371605954759	0.00110064635961213	0.0106421427517316	0.00149631469827647	0.00917023336301911	0.00632096738037898	0.00318498585290439	0.00909506814343651	0.0131561192532299	0.00870926479070398	0.00371759863256003	0.00614761061147407	0.00850285370575469	0.00473452620864695	0.00203438578149678	0.0135910731185885	0.00352481946105646	0.00643888164766066	0.0118769344980842	0.00577829508567057	0.0028409574188675
OM2_C_4G_1	0.000946287118118081	0.00305109605835017	0.00179588051785781	0.00923347908128844	0.00642753952929284	0.0134305320337749	0.0054210328029443	0.000625361375522393	0.00251322914375894	0.0149926052681502	0.00490373813145044	0.000376217767385187	0	0.00941029361598322	0.0224374734722032	0.00105880174218814	0.00839551529110544	0.0119936562230283	0.00257220181114323	0.00581337423408484	0.000724428696179885	0.0102659392381547	0.00187253209988638	0.00954643969081484	0.00594475451673971	0.00280876925312675	0.00871886072285107	0.013532313746127	0.00908547221865993	0.00334138248645715	0.00652382313971896	0.00812664495472319	0.00435831113431627	0.00241060290859271	0.0132148787802993	0.00314860314221265	0.00606266897455169	0.0115007345505826	0.00615450820760069	0.00246474056543344
OM2_C_4G_2	0.0103565487061619	0.00635926099385625	0.00761445780062764	0.000176819876862995	0.0158375006384902	0.00402041518211421	0.0148310637783185	0.0100356344806936	0.00689712114166957	0.00558258570653681	0.00450662775224852	0.00903408695746916	0.00941029361598322	0	0.0130281380726497	0.00835152077803711	0.0178053207109986	0.00258346402164783	0.0119823947175263	0.00359698776967088	0.0101346983178847	0.0196755732874399	0.00753780765779957	0.000136150327120062	0.0153547499626131	0.0122189507286467	0.0181286381475736	0.00412220274573544	0.000324831053074586	0.0127515368896492	0.00288653206854003	0.0175364731343868	0.0137684087073084	0.00699974587096459	0.0226241963397027	0.0125587675579624	0.0154726561743839	0.0209102429729022	0.00325585094535961	0.011874938543654
OM2_C_4G_3	0.0233835879033224	0.0193868392911537	0.0206418823645381	0.0132049473363161	0.0288635661560744	0.00900788762939614	0.027857328394684	0.0230627222872251	0.0199246353071803	0.00744574150303476	0.0175344069215465	0.0220613204895423	0.0224374734722032	0.0130281380726497	0	0.0213788484321769	0.0308309705698326	0.0104447967628653	0.0250091733591253	0.0166248541990081	0.0231617712182784	0.0327007957634132	0.0205652420179334	0.0128919957236993	0.0283809121200146	0.0252456894721029	0.0311542163756185	0.00890610233120229	0.0133529494112293	0.0257781839577863	0.0159144614405274	0.0305621818391659	0.0267948736322424	0.0200272475028869	0.0356486810373372	0.0255854481034474	0.0284987949225186	0.0339351660459249	0.0162837481680502	0.0249017351423061
OM2_C_4H_1	0.0020050881631929	0.00199229655041557	0.000737079262216373	0.00817470509927131	0.00748632359833211	0.0123717914297255	0.00647982164260071	0.0016841627306562	0.00145442874504294	0.0139338804063401	0.00384494332055752	0.000682584069008012	0.00105880174218814	0.00835152077803711	0.0213788484321769	0	0.00945428788438263	0.0109349027291087	0.00363100012210824	0.00475458265381156	0.00178322996370768	0.0113246982905927	0.000813730917663165	0.00848766774949022	0.00700354096683793	0.00386756700447852	0.00977763115877782	0.0124735741129215	0.00802669729669631	0.00440017882744236	0.00546503450622404	0.00918541928345745	0.0054171042039168	0.00135180236403838	0.014273611271251	0.00420740001772721	0.00712145485890328	0.0125594832573491	0.00509571799590052	0.0035235391170098
OM2_C_4H_2	0.00744924869698317	0.0114465096394439	0.0101913425113414	0.0176285201126998	0.00196801258154995	0.0218251929550153	0.00297452942650299	0.00777016806369067	0.0109086645944373	0.0233870984146245	0.0132990634728295	0.00877172344944339	0.00839551529110544	0.0178053207109986	0.0308309705698326	0.00945428788438263	0	0.0203884588682047	0.00582335708803596	0.0142086489227125	0.00767110277521081	0.00187047983213544	0.0102679914002427	0.0179414559304358	0.00245080318354005	0.00558679172171423	0.000323353637123943	0.021926964170308	0.0174805247754819	0.00505418196876514	0.0149190549095974	0.000268876696014423	0.00403725537845509	0.0108060423403972	0.00481954883190699	0.00524696024402847	0.00233288748576598	0.00310532319390538	0.0145497626556309	0.00593081728324413
OM2_C_4H_3	0.0129398923246922	0.00894267389446295	0.010197852031483	0.0027602834590283	0.0184207027257057	0.00143695636195466	0.0174142958847758	0.0126189847188189	0.00948052638820529	0.00299913676338921	0.0070900630435108	0.0116174566680422	0.0119936562230283	0.00258346402164783	0.0104447967628653	0.0109349027291087	0.0203884588682047	0	0.0145657019641194	0.00618043179938638	0.0127180465322804	0.0222586442656139	0.0101212031097654	0.00244731399389883	0.017937966675133	0.0148022522886824	0.0207117651384714	0.00153874443509698	0.00290829422481254	0.0153348252800966	0.00546998188964333	0.0201196204343454	0.016351670542468	0.00958314959813686	0.0252071487032133	0.0151420607737882	0.0180558693533262	0.0234932661750886	0.00583929786907549	0.0144582483402832
OM2_C_5A_1	0.00162591606597464	0.00562328255425061	0.00436807532736306	0.0118055835349176	0.00385535982377145	0.0160025418081378	0.00284884476928511	0.00194684152216081	0.0050854195467066	0.0175645717419558	0.00747590721333522	0.00294841858867676	0.00257220181114323	0.0119823947175263	0.0250091733591253	0.00363100012210824	0.00582335708803596	0.0145657019641194	0	0.00838553252028083	0.00184777430953149	0.00769380787124534	0.00444472648232534	0.0121185381731252	0.0033725705910322	0.000236568035021611	0.00614670671313866	0.0161043208323852	0.0116575794352023	0.000769182968544987	0.00909597196521445	0.00555448340667141	0.00178611626818156	0.00498279399823617	0.0106428023895351	0.000576402950415084	0.00349048604120643	0.0089286243173605	0.00872666206370937	0.000107461481694457
OM2_C_5A_2	0.00675964844265597	0.00276229519182848	0.00401750828132855	0.00342016865006785	0.0122407550485928	0.00761736459849997	0.0112342841725215	0.00643872748292779	0.00330016183503568	0.00917950928360589	0.00090964511041915	0.0054371605954759	0.00581337423408484	0.00359698776967088	0.0166248541990081	0.00475458265381156	0.0142086489227125	0.00618043179938638	0.00838553252028083	0	0.00653779337150988	0.0160789805829694	0.00394085703135368	0.0037331374610521	0.0117579877415004	0.00862209461942892	0.0145319794078662	0.00771915066506268	0.00327215804681818	0.00915469499797318	0.000710458266857607	0.0139397906941476	0.0101715959258646	0.00340278788575292	0.019027746011548	0.00896192043856841	0.0118758979616463	0.0173137072505563	0.000341138213726158	0.00827807362698939
OM2_C_5A_3	0.000221858474847654	0.00377552185804758	0.00252030807611435	0.00995788464518326	0.00570312004373733	0.0141549128801408	0.00469661050449901	9.90673356846016e-05	0.00323765579408881	0.0157169746440919	0.00562815988699524	0.00110064635961213	0.000724428696179885	0.0101346983178847	0.0231617712182784	0.00178322996370768	0.00767110277521081	0.0127180465322804	0.00184777430953149	0.00653779337150988	0	0.00954153514868242	0.00259695957341164	0.0102708437182311	0.00522033361843545	0.00208434202834003	0.00799444953807736	0.0142566938826406	0.00980987849199744	0.00261695598785335	0.00724823994250566	0.00740223137192486	0.00363388641808135	0.0031350297046029	0.0124904915429518	0.00242417636431025	0.00533824841050583	0.0107763369863459	0.00687892625573327	0.0017403129472986
OM2_C_5F_1	0.00931968351486654	0.0133168906217084	0.0120617426322067	0.0194987769697198	0.00383848751630714	0.0236953372287925	0.00484499991541204	0.00964059932503023	0.0127790540281407	0.0252571949317624	0.015169412469487	0.0106421427517316	0.0102659392381547	0.0196755732874399	0.0327007957634132	0.0113246982905927	0.00187047983213544	0.0222586442656139	0.00769380787124534	0.0160789805829694	0.00954153514868242	0	0.0121383904110176	0.0198117051831591	0.00432127614970478	0.00745724454205329	0.00154712651920064	0.0237971054291363	0.0193507851844132	0.00692463910986072	0.0167893722820676	0.00213935615540033	0.00590771974732018	0.0126764333439877	0.00294907821363917	0.00711741586372584	0.00420336096065205	0.00123484584758623	0.0164200875372156	0.00780126711710146
OM2_C_5G_2	0.00281881748457745	0.00117856629613722	7.66516706563484e-05	0.00736099119326063	0.00830003697428395	0.0115581009572706	0.00729353921717252	0.00249789246013628	0.000640698090545855	0.0131202012069058	0.0030312156963228	0.00149631469827647	0.00187253209988638	0.00753780765779957	0.0205652420179334	0.000813730917663165	0.0102679914002427	0.0101212031097654	0.00444472648232534	0.00394085703135368	0.00259695957341164	0.0121383904110176	0	0.0076739552463698	0.00781725642804725	0.00468129280949099	0.0105913328457091	0.0116598843328283	0.00721298274653852	0.00521390326686007	0.00465131077282159	0.00999912427526078	0.00623082559138071	0.000538071651829161	0.0150872814196302	0.00502112496990769	0.00793516982294888	0.0133731667740623	0.00428199324487165	0.00433726571899807
OM2_C_5G_3	0.010492693890029	0.00649540936524447	0.00775060533371608	0.000312970201458481	0.0159736389990499	0.00388426559522194	0.0149672036042593	0.0101717799762082	0.00703326917208786	0.00544643682144941	0.00464277708865829	0.00917023336301911	0.00954643969081484	0.000136150327120062	0.0128919957236993	0.00848766774949022	0.0179414559304358	0.00244731399389883	0.0121185381731252	0.0037331374610521	0.0102708437182311	0.0198117051831591	0.0076739552463698	0	0.0154908890379946	0.0123550939119911	0.0182647728160081	0.00398605319752976	0.000460981373513133	0.0128876794407023	0.00302268198269327	0.017672608804514	0.0139045499767877	0.00713589383322626	0.0227603223257742	0.0126949103409667	0.0156087950772022	0.0210463724937795	0.00339200074970549	0.0120110821211892
OM2_C_6E_1	0.00499847715155899	0.00899579396543704	0.00774060636585915	0.0151779444037358	0.000482791409104582	0.0193747493811716	0.000523727566364731	0.00531940000055832	0.00845793982006143	0.0209367116941231	0.0108483829125273	0.00632096738037898	0.00594475451673971	0.0153547499626131	0.0283809121200146	0.00700354096683793	0.00245080318354005	0.017937966675133	0.0033725705910322	0.0117579877415004	0.00522033361843545	0.00432127614970478	0.00781725642804725	0.0154908890379946	0	0.00313600342378948	0.00277415605876729	0.0194765241740562	0.0150299449551087	0.00260338996439442	0.0124684098438124	0.00218192698575404	0.00158645763643239	0.00835531588557055	0.00727032225244455	0.00279616952551803	0.000117915931626383	0.00555611172181064	0.0120991091052495	0.00348003163577006
OM2_C_6E_2	0.00186248385237042	0.00585984788444631	0.0046046417114443	0.0120421398950534	0.00361879293338784	0.0162390884939363	0.00261227734490377	0.00218340920818147	0.0053219853601954	0.0178011140857452	0.00771247051498708	0.00318498585290439	0.00280876925312675	0.0122189507286467	0.0252456894721029	0.00386756700447852	0.00558679172171423	0.0148022522886824	0.000236568035021611	0.00862209461942892	0.00208434202834003	0.00745724454205329	0.00468129280949099	0.0123550939119911	0.00313600342378948	0	0.00591014165797839	0.0163408672475287	0.0118941360835515	0.000532614967205087	0.00933253303055776	0.00531791779468166	0.00154954846036439	0.00521935989854014	0.0104062434371634	0.000339834931448648	0.00325391893808042	0.00869206264735267	0.00896322367682642	0.000344029513885108
OM2_C_6G_1	0.00777259584396353	0.0117698481724994	0.0105146841354192	0.0179518382586633	0.00229136571338829	0.0221484923647145	0.00329788196429479	0.00809351465149055	0.0112320044953011	0.0237103898386655	0.0136223967974086	0.00909506814343651	0.00871886072285107	0.0181286381475736	0.0311542163756185	0.00977763115877782	0.000323353637123943	0.0207117651384714	0.00614670671313866	0.0145319794078662	0.00799444953807736	0.00154712651920064	0.0105913328457091	0.0182647728160081	0.00277415605876729	0.00591014165797839	0	0.0222502630764126	0.0178038435098503	0.0053775325596347	0.015242383047844	0.000592230315667653	0.00436060704253214	0.0111293824948756	0.00449619762310291	0.00557031060531259	0.00265624042854218	0.00278197052478633	0.0148730920280334	0.00625416676288195
OM2_C_6G_2	0.014478536447633	0.010481368114437	0.0117365323578674	0.00429902153068128	0.0199592504480172	0.000101788151682103	0.0189528637085536	0.014157633493377	0.0110192148607482	0.00146039467935138	0.00862877469395806	0.0131561192532299	0.013532313746127	0.00412220274573544	0.00890610233120229	0.0124735741129215	0.021926964170308	0.00153874443509698	0.0161043208323852	0.00771915066506268	0.0142566938826406	0.0237971054291363	0.0116598843328283	0.00398605319752976	0.0194765241740562	0.0163408672475287	0.0222502630764126	0	0.0044470317245743	0.0168734312188284	0.00700870577509118	0.0216581317752041	0.0178902584191515	0.0111218369389557	0.0267455327167385	0.0166806700122651	0.0195944244873394	0.0250316961597215	0.00737801921246597	0.0159968689647075
OM2_C_6G_3	0.0100317293851826	0.00603443427634488	0.00728963301769478	0.000148011179856095	0.0155126973112588	0.00434524425850367	0.0145062570073604	0.00971081443293242	0.0065722952096256	0.00590741302711683	0.00418179882887171	0.00870926479070398	0.00908547221865993	0.000324831053074586	0.0133529494112293	0.00802669729669631	0.0174805247754819	0.00290829422481254	0.0116575794352023	0.00327215804681818	0.00980987849199744	0.0193507851844132	0.00721298274653852	0.000460981373513133	0.0150299449551087	0.0118941360835515	0.0178038435098503	0.0044470317245743	0	0.0124267237253432	0.00256170185122604	0.0172116761376271	0.0134435985476723	0.00667492009621421	0.0222994221826898	0.0122339538503171	0.0151478515724246	0.0205854604715901	0.00293102097086999	0.011550122976033
OM2_C_6H_1	0.00239509799550225	0.00639245592980268	0.00513725230789473	0.0125747268669631	0.00308618002873003	0.0167716530890518	0.00207966338103747	0.00271602307985098	0.00585459457006315	0.0183336686835317	0.0082450737300792	0.00371759863256003	0.00334138248645715	0.0127515368896492	0.0257781839577863	0.00440017882744236	0.00505418196876514	0.0153348252800966	0.000769182968544987	0.00915469499797318	0.00261695598785335	0.00692463910986072	0.00521390326686007	0.0128876794407023	0.00260338996439442	0.000532614967205087	0.0053775325596347	0.0168734312188284	0.0124267237253432	0	0.00986513098064605	0.00478530752680191	0.00101693378422624	0.00575196931844815	0.0098736474401584	0.000192780047738346	0.0027213056062261	0.00815946077528217	0.00949582291263265	0.000876644425354617
OM2_C_6H_2	0.00747009424690743	0.00347275109010633	0.00472796185877249	0.00270971267331302	0.0129511742100638	0.00690691934024643	0.0119447093352875	0.007149174388468	0.00401061683399169	0.0084690702430443	0.0016201030133031	0.00614761061147407	0.00652382313971896	0.00288653206854003	0.0159144614405274	0.00546503450622404	0.0149190549095974	0.00546998188964333	0.00909597196521445	0.000710458266857607	0.00724823994250566	0.0167893722820676	0.00465131077282159	0.00302268198269327	0.0124684098438124	0.00933253303055776	0.015242383047844	0.00700870577509118	0.00256170185122604	0.00986513098064605	0	0.0146501985933891	0.0108820268838061	0.00411324269692067	0.0197381116890977	0.00967235731635871	0.0125863193562766	0.0180240885742509	0.000369320084008399	0.00898851353243842
OM2_C_6H_3	0.00718037698652132	0.0111776448711988	0.0099224752420476	0.0173596719559647	0.00169913619705958	0.0215563601467588	0.00270565348042269	0.00750129680054915	0.0106397987184678	0.0231182721606497	0.0130302029333695	0.00850285370575469	0.00812664495472319	0.0175364731343868	0.0305621818391659	0.00918541928345745	0.000268876696014423	0.0201196204343454	0.00555448340667141	0.0139397906941476	0.00740223137192486	0.00213935615540033	0.00999912427526078	0.017672608804514	0.00218192698575404	0.00531791779468166	0.000592230315667653	0.0216581317752041	0.0172116761376271	0.00478530752680191	0.0146501985933891	0	0.00376838010027105	0.010537176259217	0.00508842324278785	0.00497808598234843	0.00206401123839057	0.00337419891365005	0.0142809053335562	0.00566194371694092
OM2_H_2A_1	0.00341202889749673	0.00740937300511276	0.00615417493983999	0.0135916003294584	0.00206924849611121	0.017788481535982	0.00106273037609684	0.00373295328823817	0.00687151416263543	0.0193504771900117	0.0092619805707393	0.00473452620864695	0.00435831113431627	0.0137684087073084	0.0267948736322424	0.0054171042039168	0.00403725537845509	0.016351670542468	0.00178611626818156	0.0101715959258646	0.00363388641808135	0.00590771974732018	0.00623082559138071	0.0139045499767877	0.00158645763643239	0.00154954846036439	0.00436060704253214	0.0178902584191515	0.0134435985476723	0.00101693378422624	0.0108820268838061	0.00376838010027105	0	0.00676888936812959	0.00885674448146101	0.00120971374971078	0.0017043734573601	0.00714254753555405	0.0105127214723484	0.00189357762425743
OM2_H_2A_2	0.00335688736909049	0.000640494785344324	0.000614723314460394	0.00682292893147732	0.00883809493108842	0.0110200531312762	0.00783160020437865	0.00303596269557603	0.000102626450858928	0.0125821604408959	0.00249314545672622	0.00203438578149678	0.00241060290859271	0.00699974587096459	0.0200272475028869	0.00135180236403838	0.0108060423403972	0.00958314959813686	0.00498279399823617	0.00340278788575292	0.0031350297046029	0.0126764333439877	0.000538071651829161	0.00713589383322626	0.00835531588557055	0.00521935989854014	0.0111293824948756	0.0111218369389557	0.00667492009621421	0.00575196931844815	0.00411324269692067	0.010537176259217	0.00676888936812959	0	0.0156253090797435	0.00555919140923137	0.00847322892197278	0.0139112037063208	0.00374392458933553	0.00487533342192472
OM2_H_2B_2	0.0122686448554485	0.0162657474051423	0.0150106357683311	0.0224474076402292	0.00678753910076686	0.0266437697698558	0.00779403953281108	0.0125895534780895	0.0157279267836425	0.028205544505971	0.0181182097065894	0.0135910731185885	0.0132148787802993	0.0226241963397027	0.0356486810373372	0.014273611271251	0.00481954883190699	0.0252071487032133	0.0106428023895351	0.019027746011548	0.0124904915429518	0.00294907821363917	0.0150872814196302	0.0227603223257742	0.00727032225244455	0.0104062434371634	0.00449619762310291	0.0267455327167385	0.0222994221826898	0.0098736474401584	0.0197381116890977	0.00508842324278785	0.00885674448146101	0.0156253090797435	0	0.0100664208459234	0.00715240844621706	0.00171423452956399	0.0193688406000923	0.0107502596094361
OM2_H_2B_3	0.00220231830045706	0.00619967853265556	0.00494447395886833	0.0123819572377598	0.00327895940004041	0.0165788916543899	0.00227244311289131	0.00252324349036533	0.00566181673919356	0.0181409109028439	0.00805229812332757	0.00352481946105646	0.00314860314221265	0.0125587675579624	0.0255854481034474	0.00420740001772721	0.00524696024402847	0.0151420607737882	0.000576402950415084	0.00896192043856841	0.00242417636431025	0.00711741586372584	0.00502112496990769	0.0126949103409667	0.00279616952551803	0.000339834931448648	0.00557031060531259	0.0166806700122651	0.0122339538503171	0.000192780047738346	0.00967235731635871	0.00497808598234843	0.00120971374971078	0.00555919140923137	0.0100664208459234	0	0.00291408512387684	0.00835223626859799	0.00930304877459893	0.000683864417778804
OM2_H_2C_1	0.00511639203739138	0.00911370654417276	0.00785851980990191	0.0152958508373347	0.000364875485007093	0.0194926498569	0.000641643484156115	0.00543731474947326	0.00857585278538411	0.0210546095830943	0.0109662939783875	0.00643888164766066	0.00606266897455169	0.0154726561743839	0.0284987949225186	0.00712145485890328	0.00233288748576598	0.0180558693533262	0.00349048604120643	0.0118758979616463	0.00533824841050583	0.00420336096065205	0.00793516982294888	0.0156087950772022	0.000117915931626383	0.00325391893808042	0.00265624042854218	0.0195944244873394	0.0151478515724246	0.0027213056062261	0.0125863193562766	0.00206401123839057	0.0017043734573601	0.00847322892197278	0.00715240844621706	0.00291408512387684	0	0.00543819702527599	0.0122170189907499	0.00359794705529554
OM2_H_2F_1	0.0105544872609971	0.0145516535176911	0.0132965198299021	0.0207334497156745	0.00507332502957286	0.0249299300846772	0.00607983315610778	0.010875400296881	0.0140138232177925	0.0264917541898389	0.0164041517896235	0.0118769344980842	0.0115007345505826	0.0209102429729022	0.0339351660459249	0.0125594832573491	0.00310532319390538	0.0234932661750886	0.0089286243173605	0.0173137072505563	0.0107763369863459	0.00123484584758623	0.0133731667740623	0.0210463724937795	0.00555611172181064	0.00869206264735267	0.00278197052478633	0.0250316961597215	0.0205854604715901	0.00815946077528217	0.0180240885742509	0.00337419891365005	0.00714254753555405	0.0139112037063208	0.00171423452956399	0.00835223626859799	0.00543819702527599	0	0.0176548092768933	0.00903608279370264
OM2_H_2F_2	0.00710078096842282	0.0031034323893533	0.00435864441942278	0.00307903168567934	0.0125818750213863	0.00727623296461034	0.0115754069828767	0.00677986052345745	0.00364129862427833	0.00883838070365581	0.00125078318931661	0.00577829508567057	0.00615450820760069	0.00325585094535961	0.0162837481680502	0.00509571799590052	0.0145497626556309	0.00583929786907549	0.00872666206370937	0.000341138213726158	0.00687892625573327	0.0164200875372156	0.00428199324487165	0.00339200074970549	0.0120991091052495	0.00896322367682642	0.0148730920280334	0.00737801921246597	0.00293102097086999	0.00949582291263265	0.000369320084008399	0.0142809053335562	0.0105127214723484	0.00374392458933553	0.0193688406000923	0.00930304877459893	0.0122170189907499	0.0176548092768933	0	0.00861920338685777
OM2_H_2F_3	0.00151845467592079	0.00551582222868338	0.00426061453912228	0.0116981272047589	0.00396282073651408	0.0158950898188078	0.00295630593748019	0.00183938017363223	0.00497795900848246	0.0174571217049881	0.0073684477854702	0.0028409574188675	0.00246474056543344	0.011874938543654	0.0249017351423061	0.0035235391170098	0.00593081728324413	0.0144582483402832	0.000107461481694457	0.00827807362698939	0.0017403129472986	0.00780126711710146	0.00433726571899807	0.0120110821211892	0.00348003163577006	0.000344029513885108	0.00625416676288195	0.0159968689647075	0.011550122976033	0.000876644425354617	0.00898851353243842	0.00566194371694092	0.00189357762425743	0.00487533342192472	0.0107502596094361	0.000683864417778804	0.00359794705529554	0.00903608279370264	0.00861920338685777	0
