	OM2_B_B_1	OM2_B_B_2	OM2_B_B_3	OM2_B_C_1	OM2_B_C_2	OM2_B_C_3	OM2_C_4A_1	OM2_C_4A_2	OM2_C_4A_3	OM2_C_4B_1	OM2_C_4B_2	OM2_C_4B_3	OM2_C_4C_1	OM2_C_4C_2	OM2_C_4C_3	OM2_C_4E_1	OM2_C_4E_2	OM2_C_4E_3	OM2_C_4F_1	OM2_C_4F_2	OM2_C_4F_3	OM2_C_4G_1	OM2_C_4G_2	OM2_C_4G_3	OM2_C_4H_1	OM2_C_4H_3	OM2_C_5A_2	OM2_C_5A_3	OM2_C_5F_1	OM2_C_5F_2	OM2_C_5F_3	OM2_C_5G_1	OM2_C_5G_2	OM2_C_5G_3	OM2_C_6E_1	OM2_C_6E_2	OM2_C_6E_3	OM2_C_6F_1	OM2_C_6F_2	OM2_C_6F_3	OM2_C_6G_1	OM2_C_6G_2	OM2_C_6G_3	OM2_C_6H_1	OM2_C_6H_2	OM2_C_6H_3	OM2_H_2A_1	OM2_H_2A_2	OM2_H_2A_3	OM2_H_2B_1	OM2_H_2B_2	OM2_H_2B_3	OM2_H_2C_1	OM2_H_2C_2	OM2_H_2C_3	OM2_H_2F_1	OM2_H_2F_2	OM2_H_2F_3
OM2_B_B_1	0	0.0200656169681799	0.0109604252615711	0.0122073752257032	0.0197615999412628	0.0486134695120093	0.025297391814768	0.0229161590305118	0.0277951109171472	0.0498148245442006	0.0785221242827346	0.088269811927387	0.0764538285391051	0.0159799432980087	0.0652836526985207	0.0696544581410726	0.0523763044715431	0.0682970946068963	0.0576811490640106	0.0479543347481584	0.0481140120152932	0.007526632833148	0.0134379109161308	0.0419608507512161	0.023804223051256	0.0362138779618342	0.0743538369452136	0.0644953271056093	0.0301719737581335	0.0155184701035334	0.0258127714331278	0.0279481684725682	0.0174194057892717	0.0446277343078522	0.0207848160301461	0.0289926610879114	0.0865865793686932	0.0414138599644689	0.0291608129404851	0.0818510926508512	0.02503907970286	0.0497245549532777	0.0600924238172745	0.0350275448528243	0.0538554092350398	0.0702941198524482	0.0745514044373852	0.0928677929524346	0.0835565639531336	0.103440011765518	0.0897387970419447	0.0632080368797432	0.0257356490825065	0.013135838465753	0.0442584169453421	0.0225867944925586	0.0325208545091278	0.0174987840738445
OM2_B_B_2	0.0200656169681799	0	0.0166036806534319	0.0230327375832078	0.00762622676216743	0.0685534683166419	0.0449327482524891	0.00735351778054554	0.0449433470173632	0.0685857149704089	0.0980773689760725	0.107207431482529	0.0956077484215346	0.0219052860022982	0.0839705616963682	0.0887224131052499	0.0685278029429483	0.0861956175120725	0.0760852888814662	0.0669989429108464	0.0657375208103916	0.0182041102763555	0.0311084793818773	0.0597656135086952	0.0427478753752553	0.0238847013331662	0.0937985141812308	0.0839219857739187	0.0112824066644091	0.00610636181527537	0.0407493159412256	0.0138566873533348	0.00415990915903115	0.0624497605463491	0.0367123494943097	0.047060696164851	0.106126125872939	0.0266775669004233	0.048358481923123	0.101297620183874	0.0384753317077099	0.0314163743661871	0.0794662044989799	0.0167547450003473	0.0341767020110059	0.0902431041455613	0.0939348491108567	0.0964601824422858	0.101288903252687	0.121343301953701	0.107358327718895	0.0809699650701695	0.0438760399579246	0.0193713203585575	0.0616561479535409	0.0115355078046218	0.0501131867114821	0.0238849826625797
OM2_B_B_3	0.0109604252615711	0.0166036806534319	0	0.0069409796174696	0.0124285485038507	0.0557640893386338	0.0313383578918446	0.0179266496715424	0.028813260758542	0.0529361719914982	0.0836466279111134	0.0914862442614577	0.0800830751187505	0.00846400184443865	0.0681005266698317	0.0731261893874923	0.0520937392405849	0.0699398053492445	0.0601045244575159	0.0514966898453946	0.0495533011246082	0.00617774201195169	0.0159693150242157	0.0437037904681704	0.0278833635598247	0.0261124890027031	0.078649525620904	0.0687628819108424	0.0244631429092708	0.0135165789216761	0.0244019738972241	0.0288484907698587	0.0132886222160187	0.0463267359837528	0.020392018199559	0.0312554702691488	0.0912878278398918	0.0320803420064557	0.0334437737924548	0.0863472046086554	0.0222299748282505	0.0418555567940083	0.0643643152554622	0.028257014035024	0.050040842926895	0.0772181506740988	0.0786943062635326	0.0848235066167275	0.0850191974155755	0.105266860882696	0.0910938568858391	0.0647009165003935	0.0283136524612843	0.00559061155146996	0.045321400417596	0.0169398850692098	0.0340417933799012	0.00975474505429418
OM2_B_C_1	0.0122073752257032	0.0230327375832078	0.0069409796174696	0	0.0186192102475191	0.0510638238661156	0.0272875069446695	0.0232393638223416	0.0226254654637333	0.0467185943898227	0.0785342799206328	0.08543246384726	0.0741300955146004	0.00592137429124701	0.0620546608780506	0.0671623008966571	0.0458284413708524	0.0637966935540119	0.0538766452477346	0.0455737886048387	0.0430983538695218	0.00848653044469073	0.0107937373535875	0.0372685828126221	0.0221054584881365	0.0298477639360707	0.0728856367260189	0.0629436815585294	0.030180391761704	0.0199759413924483	0.0188860493823326	0.0347208495586521	0.0199896004767105	0.0399443331470141	0.014135376353877	0.0251666995363167	0.0858748445045664	0.0360486935479792	0.0283651962644733	0.0809538872923052	0.0156846396680546	0.0468579127646069	0.0589050990109967	0.0335794432672668	0.0562547313281078	0.0723677803826298	0.0730025260838554	0.0818734301405751	0.0789859124541267	0.0995550834503065	0.0852149706861205	0.0587090829606116	0.0230585523776437	0.00610367541652873	0.0391504866524984	0.0219287347148285	0.0276761353165737	0.00613102937779911
OM2_B_C_2	0.0197615999412628	0.00762622676216743	0.0124285485038507	0.0186192102475191	0	0.0675357346799656	0.0431638963747311	0.00812448510028602	0.0408175481089722	0.0651693287655392	0.0958860024823857	0.103729837836905	0.0923795586833127	0.0168407221760016	0.0803605987409042	0.0853490947116018	0.0634611945788112	0.0819885436572539	0.0722301215586876	0.0637434634780888	0.0615356828571724	0.0154147907125268	0.0282409406407411	0.0557663436580823	0.0400341264855242	0.0181911058515353	0.090980099978182	0.0810917353397371	0.0125351701402188	0.00886240413876104	0.0358759046635116	0.0211901162837007	0.00595274499315093	0.0584009651309856	0.0324162556377151	0.0433969803225153	0.103471704880427	0.0224467920213105	0.045630551769656	0.0985946330943534	0.0332204087932708	0.0302220144123688	0.0766743442122637	0.0163420376631373	0.0381976611857595	0.0890573370102475	0.090965026760083	0.089000032968615	0.0968601799305055	0.117121884399119	0.102922979383281	0.0767089302686446	0.0407169343629496	0.0142999917247759	0.057363268134399	0.0084180510709481	0.0461699135740832	0.0181772025554152
OM2_B_C_3	0.0486134695120093	0.0685534683166419	0.0557640893386338	0.0510638238661156	0.0675357346799656	0	0.0258593974435594	0.070745239923117	0.0345802949216261	0.0227405277569093	0.0334856681459293	0.0475047420191213	0.0357374613078365	0.0555431829614081	0.030605863702871	0.0315183606584025	0.0394252762008012	0.0379237259348296	0.0288196506566601	0.0207469340829383	0.0302052753847934	0.0527874891847843	0.0403893565075393	0.0285317367156104	0.0298147651336491	0.0807100667865652	0.0314142110604988	0.0236336600578162	0.0783690135115585	0.0638789794495181	0.0415015696243163	0.0740842806938005	0.0658538269137893	0.0285465036741582	0.0404067610422074	0.0307246229669294	0.0424293110884602	0.0869637978211514	0.0254656142751361	0.0383428686412166	0.044843219659739	0.097190973087294	0.0213224790587367	0.0828944408830424	0.101624600969525	0.0221838436354337	0.0327324528611155	0.103694280123664	0.0509049554819857	0.067102539102211	0.0563944664771318	0.0357147131078997	0.0311033246422984	0.0556562624086057	0.0307705619289156	0.0697005925875517	0.0309808926064023	0.0554454427417626
OM2_C_4A_1	0.025297391814768	0.0449327482524891	0.0313383578918446	0.0272875069446695	0.0431638963747311	0.0258593974435594	0	0.0476009062653889	0.0158410678717219	0.0280994410647732	0.0535691134761705	0.0644734001991819	0.0524906987328846	0.0326513503604916	0.0421060223111633	0.0458141610495404	0.0349438518033593	0.0461751570343814	0.0356310811005562	0.0249913514731502	0.0289430145441455	0.0282896457120613	0.0172129355081973	0.0235031301045294	0.0112667239158592	0.056388230768358	0.0500511118157023	0.0405110846321708	0.0548142053269486	0.0398658540785986	0.019581130882631	0.0523634903784273	0.0417063965117987	0.0253753644996724	0.0181079225357599	0.0136987068075489	0.0615671130182832	0.0628043642160607	0.00695731528595422	0.0568357612466689	0.0242058610779059	0.0730234502902586	0.0353785135811344	0.0591724764384863	0.0788036630473213	0.046465655445809	0.0499616319571259	0.0895241973113187	0.060968692657535	0.0798313528727561	0.0669009958268134	0.0411487454814203	0.0107424401068178	0.0314136251385836	0.0251345218765503	0.0455225056833201	0.0172700740941258	0.0322805869828359
OM2_C_4A_2	0.0229161590305118	0.00735351778054554	0.0179266496715424	0.0232393638223416	0.00812448510028602	0.070745239923117	0.0476009062653889	0	0.0455799770110316	0.0692798243722994	0.100377582135524	0.108181638612859	0.0967602373635719	0.0204368866980089	0.0849508657983204	0.0898423710333668	0.0685547752136688	0.0868824084113711	0.0767389834894651	0.0681410757233905	0.0659518865475054	0.0201390807642117	0.0323697844022709	0.0600781419335948	0.0437328643974789	0.0204236386412815	0.0952252548949837	0.0852406954600992	0.00799583538261439	0.0119221771717827	0.0415955250768727	0.017266296737417	0.00969299382046417	0.0628390059539799	0.0372683927165713	0.0478872415234231	0.108069178990909	0.0223718348979126	0.0502952725221866	0.103276800386497	0.0379367810388298	0.0279596455221037	0.0812951730241912	0.0126970005299883	0.0337314114274121	0.0925303954692601	0.095481582377199	0.0949092833695274	0.102038900942942	0.122618689020677	0.108318250116368	0.0818608300830333	0.0455743783369073	0.019269871637427	0.0622958116421267	0.0100464021777197	0.0505826423876453	0.0223958917700618
OM2_C_4A_3	0.0277951109171472	0.0449433470173632	0.028813260758542	0.0226254654637333	0.0408175481089722	0.0345802949216261	0.0158410678717219	0.0455799770110316	0	0.0249689200532519	0.0579984521594703	0.0633038112282943	0.0521382936243609	0.026647154506093	0.0399447051781889	0.0448935598191643	0.024641515858414	0.0416925716059842	0.0315081979819916	0.0236309683019718	0.0211699559700371	0.0272720359232911	0.0153334357129245	0.0154049625408039	0.00945920213327512	0.0497778436834402	0.0513330366498269	0.0415078569029256	0.0526292655864821	0.0407362612043869	0.00815833618645137	0.0551665725329175	0.0415954620393068	0.0179090753751053	0.00858196275120506	0.00391612974881808	0.0642238585656273	0.0563764283945541	0.0109946739860039	0.0594271637675727	0.0110425018668978	0.068316899286642	0.0376149779594136	0.0558160009584776	0.0786659810541664	0.0536084788648468	0.0511014703267816	0.0763178983663061	0.0567488617607444	0.0774753765075929	0.0631889047352178	0.0365712666888595	0.00910560335143894	0.026947539934899	0.0171778273224167	0.042725227859644	0.00626202060354474	0.0250263874455816
OM2_C_4B_1	0.0498148245442006	0.0685857149704089	0.0529361719914982	0.0467185943898227	0.0651693287655392	0.0227405277569093	0.0280994410647732	0.0692798243722994	0.0249689200532519	0	0.0361336878373816	0.039156913161663	0.0278509046230665	0.0503051564296275	0.0164364489864652	0.0211895498107342	0.0179677402887146	0.0205423167499187	0.00912443750055264	0.005211461978862	0.00848431477677685	0.0511646116100786	0.0376122420422252	0.0106956716397363	0.0261801049922528	0.0740203687648617	0.0272121922715679	0.0174625317766841	0.0766670903439588	0.0643254596494334	0.0319633924333557	0.0775051172529488	0.065457414670542	0.00887574186854812	0.0330788669846034	0.0220555394903451	0.0414749719426344	0.0806214975351259	0.0223284300627437	0.0367637097066899	0.0344657384744498	0.092707787574989	0.0164183207254842	0.0800318982426112	0.102355558095381	0.0342063380180797	0.0276839947092955	0.0836193180081941	0.0361281785997444	0.056550569569793	0.0428200974623225	0.0175566689026083	0.0260780176385257	0.0514737513368377	0.0120907207180335	0.0671550100557999	0.0193282940833811	0.0491309412539198
OM2_C_4B_2	0.0785221242827346	0.0980773689760725	0.0836466279111134	0.0785342799206328	0.0958860024823857	0.0334856681459293	0.0535691134761705	0.100377582135524	0.0579984521594703	0.0361336878373816	0	0.0231255783329528	0.0174476930333733	0.082983475483532	0.0250287573306475	0.0210749506832288	0.0476700158975672	0.0305456766428163	0.0328233704704309	0.0354322116472066	0.0429575418641478	0.0813851466850656	0.0683399038486702	0.0461126429326244	0.0575201920572888	0.106530770792736	0.0131396584135675	0.0195819414376851	0.107644630613497	0.0932018597994607	0.0638666328557744	0.105147187327849	0.0948577868269498	0.0439537544307077	0.0655908368079693	0.0547925290131573	0.0130100208476773	0.113472599108433	0.0507728893590029	0.00870794752312295	0.0684874944785639	0.124844357845148	0.0206823071470048	0.111681469561403	0.131612612792946	0.0184921799995895	0.0135698271848797	0.106620762263984	0.0329290469617405	0.0394743005200983	0.0345276048105132	0.0323415388857646	0.0557628159100841	0.0833139431415822	0.0448227137313668	0.0984102956686976	0.0532803570631359	0.0821970227068227
OM2_C_4B_3	0.088269811927387	0.107207431482529	0.0914862442614577	0.08543246384726	0.103729837836905	0.0475047420191213	0.0644734001991819	0.108181638612859	0.0633038112282943	0.039156913161663	0.0231255783329528	0	0.0121514012043724	0.088998600690605	0.0235085330208875	0.019198377433204	0.0451117572591694	0.0240027579520456	0.0320681977030987	0.0406164141663481	0.0433628020977873	0.089752790371091	0.0763279328851959	0.0486752296081506	0.0650491588600846	0.111526979625243	0.0162862519304727	0.0247324075900155	0.115427715854906	0.102742388793174	0.0691623016908982	0.11587299392571	0.103941607483977	0.0459898214792935	0.0715647919371601	0.0606963571659644	0.0171822450591461	0.118323710457489	0.0596176699714464	0.0165820114330151	0.0724096894318748	0.130780329699263	0.0298059706519414	0.118674507097993	0.140923859740857	0.0357063205432292	0.016250453730173	0.0985260981740881	0.0177013382123955	0.0243248805446541	0.0188117101173006	0.0293503094974632	0.0637989567991301	0.0901302038720787	0.0471725437139815	0.105744366525355	0.0579387313730309	0.0876737439204211
OM2_C_4C_1	0.0764538285391051	0.0956077484215346	0.0800830751187505	0.0741300955146004	0.0923795586833127	0.0357374613078365	0.0524906987328846	0.0967602373635719	0.0521382936243609	0.0278509046230665	0.0174476930333733	0.0121514012043724	0	0.0778906381689144	0.0129424388302618	0.0081787071687301	0.0363872744992469	0.0166973985827102	0.0216515984118315	0.0289776352533207	0.033054904331126	0.078186341553163	0.0647442818392357	0.0378421516875274	0.0533647432147618	0.100986487739064	0.00581569731381256	0.0126415280441833	0.104081478771456	0.0910759528141611	0.0582743030091232	0.104011394290096	0.092369977522259	0.0352726298614406	0.0603646778646161	0.0493191136808402	0.0170827296231697	0.107775029220193	0.0478167679737103	0.0133278535783819	0.0616954597309667	0.119990919226995	0.0179489714434547	0.107514045493417	0.129420304180512	0.0270839005937492	0.00638996724127631	0.0951747606939635	0.0193899504710513	0.0331907744032347	0.0236195841633374	0.0208553797310906	0.0522576446631751	0.0788574282559076	0.0366555871677254	0.0944313049128808	0.0468033608034488	0.0766794795833696
OM2_C_4C_2	0.0159799432980087	0.0219052860022982	0.00846400184443865	0.00592137429124701	0.0168407221760016	0.0555431829614081	0.0326513503604916	0.0204368866980089	0.026647154506093	0.0503051564296275	0.082983475483532	0.088998600690605	0.0778906381689144	0	0.0657043293567917	0.0710248546133152	0.0487611158926478	0.0671455488227478	0.0574112732128072	0.049632186303595	0.0462501560068108	0.0120225664308323	0.0156408541610556	0.040587881402967	0.0263140884954665	0.0259270848123898	0.0768350222288009	0.0668770116480444	0.0271753214843176	0.0203789479800182	0.023012447396587	0.0341313665658857	0.0195448316914247	0.0432950046202391	0.0182935272118363	0.0293324318092979	0.0902488651085255	0.0318871489827952	0.0333440597306637	0.0852981070156732	0.0180948120476398	0.0429660948312796	0.0632521742159406	0.0300245421109126	0.0535239178265882	0.0769073419013494	0.0771245276692321	0.0815049852638764	0.0823958404287593	0.10324475793612	0.0886825831737968	0.0622668382402415	0.0276578788406378	0.00728219397367828	0.0426521429575772	0.0203816629451015	0.0312737062588368	0.00367241861378969
OM2_C_4C_3	0.0652836526985207	0.0839705616963682	0.0681005266698317	0.0620546608780506	0.0803605987409042	0.030605863702871	0.0421060223111633	0.0849508657983204	0.0399447051781889	0.0164364489864652	0.0250287573306475	0.0235085330208875	0.0129424388302618	0.0657043293567917	0	0.00742494070195974	0.0241058001244089	0.00798350137268748	0.00948816535413067	0.0178823172541665	0.02055309973378	0.0665098034807541	0.0530735375281362	0.0255439655129229	0.0420729843270655	0.0883616955321971	0.0144177614225393	0.00952682327265294	0.0921353096349209	0.0795607839462704	0.0458286792538567	0.0930802927776246	0.0806651212110681	0.0228290111288354	0.0481505494561622	0.0374088350341473	0.0280466101830462	0.0952076907818586	0.0367205697397639	0.0232296779997841	0.04918245234263	0.107571459156857	0.0118383920031607	0.0953824345052229	0.117741923705371	0.0308402289594334	0.014260340093168	0.0854262137949072	0.0213411085269752	0.040541183163072	0.0274164877511576	0.00963467904005277	0.0405063807783713	0.0667910400322588	0.0238784450728433	0.0825383484865111	0.0345984287307979	0.0643734321434444
OM2_C_4E_1	0.0696544581410726	0.0887224131052499	0.0731261893874923	0.0671623008966571	0.0853490947116018	0.0315183606584025	0.0458141610495404	0.0898423710333668	0.0448935598191643	0.0211895498107342	0.0210749506832288	0.019198377433204	0.0081787071687301	0.0710248546133152	0.00742494070195974	0	0.0293605994140451	0.0125614147054863	0.0145235274411123	0.0218222738098839	0.02618581862605	0.0710581527411872	0.0579741202164051	0.0308867182298038	0.0466156727324477	0.0939602975238558	0.00987714112164565	0.00894263022523249	0.0971282249664113	0.0840984953347297	0.0509467242226596	0.0972620389512767	0.0854202603780256	0.0283089457824867	0.053273001557905	0.042139363492396	0.0217944937404094	0.100687396860657	0.0408385641914928	0.0178233380217966	0.0545542419728129	0.112925056717154	0.012786409256665	0.100508111418415	0.122637585670422	0.0270777170896475	0.00825307057957438	0.0903207861490974	0.0199698712515933	0.0373851699864323	0.0258672363061523	0.0149835155986197	0.0456158448150866	0.0716746504369853	0.029666797102363	0.0871049945844955	0.0398102473171001	0.0696491674416492
OM2_C_4E_2	0.0523763044715431	0.0685278029429483	0.0520937392405849	0.0458284413708524	0.0634611945788112	0.0394252762008012	0.0349438518033593	0.0685547752136688	0.024641515858414	0.0179677402887146	0.0476700158975672	0.0451117572591694	0.0363872744992469	0.0487611158926478	0.0241058001244089	0.0293605994140451	0	0.0217256535576463	0.0161382962942336	0.0187998474365985	0.0107187923060561	0.0511394273225454	0.0397120838273523	0.0144037126048197	0.0314162334422467	0.0685216541374118	0.0381846946461479	0.0306571139377933	0.0751107127553882	0.0645152505904836	0.028236403054224	0.0794164170128025	0.0650696371024371	0.0126437579800815	0.0321977312279367	0.0242579171401402	0.0502377813889586	0.0751760342692144	0.028025427069566	0.0458624682183771	0.0307521911652198	0.0881688192049387	0.0286929691488602	0.0774489185006135	0.101449484559158	0.0496735103571985	0.0370568245770816	0.066309333519787	0.0347167661500049	0.0561822798760438	0.0413023805129962	0.0171692463000099	0.029486238634443	0.0497018062016718	0.0111486812186311	0.0649501387941568	0.0210736550540907	0.0465559842237361
OM2_C_4E_3	0.0682970946068963	0.0861956175120725	0.0699398053492445	0.0637966935540119	0.0819885436572539	0.0379237259348296	0.0461751570343814	0.0868824084113711	0.0416925716059842	0.0205423167499187	0.0305456766428163	0.0240027579520456	0.0166973985827102	0.0671455488227478	0.00798350137268748	0.0125614147054863	0.0217256535576463	0	0.0120657658633969	0.0223044921939981	0.0215737785566443	0.0687439768626592	0.0556468930685888	0.0273890271586621	0.0453285443337309	0.0884948510007761	0.0201657676129101	0.0174389299320423	0.0938028071074225	0.0819310419159801	0.0467431668532702	0.0961050369481995	0.0827901339771882	0.0244863160462312	0.0498026844507672	0.0397752116897089	0.0316357383181523	0.0953820278549409	0.0402066275809345	0.0272265241514756	0.0499352739748279	0.108113852720791	0.0188570941939584	0.0966663267740545	0.119699589005534	0.0384439354643399	0.0192388873949743	0.0790291691907432	0.0163835372083476	0.0372631138078766	0.0227659018006839	0.00631322036364789	0.0431840602683553	0.0683831090214222	0.0247024476360649	0.0841387947670329	0.036572185500237	0.0655341393318209
OM2_C_4F_1	0.0576811490640106	0.0760852888814662	0.0601045244575159	0.0538766452477346	0.0722301215586876	0.0288196506566601	0.0356310811005562	0.0767389834894651	0.0315081979819916	0.00912443750055264	0.0328233704704309	0.0320681977030987	0.0216515984118315	0.0574112732128072	0.00948816535413067	0.0145235274411123	0.0161382962942336	0.0120657658633969	0	0.0110012429509209	0.011737922980394	0.0584250185772168	0.0453259159773599	0.0169105805625686	0.034354523025661	0.0800056887431436	0.0226092303115968	0.0146987664503005	0.083925358779939	0.0717368224184212	0.0375497979207673	0.0854371784192801	0.0727923710265132	0.014186646158552	0.0398801227902103	0.029134978130462	0.036005661473209	0.0866936027073287	0.0296034107800835	0.0315220054585032	0.0405281121096603	0.0991383311024334	0.014703367020837	0.0870338716394352	0.109838189533219	0.034700392429635	0.022164579897938	0.0808230153781565	0.0271733057452737	0.0480229334689723	0.034056635871146	0.00959089072131713	0.0333831925427954	0.0583942306488418	0.015762726795659	0.0740230217473153	0.0262641710206133	0.0558974180556759
OM2_C_4F_2	0.0479543347481584	0.0669989429108464	0.0514966898453946	0.0455737886048387	0.0637434634780888	0.0207469340829383	0.0249913514731502	0.0681410757233905	0.0236309683019718	0.005211461978862	0.0354322116472066	0.0406164141663481	0.0289776352533207	0.049632186303595	0.0178823172541665	0.0218222738098839	0.0187998474365985	0.0223044921939981	0.0110012429509209	0	0.0107838459981462	0.0493540990372028	0.0362453551412356	0.0115251960290268	0.0248998419416662	0.0732520829065497	0.0278757053699375	0.0181104472954299	0.0754796755274228	0.0624262449009674	0.0303309733948872	0.0756713010633591	0.0637415607254845	0.0100311679098394	0.0318730707656468	0.0205478457532494	0.0409851866145197	0.079902681661781	0.0194166552723589	0.0363042732288236	0.0339238987076604	0.091806574812138	0.0149590087511056	0.0789995747511251	0.100978992998197	0.0329104369610368	0.0276794931150223	0.0841450235610565	0.0372219502992016	0.0571025085404301	0.0437363314431088	0.0183724666418219	0.0243255325324659	0.0501215116881113	0.012064781712262	0.0655931666677932	0.0187255454071513	0.0483867000777366
OM2_C_4F_3	0.0481140120152932	0.0657375208103916	0.0495533011246082	0.0430983538695218	0.0615356828571724	0.0302052753847934	0.0289430145441455	0.0659518865475054	0.0211699559700371	0.00848431477677685	0.0429575418641478	0.0433628020977873	0.033054904331126	0.0462501560068108	0.02055309973378	0.02618581862605	0.0107187923060561	0.0215737785566443	0.011737922980394	0.0107838459981462	0	0.0483178335509021	0.0352520179200064	0.00621378964412225	0.0250558330180516	0.0687000306120673	0.0335461722269404	0.0245155614512356	0.0730559544931056	0.0617214818470157	0.0272706649536277	0.0757131994497282	0.0625147105627983	0.00364136634118845	0.0292353506765811	0.0193546630864639	0.0474257048870564	0.0753373805338865	0.0222483247170483	0.0427181389439743	0.0292414538208539	0.0878787111281901	0.0230933050242011	0.0759582450467128	0.0991984224756143	0.0424703184313465	0.0335401354784856	0.0757066785119822	0.0371167009060163	0.0585019061416039	0.0439142399067341	0.0176904417908917	0.0243017287301138	0.0476745880498813	0.00641309500878087	0.0634524504683752	0.0157163566691847	0.0446896278336334
OM2_C_4G_1	0.007526632833148	0.0182041102763555	0.00617774201195169	0.00848653044469073	0.0154147907125268	0.0527874891847843	0.0282896457120613	0.0201390807642117	0.0272720359232911	0.0511646116100786	0.0813851466850656	0.089752790371091	0.078186341553163	0.0120225664308323	0.0665098034807541	0.0710581527411872	0.0511394273225454	0.0687439768626592	0.0584250185772168	0.0493540990372028	0.0483178335509021	0	0.0147074784529186	0.0423471578805032	0.0257583020767119	0.0304818175882424	0.0765792677421339	0.0666864203466167	0.0270419777730377	0.0136528433045513	0.023539866540092	0.0285270757629927	0.0148636066394152	0.0449942730668345	0.019517230425212	0.0293460054898161	0.0887612896781907	0.0358999872637978	0.0308954836248031	0.0840520528980908	0.0222749736890161	0.0451883529470495	0.0622001450226443	0.0312044941532966	0.0521677289939511	0.0740845957931378	0.0764588746284129	0.0871847899036962	0.0836416371947769	0.103823103571588	0.0898671675594061	0.0634502399020408	0.0271165473214117	0.00652989938854468	0.0442441888160915	0.0174369781312456	0.032749370504204	0.012471343230204
OM2_C_4G_2	0.0134379109161308	0.0311084793818773	0.0159693150242157	0.0107937373535875	0.0282409406407411	0.0403893565075393	0.0172129355081973	0.0323697844022709	0.0153334357129245	0.0376122420422252	0.0683399038486702	0.0763279328851959	0.0647442818392357	0.0156408541610556	0.0530735375281362	0.0579741202164051	0.0397120838273523	0.0556468930685888	0.0453259159773599	0.0362453551412356	0.0352520179200064	0.0147074784529186	0	0.0291537330164402	0.0121214367638972	0.0404797068426673	0.0631015241650913	0.0531518307314378	0.0397038505848799	0.0271520498349134	0.0148102878790645	0.0408738362447734	0.0280775101956516	0.031826073738161	0.00862124361962427	0.0166834716368727	0.0760990576997784	0.0467907496298984	0.0185597105748036	0.0711514002981933	0.0140156939778358	0.0573537100069452	0.0490740636361601	0.0436332282120143	0.0649735567738371	0.0618277696462572	0.0633939415940078	0.0845168391296897	0.0711626943399645	0.0914334478954268	0.077379187939075	0.050682979076871	0.013521664542692	0.0160331610428868	0.0313903536060277	0.0314159678598027	0.0195868502421608	0.0158120495210599
OM2_C_4G_3	0.0419608507512161	0.0597656135086952	0.0437037904681704	0.0372685828126221	0.0557663436580823	0.0285317367156104	0.0235031301045294	0.0600781419335948	0.0154049625408039	0.0106956716397363	0.0461126429326244	0.0486752296081506	0.0378421516875274	0.040587881402967	0.0255439655129229	0.0308867182298038	0.0144037126048197	0.0273890271586621	0.0169105805625686	0.0115251960290268	0.00621378964412225	0.0423471578805032	0.0291537330164402	0	0.0188659344333788	0.0636977099924408	0.0376269472233239	0.0280052789167743	0.0672775955778813	0.0557279577713816	0.0221763109538395	0.0695777893937137	0.0565826399942437	0.00292710848103032	0.0234540587693123	0.013332878513287	0.0514925600115632	0.0703014012457549	0.0168197907096541	0.046710799985788	0.0240462143672334	0.0826146279644794	0.0257511814195019	0.070343614535569	0.0933382262869426	0.0437628095469046	0.0377454259184832	0.0770928958939492	0.0430069052073905	0.0641565412427072	0.049721358826695	0.0231489990929928	0.0185908939043723	0.0419198752437331	0.00595070330765202	0.0577346378693995	0.00969687628330674	0.0391561147657422
OM2_C_4H_1	0.023804223051256	0.0427478753752553	0.0278833635598247	0.0221054584881365	0.0400341264855242	0.0298147651336491	0.0112667239158592	0.0437328643974789	0.00945920213327512	0.0261801049922528	0.0575201920572888	0.0650491588600846	0.0533647432147618	0.0263140884954665	0.0420729843270655	0.0466156727324477	0.0314162334422467	0.0453285443337309	0.034354523025661	0.0248998419416662	0.0250558330180516	0.0257583020767119	0.0121214367638972	0.0188659344333788	0	0.051525710951053	0.0516541798549866	0.0416197595192623	0.0512945965886038	0.0385697219855457	0.0153791023320345	0.051438422740883	0.0398124713668817	0.0215474379383827	0.0113868353676265	0.00774363786910182	0.0648836911979871	0.0578001825855064	0.00959530740203858	0.0600979196153372	0.0162507939607078	0.0688038604954058	0.0380842347420023	0.0551498038165583	0.0765892297774713	0.0507619371454986	0.0520621302548245	0.0853223317728131	0.0609456858203448	0.0813039399038883	0.0674083881930178	0.0407365321539231	0.00831914350999738	0.0269568231184938	0.0221802727950825	0.0422963255333778	0.0105864090596144	0.0258545130015786
OM2_C_4H_3	0.0362138779618342	0.0238847013331662	0.0261124890027031	0.0298477639360707	0.0181911058515353	0.0807100667865652	0.056388230768358	0.0204236386412815	0.0497778436834402	0.0740203687648617	0.106530770792736	0.111526979625243	0.100986487739064	0.0259270848123898	0.0883616955321971	0.0939602975238558	0.0685216541374118	0.0884948510007761	0.0800056887431436	0.0732520829065497	0.0687000306120673	0.0304818175882424	0.0404797068426673	0.0636977099924408	0.051525710951053	0	0.100468223975122	0.0907594458307419	0.018388587884481	0.0267807320883953	0.0436912513498178	0.0352886590250615	0.0236419583632426	0.0661207479224712	0.0417332633644302	0.0531289326116919	0.113372220308574	0.00771527640642013	0.0571532300896028	0.10836692658273	0.0398120510173635	0.0202930240710022	0.0866787585297053	0.0157356836935118	0.0389007127689418	0.101721353078146	0.100334568439993	0.0796828785624893	0.102658723641404	0.123081788199288	0.108505118351799	0.0833554342868578	0.0513080736996867	0.0260605529642308	0.0646201130701573	0.0200368097559878	0.0548387441986936	0.0259879257332944
OM2_C_5A_2	0.0743538369452136	0.0937985141812308	0.078649525620904	0.0728856367260189	0.090980099978182	0.0314142110604988	0.0500511118157023	0.0952252548949837	0.0513330366498269	0.0272121922715679	0.0131396584135675	0.0162862519304727	0.00581569731381256	0.0768350222288009	0.0144177614225393	0.00987714112164565	0.0381846946461479	0.0201657676129101	0.0226092303115968	0.0278757053699375	0.0335461722269404	0.0765792677421339	0.0631015241650913	0.0376269472233239	0.0516541798549866	0.100468223975122	0	0.0100852234840682	0.102627140244463	0.0891940711501671	0.0577003132421732	0.101670812655433	0.0906242161290309	0.0352670740600979	0.0593914533851085	0.0482523141267388	0.0160935338675774	0.107251996591698	0.0459620401126745	0.0116632429190293	0.0613033243382925	0.11916343612584	0.0153802593519852	0.106298197586937	0.127589911149394	0.0215876562594382	0.0051821533924071	0.0987457290698616	0.0247836964011578	0.0373731737197361	0.0286846051860455	0.0232090728210043	0.0506881851535281	0.0776820396038826	0.0368088363063247	0.0931457982056825	0.0460562768694872	0.0758223446569404
OM2_C_5A_3	0.0644953271056093	0.0839219857739187	0.0687628819108424	0.0629436815585294	0.0810917353397371	0.0236336600578162	0.0405110846321708	0.0852406954600992	0.0415078569029256	0.0174625317766841	0.0195819414376851	0.0247324075900155	0.0126415280441833	0.0668770116480444	0.00952682327265294	0.00894263022523249	0.0306571139377933	0.0174389299320423	0.0146987664503005	0.0181104472954299	0.0245155614512356	0.0666864203466167	0.0531518307314378	0.0280052789167743	0.0416197595192623	0.0907594458307419	0.0100852234840682	0	0.0926800888057038	0.0793771166249816	0.0481349078831656	0.0918999626796772	0.0807825165564978	0.0258342420848013	0.04951555456605	0.0383387406674525	0.0249161790296968	0.0974801672812001	0.0362234939934022	0.0201788358716606	0.0515460021169429	0.109324824989351	0.00800678457703189	0.0963566764602778	0.11774293362988	0.0216719176128655	0.0115959672865366	0.0940915889359734	0.0281873049108068	0.0447305975302605	0.0336127160005011	0.018401255222141	0.0409382164429244	0.0677523700751567	0.0277097527844733	0.0832345970595783	0.0361918074676787	0.0658985626995715
OM2_C_5F_1	0.0301719737581335	0.0112824066644091	0.0244631429092708	0.030180391761704	0.0125351701402188	0.0783690135115585	0.0548142053269486	0.00799583538261439	0.0526292655864821	0.0766670903439588	0.107644630613497	0.115427715854906	0.104081478771456	0.0271753214843176	0.0921353096349209	0.0971282249664113	0.0751107127553882	0.0938028071074225	0.083925358779939	0.0754796755274228	0.0730559544931056	0.0270419777730377	0.0397038505848799	0.0672775955778813	0.0512945965886038	0.018388587884481	0.102627140244463	0.0926800888057038	0	0.0168185687345865	0.0480216722483412	0.0178620066755651	0.0142217735007552	0.0699876624876062	0.0442260703672044	0.0551268682030871	0.11535224541109	0.0181974334806909	0.0575249542443716	0.110513378186823	0.0445536355754705	0.0207844284479318	0.0885578153945822	0.0057607062598095	0.0266887604894349	0.100107503541861	0.10279374840025	0.0965893126996575	0.108789779321565	0.129252031061318	0.114946881958653	0.0886807748196645	0.0526223588545452	0.0259092039712367	0.0692028404859093	0.0134911355834559	0.0577681693614157	0.0288375050693344
OM2_C_5F_2	0.0155184701035334	0.00610636181527537	0.0135165789216761	0.0199759413924483	0.00886240413876104	0.0638789794495181	0.0398658540785986	0.0119221771717827	0.0407362612043869	0.0643254596494334	0.0932018597994607	0.102742388793174	0.0910759528141611	0.0203789479800182	0.0795607839462704	0.0840984953347297	0.0645152505904836	0.0819310419159801	0.0717368224184212	0.0624262449009674	0.0617214818470157	0.0136528433045513	0.0271520498349134	0.0557279577713816	0.0385697219855457	0.0267807320883953	0.0891940711501671	0.0793771166249816	0.0168185687345865	0	0.0365594301059081	0.0162382873034186	0.00349840936876483	0.0583611477385355	0.0327975720816493	0.042728806134445	0.101125951335571	0.0304800079965484	0.0435090309113941	0.0963759697823467	0.0351995012786799	0.0362944178448999	0.0746742551754311	0.0219678436954761	0.0393396971163243	0.0853437191582682	0.0891559614979709	0.0949702468037736	0.0968437324723958	0.116681125343279	0.102886391078818	0.0765861543966641	0.0395462183473307	0.0163530957595203	0.0574951350145893	0.0119118331743441	0.0460856741682507	0.0219648189263486
OM2_C_5F_3	0.0258127714331278	0.0407493159412256	0.0244019738972241	0.0188860493823326	0.0358759046635116	0.0415015696243163	0.019581130882631	0.0415955250768727	0.00815833618645137	0.0319633924333557	0.0638666328557744	0.0691623016908982	0.0582743030091232	0.023012447396587	0.0458286792538567	0.0509467242226596	0.028236403054224	0.0467431668532702	0.0375497979207673	0.0303309733948872	0.0272706649536277	0.023539866540092	0.0148102878790645	0.0221763109538395	0.0153791023320345	0.0436912513498178	0.0577003132421732	0.0481349078831656	0.0480216722483412	0.0365594301059081	0	0.0519800627920048	0.0371089483795973	0.0243099758247377	0.00700130969352128	0.0117746917248408	0.0700085314979781	0.0505408814883779	0.0163967782714183	0.0651366842972122	0.00839414307245324	0.0626368244322602	0.0436074657029096	0.050879206710983	0.0739942943376525	0.0603782906731372	0.057120372617007	0.0719101000927627	0.0611806839785191	0.0815679358040512	0.067289443539296	0.0412234427154927	0.0126353070348046	0.0224986197256794	0.0223900182562713	0.0379631209394851	0.0137294381714262	0.0208339813567262
OM2_C_5G_1	0.0279481684725682	0.0138566873533348	0.0288484907698587	0.0347208495586521	0.0211901162837007	0.0740842806938005	0.0523634903784273	0.017266296737417	0.0551665725329175	0.0775051172529488	0.105147187327849	0.11587299392571	0.104011394290096	0.0341313665658857	0.0930802927776246	0.0972620389512767	0.0794164170128025	0.0961050369481995	0.0854371784192801	0.0756713010633591	0.0757131994497282	0.0285270757629927	0.0408738362447734	0.0695777893937137	0.051438422740883	0.0352886590250615	0.101670812655433	0.0918999626796772	0.0178620066755651	0.0162382873034186	0.0519800627920048	0	0.0169881085703834	0.0723048895363327	0.0475237897457144	0.0566690854571373	0.113481578451454	0.035793891658005	0.0568714644593302	0.108915425401383	0.0500735847212938	0.0358429925698753	0.087512219295489	0.0229195324458792	0.0292426711772953	0.0954961605200227	0.101919830303775	0.109832777949771	0.111237553067776	0.131003296544301	0.117404148111664	0.0909894304706578	0.0535172941717033	0.0313009998191996	0.071950798004462	0.0213096022126293	0.0601103587970879	0.036280879356185
OM2_C_5G_2	0.0174194057892717	0.00415990915903115	0.0132886222160187	0.0199896004767105	0.00595274499315093	0.0658538269137893	0.0417063965117987	0.00969299382046417	0.0415954620393068	0.065457414670542	0.0948577868269498	0.103941607483977	0.092369977522259	0.0195448316914247	0.0806651212110681	0.0854202603780256	0.0650696371024371	0.0827901339771882	0.0727923710265132	0.0637415607254845	0.0625147105627983	0.0148636066394152	0.0280775101956516	0.0565826399942437	0.0398124713668817	0.0236419583632426	0.0906242161290309	0.0807825165564978	0.0142217735007552	0.00349840936876483	0.0371089483795973	0.0169881085703834	0	0.0592170435966468	0.0333950657828884	0.043792946903974	0.102799460961931	0.0274240062819697	0.0450153325811771	0.0979583773243681	0.0353015996509234	0.0334686275892292	0.07615367951137	0.019200794705484	0.0376714807451343	0.0874125007453491	0.0906363568519401	0.0934740606968801	0.0977536522068594	0.117702056074848	0.10376281070464	0.0774673242931429	0.0405480677795654	0.0162732598035266	0.0582568883456021	0.0109031366841942	0.0469104064031711	0.0212355506517919
OM2_C_5G_3	0.0446277343078522	0.0624497605463491	0.0463267359837528	0.0399443331470141	0.0584009651309856	0.0285465036741582	0.0253753644996724	0.0628390059539799	0.0179090753751053	0.00887574186854812	0.0439537544307077	0.0459898214792935	0.0352726298614406	0.0432950046202391	0.0228290111288354	0.0283089457824867	0.0126437579800815	0.0244863160462312	0.014186646158552	0.0100311679098394	0.00364136634118845	0.0449942730668345	0.031826073738161	0.00292710848103032	0.0215474379383827	0.0661207479224712	0.0352670740600979	0.0258342420848013	0.0699876624876062	0.0583611477385355	0.0243099758247377	0.0723048895363327	0.0592170435966468	0	0.0260382587027954	0.0158862401222876	0.0490748277049392	0.0727847876310003	0.0186743941220387	0.0442735980657657	0.0265476334583826	0.0851718003377067	0.0236570479660708	0.0730232371293387	0.0960373290888404	0.0424970092772844	0.0352838469087352	0.0766365845751364	0.0401125616659396	0.0612504751393438	0.0468027662046292	0.0202309196869681	0.0207557045206034	0.0445788762239399	0.00470382993948076	0.0603995732964017	0.0123628082606044	0.0418154719236108
OM2_C_6E_1	0.0207848160301461	0.0367123494943097	0.020392018199559	0.014135376353877	0.0324162556377151	0.0404067610422074	0.0181079225357599	0.0372683927165713	0.00858196275120506	0.0330788669846034	0.0655908368079693	0.0715647919371601	0.0603646778646161	0.0182935272118363	0.0481505494561622	0.053273001557905	0.0321977312279367	0.0498026844507672	0.0398801227902103	0.0318730707656468	0.0292353506765811	0.019517230425212	0.00862124361962427	0.0234540587693123	0.0113868353676265	0.0417332633644302	0.0593914533851085	0.04951555456605	0.0442260703672044	0.0327975720816493	0.00700130969352128	0.0475237897457144	0.0333950657828884	0.0260382587027954	0	0.0115089564078452	0.072371957544283	0.0483470374245089	0.0162818961624943	0.0674672095327518	0.00664256182161319	0.0600619871951322	0.0455005638049574	0.0474263678577408	0.0702786680625874	0.0606308082743958	0.0593240595414944	0.0770578593449691	0.0649416144667729	0.0855803562066973	0.0712394305570143	0.0446708447931531	0.0112963068706105	0.0187490658718759	0.0251287927913081	0.034830243908916	0.0138734241801183	0.0168273268693801
OM2_C_6E_2	0.0289926610879114	0.047060696164851	0.0312554702691488	0.0251666995363167	0.0433969803225153	0.0307246229669294	0.0136987068075489	0.0478872415234231	0.00391612974881808	0.0220555394903451	0.0547925290131573	0.0606963571659644	0.0493191136808402	0.0293324318092979	0.0374088350341473	0.042139363492396	0.0242579171401402	0.0397752116897089	0.029134978130462	0.0205478457532494	0.0193546630864639	0.0293460054898161	0.0166834716368727	0.013332878513287	0.00774363786910182	0.0531289326116919	0.0482523141267388	0.0383387406674525	0.0551268682030871	0.042728806134445	0.0117746917248408	0.0566690854571373	0.043792946903974	0.0158862401222876	0.0115089564078452	0	0.0612006937937011	0.0596590322576326	0.00814738869019743	0.0564375542660078	0.0146211725668763	0.071387760492305	0.0345234059725183	0.0585372897829047	0.0809588843440951	0.0498727999877154	0.0481407574079129	0.0791832423862787	0.0550049305895708	0.0756140840315739	0.0615000032528696	0.0348029578843295	0.00847101062769248	0.029624456897099	0.0157791306298117	0.0452911037687108	0.00468136441192207	0.0279953790888105
